0.9998803094929802 -0.0006153757109717293 0.015459236752101221 0.06455050712748273 0.0006820658696469204 0.9999904834604144 -0.004309034086284463 -0.0013636589286061167 -0.015456437958748251 0.004319062553569308 0.9998712138192026 1.6441357642623124
0.9989748330434245 -0.005334222338236817 0.044953631865601806 0.26129405175507403 0.005433537951736612 0.9999830595938166 -0.0020873884919465663 -0.04887698690680094 -0.04494173573849623 0.0023295058350492333 0.9989868937035032 5.2117567432181025
0.9976256409066309 -0.011680162880608073 0.06787233899547164 0.5015463264584282 0.011542481421607036 0.9999304540841193 0.0024203548828671193 -0.1725811190902681 -0.06789588889075392 -0.0016311928793455532 0.9976910781807782 8.731181956038421
0.9964809645376921 -0.02021132189327281 0.0813461110401528 0.8113286731887609 0.020164601575716073 0.9997956992831354 0.0013959005117940122 -0.3551020443909872 -0.08135770496592788 0.00024932363046748705 0.9966849360155912 12.110991233156797
0.9955275369405678 -0.02528046680331905 0.0910264862073237 1.135271686037295 0.025384336315878796 0.9996777656789635 1.6640869141075208e-05 -0.5147501249423765 -0.09099757503828407 0.0022940804960708445 0.9958484716721862 15.528475287104712
0.9931584429933146 -0.02955440862447779 0.1129727579638164 1.5140689201451716 0.030047090506605242 0.9995449435571664 -0.0026604814206313593 -0.6560544527491625 -0.11284272002739688 0.006036782268646484 0.9935945238358846 18.604940436804885
0.9894459850075766 -0.030052880512367944 0.14175142724253148 2.010092107074763 0.03125190763168563 0.9994920644150198 -0.006239506453513029 -0.7518499688614056 -0.1414919115065095 0.01060365711970053 0.989882620028214 21.861939775454502
0.9857637627315164 -0.028696084043481847 0.16566936604566132 2.5119611110184623 0.0290203202518089 0.9995787142738602 0.0004636627012881113 -0.8127616464336974 -0.16561287721033147 0.004350716169499218 0.9861812440778457 24.529078924512174
0.9813779046472746 -0.03263320155997098 0.18929469730045712 3.0540111643454133 0.03364626077750461 0.9994315136744338 -0.0021397687082363105 -0.9131891222538254 -0.1891172583499916 0.008468980480488723 0.9819179899379608 27.041725168187078
0.9779961541655349 -0.03600286334769159 0.20549286184242793 3.5286926506934435 0.03701899869262496 0.9993139552943935 -0.0011011310880204947 -0.9914047193364308 -0.20531224068043064 0.008684041953204746 0.9786579950330644 29.104820189670455
0.9751475872203978 -0.03709964336910454 0.2184280192652037 4.100392242192814 0.04036150927105103 0.9991300879379231 -0.010488848674759552 -1.1149860795596163 -0.2178488735513629 0.019044260002541474 0.9757966921717649 31.464986477797748
0.972747002727926 -0.043023321251117644 0.227842626635925 4.583801525084741 0.047813129114147083 0.99873537342443 -0.015542154132528801 -1.2087350410054765 -0.22688581570505506 0.026012452773402726 0.9735739206308701 33.33888075597534
0.9699687417687289 -0.04142695192945669 0.23967571350769373 5.112227201682429 0.04913860991175902 0.9984459893688955 -0.026286942178757943 -1.3408105020639367 -0.238214267010873 0.03727484362145423 0.9704970628628765 35.273609874417076
0.9656673390287189 -0.04057732244968432 0.25659320185072226 5.652918896950171 0.04791436241278218 0.9986001487604189 -0.022404391762488457 -1.4279262715040397 -0.2553248993102076 0.03392968904197084 0.9662597849407519 37.12867845119029
0.9607758097510297 -0.039292831030350035 0.2745285355420679 6.191325518726225 0.04897590516903773 0.9983931492993224 -0.028504037346585777 -1.5463447716058065 -0.27296740484923354 0.040831273085742595 0.9611563884343036 38.846190492750765
0.9558185874819756 -0.0367961718013247 0.29164510893332185 6.844948916776214 0.04595000766099909 0.9986408587721194 -0.024597397968916135 -1.6561206833280844 -0.29034363196033036 0.03691174517216039 0.9562102794095204 40.89653982308971
0.9529933095757591 -0.02404854464962465 0.3020354605076639 7.352150735392032 0.038287934200193476 0.9984124037088786 -0.041312301012459016 -1.7634781975990426 -0.30056244941529725 0.05093466030609578 0.9524011100271683 42.38052001473838
0.9482641641004094 -0.020205204365803482 0.3168387993909345 7.8609790276415685 0.03534505735931397 0.9984876306214368 -0.04210912509492237 -1.816186732613554 -0.31550879861458614 0.05112925984726482 0.9475441925231003 43.76766387822948
0.9454963729905426 -0.02875679487273416 0.3243603789157605 8.329846370431422 0.035444138421305435 0.9992631498883873 -0.0147265178067172 -1.8102380581729194 -0.32369788648259584 0.025420543341709005 0.9458189437005975 45.08550081079601
0.9482154163319978 -0.032908131990125496 0.31591862730655024 8.918454718080095 0.03439938456767082 0.9994077989348593 0.0008566034938105812 -1.878310687892274 -0.31575972917979883 0.010055161714293614 0.9487859016401965 46.80837229276838
0.9520058806149808 -0.019728919685980204 0.3054432402305154 9.54373149316017 0.02706701504897078 0.9994373569211028 -0.019807733007558673 -2.043428309324695 -0.30488059953173613 0.02712451508477309 0.9520042440612255 48.63409439386071
0.9561418701676329 -0.009926945515474142 0.2927356825962159 10.197606172372714 0.021106599919025807 0.99916242771856 -0.03505644698785018 -2.218740702705235 -0.29214249186347 0.03969759171897683 0.9555505563074708 50.673427042427214
0.9578218040447573 -0.008625709383023194 0.28723333517209293 10.863430038858798 0.017309018966950505 0.9994662680978555 -0.027705176356549288 -2.3508015212988456 -0.2868410527780948 0.03150834924564243 0.9574598865586846 52.88970827070328
0.9547956469569414 -0.004479165236238469 0.2972292206881046 11.602801148714182 0.014104827349417481 0.9994429042112465 -0.030247893599899607 -2.472823229975686 -0.2969281502274824 0.03307292397980855 0.9543269121752309 55.11875634836982
0.9482633491476623 -0.005657704630037097 0.31743442006432465 12.381040818323271 0.0157558210821917 0.9994478392103436 -0.02925356046363167 -2.583068890703424 -0.31709363721979755 0.03274151914759984 0.9478288970898842 57.30914318044949
0.9405458033512176 -0.0060771837569496235 0.33961251395670744 13.243418693198892 0.014879908658559496 0.9996172675545052 -0.02332180793113733 -2.7188802405680494 -0.3393408023163782 0.026988631763173933 0.9402762538950076 59.549075394817116
0.9307943822613011 -0.0025408046862597073 0.36553435168578435 14.15250620899776 0.010962268487102767 0.9997201040042816 -0.02096526458892402 -2.837826084765741 -0.365378771441934 0.023521436206430883 0.9305617096240149 61.690018443239154
0.9265714488488999 -0.001116236437120076 0.3761171415852598 14.991364140291683 0.01034949337899787 0.9996926123199043 -0.022529288932496377 -2.9351537340235647 -0.37597637979645465 0.024767617754282892 0.9262981846824115 63.60052725946937
0.9259141749720129 0.001098185697156342 0.37773235838894054 15.687742517019688 0.008042054892585354 0.9997117999729349 -0.02261951254956796 -3.0180717798329497 -0.3776483363381879 0.023981471661471885 0.9256384948120677 65.2013018922419
0.9259498628652786 0.00239501464338543 0.37763886898017907 16.246634028458967 0.005683201747961238 0.9997782766498304 -0.020275570447906746 -3.0975912513348374 -0.3776036979131201 0.02092035955604081 0.9257309468081881 66.46872958012021
0.9279833174194098 0.004779746369059503 0.3725910849925353 16.686842127944974 0.004478579171759044 0.9997024300784021 -0.023979024666198508 -3.191075331406322 -0.37259482674866756 0.023920813531051417 0.9276857710238666 67.52626133952619
0.9333434721275329 0.005327455275550933 0.3589450950454809 17.056666891612007 0.0038290417782755573 0.9996852550350146 -0.024793735189378344 -3.2614819156947914 -0.35896420639944404 0.02451548665370121 0.9330293079202565 68.52363537768738
0.9474397240782244 0.002856535380287697 0.3199215676446358 17.391706214048643 0.0033584494133734404 0.9998162449738384 -0.01887318478571051 -3.303970550623718 -0.3199166923686821 0.018955645387032555 0.9472560337373664 69.5932025846938
0.9673947004127887 -0.0025893885129620008 0.2532603180136637 17.73498053376208 0.004495582369462788 0.9999657555587114 -0.006948197540340556 -3.2939451881321102 -0.2532336536726753 0.00786020209849341 0.9673732133311129 70.98750720524609
0.9855683318512968 -0.010307485052919018 0.1689639577061899 18.03035430135663 0.010044561053461397 0.9999466460589448 0.0024107734682618344 -3.285197302189941 -0.16897979182463962 -0.0006788131965718603 0.9856192820595334 72.78990392193576
0.9968906399747559 -0.017687191692128224 0.07678681645159645 18.198409381675066 0.018737984520021 0.9997400966528901 -0.01298564902508913 -3.3123852176909847 -0.07653717963743294 0.014384102145120377 0.9969629670848515 74.67185808192598
0.9994351258907711 -0.021538541623086258 0.02579768129990393 18.263838625441423 0.02193081802412948 0.9996466466213186 -0.01502068971613534 -3.3391623306668476 -0.02546504185139578 0.015577969171444618 0.9995543299491048 76.57106146796022
0.9996105469831906 -0.024726014289027154 0.01293748728878674 18.31007283469727 0.024860376954650102 0.9996375622031204 -0.010329854320267782 -3.401790582687064 -0.012677382128869917 0.010647462138184793 0.9998629483746145 78.58094074204743
0.9989869544602233 -0.024844188479995605 0.037521075638369525 18.447311355377877 0.025263258332888 0.9996231784445266 -0.010736335262563873 -3.488842701532759 -0.03724020135143665 0.011673363492792549 0.9992381597937865 80.9538287568845
