-0.8707752674027831 0.04139104953198188 0.4899359291767162 791.3511035335283 -0.022098048014734813 -0.9987380119345086 0.04510055200375812 1.5950499974895485 0.4911843950631471 0.02844581754399475 0.8705910208075338 -2453.9286581858246
-0.8870197970670713 0.037505217114165657 0.4602056478361723 793.0177322954146 -0.019563514774381067 -0.9988533220110206 0.0436956519258045 1.5928349875049503 0.4613167550618167 0.029755668313243878 0.8867364048591149 -2450.6904524309584
-0.9007801001496344 0.034066326877534366 0.432937289393612 794.5958039301815 -0.01838447505438198 -0.9990161413807241 0.04035790303948329 1.5874281095128524 0.43388618582687083 0.028394271144766323 0.9005201514207043 -2447.357980552434
-0.910472541221749 0.03535761581339221 0.4120553247868588 796.0678295384671 -0.01907359393396057 -0.9988684583754773 0.043566051887222436 1.5926362011026456 0.4131294587603908 0.031806318029447146 0.910116700449869 -2444.031981743345
-0.9189458253546118 0.03174937512549562 0.39310373598132103 797.4549265312801 -0.015181215848934868 -0.9988632567923325 0.045185450264029016 1.5953491086985367 0.39409148779018266 0.035555188219942704 0.9183832140462744 -2440.7429779268627
-0.9312696896497928 0.029600676249532082 0.36312610083158475 798.6717476336472 -0.012849044946314324 -0.9987424165471677 0.0484611951306667 1.600697119881904 0.3641039236036154 0.04046461855862906 0.9304788807175361 -2437.553076149948
-0.943456607614084 0.022719436700863332 0.3307165806930759 799.8038183094416 -0.0053145852698300924 -0.9985570685127412 0.05343721649422313 1.6087981033576935 0.33145344278304617 0.04865807352573909 0.9422160087517245 -2434.223007555955
-0.9510056934213952 0.020210637733257757 0.3085120762668874 800.6545975905625 -0.00646514202190991 -0.998942888216377 0.04551162511445614 1.5959780716321341 0.30910576348351587 0.04128724021216818 0.950131038739886 -2431.4541878574764
-0.9580010999225028 0.0257058923732308 0.28561004822059494 801.3619135652041 -0.011925588321140858 -0.99868382417882 0.04988386178677862 1.6030109389358151 0.28651644436309287 0.04438272660465599 0.9570467599279917 -2428.91833363068
-0.9628441629462045 0.027005381727478843 0.2687039769675466 801.9407880348556 -0.014218146828175836 -0.9986767979735057 0.049421629780468115 1.6022296196185122 0.2696830772985118 0.04376485515957264 0.9619540920811483 -2426.6830803554494
-0.9675369271861564 0.02783078113599265 0.25119263952698134 802.5276174449904 -0.013379916948218915 -0.9981650663273559 0.05905487436414737 1.6177496459230307 0.25237526097783497 0.05377683502277669 0.966133934639139 -2424.2716326173854
-0.9702986305664298 0.03618885534976894 0.23918807300822037 802.966880804483 -0.02165403356673567 -0.997771062840158 0.06311900655993678 1.6240701651102207 0.24093914242231976 0.056064899066137285 0.9689195305811017 -2422.3175453182926
-0.9737936353290563 0.0383375849989056 0.22417891374764382 803.3954832712247 -0.02220270790016523 -0.997006833691889 0.07405682503034201 1.6414210136287752 0.22634706880037506 0.06713868592790925 0.9717301072300646 -2420.3390695321673
-0.9785458046084414 0.027676780552922706 0.20416195556822767 803.8011697179726 -0.01414263595645804 -0.9976220753448138 0.06745502674307435 1.6311434764934662 0.20554341179279056 0.06312044520542559 0.9766103190452411 -2418.2893438841857
-0.9825771210396951 0.02692217511973983 0.18389507251736684 804.1350494867091 -0.01343088948256549 -0.9971514807842026 0.07421950941349789 1.6418718774812522 0.1853693944993419 0.0704565174891241 0.9801398199880735 -2416.3391566073096
-0.9863379938054031 0.01747893774404234 0.1638043000390168 804.4844208892325 -0.00615116927802052 -0.9975693955690725 0.06940795444665016 1.6343278820501315 0.16461933389625139 0.06745211456503805 0.9840481122121313 -2414.062409837909
-0.9882864576437999 0.01204497878769838 0.15213413858787236 804.7445833100398 0.0013178148318507947 -0.9961697167328838 0.08743088029063589 1.662662087895729 0.1526045248409727 0.08660723959537357 0.9844851675102734 -2412.248188306451
-0.9907579293914118 0.011171610390101698 0.13518106549858688 804.9672902577129 0.0011838663802847032 -0.9958524035716892 0.09097575919376587 1.668179291286453 0.13563673473080623 0.09029499112232203 0.9866354396481936 -2410.4125283321596
-0.992024336890348 0.008930767267744347 0.12572969582908683 805.1828246858024 -0.0016252740244777776 -0.9983101538886614 0.058087822537452885 1.6162742289983263 0.12603600081568223 0.057420188425384384 0.9903624833663593 -2408.4954615636916
-0.9904245956776127 0.008482507764359205 0.13779393070401946 805.4533319268193 -0.003318241046523444 -0.9992849221063532 0.03766475444305552 1.5832029349382972 0.1380148888823003 0.03684686571373593 0.9897445119493613 -2406.440831074532
-0.9879312709605759 0.008531972411185904 0.15465771660346572 805.7851681258957 0.0009167835237886601 -0.9981421943256841 0.06092059926396413 1.6207998950891067 0.1548901654921759 0.06032715270493675 0.9860880646678184 -2404.210493535354
-0.9851926554048879 0.012030001811893442 0.17102839177362522 806.1738688478963 0.0015031606956311108 -0.9968909454304082 0.07877933375442492 1.649116760191279 0.17144437069845686 0.07786990416890083 0.9821115546517803 -2401.8787145688934
-0.9844011605578185 0.010556463550809353 0.17562151397172657 806.6034981790659 0.0018777986394575533 -0.9975110663250736 0.07048507949406635 1.636021383781806 0.17592847684411578 0.06971537589596453 0.9819312284467759 -2399.3850782878258
-0.9864609390148361 0.010159255169678362 0.16368141413234638 806.9973533704097 0.0023075445847093833 -0.9971207173830089 0.07579544975513482 1.6444124284732822 0.1639801543966735 0.07514695269930076 0.9835971962465387 -2396.866729318601
-0.9899954499109267 0.011149330864056452 0.14065810171101242 807.3284119781066 -0.0005935282017100091 -0.9971934584062039 0.07486557443944397 1.6429640827721392 0.14109803995780903 0.07403309349985279 0.9872236039453811 -2394.344932352192
-0.9938831707310277 0.007186371673768613 0.11020253626757281 807.5875332471597 0.0002611146166603002 -0.9977248428728751 0.0674171323437452 1.6311627215357931 0.1104362927519582 0.06703352874840728 0.9916200538849247 -2391.7660269110665
-0.996608517146231 0.001922351155696258 0.08226644587938065 807.7681078389986 0.0033526469953232044 -0.9979484498997208 0.06393474095411289 1.6255938163671444 0.08222057716724958 0.06399371772900024 0.9945574798781144 -2389.2762665203377
-0.9975352975539384 0.0015648803924503362 0.07014899345916176 807.9002194405105 0.0029921525297454212 -0.9978931314933529 0.06481006975485436 1.6269928490533432 0.07010261876146234 0.06486022870563803 0.995428939490428 -2386.9861391633563
-0.9976302663813742 0.0020993777508650563 0.06877095471845478 808.0127563359414 0.002331291207031787 -0.9979289922139535 0.06428290270477269 1.6261585940256482 0.06876348363147833 0.06429089447116462 0.995559272071212 -2385.067761475036
-0.9976915827720895 -0.0010785402809174469 0.0678995023294412 808.1123724282285 0.005169747957172132 -0.9981785497545329 0.060107042149793566 1.6194568678617705 0.0677109988981307 0.06031931333163683 0.9958799129751627 -2383.406078079055
-0.9972445180131698 -0.0017144164892714396 0.07416489782088023 808.2072272510889 0.006437287357268327 -0.9979618008069434 0.06348862466333956 1.6248435434641324 0.07390488904098462 0.06379110366080654 0.9952229712328668 -2382.0227776229567
-0.9955880563752973 0.0021676222312720936 0.0938068409910563 808.3358196913724 0.003830807590487945 -0.9979606430562636 0.06371718625249048 1.6252417682506506 0.09375365014794604 0.06379542557732798 0.9935493932157299 -2380.6522070226047
-0.9893675564103717 0.00681169101984994 0.14527711171420027 808.5894623813978 0.0013761895427164426 -0.9984193930641388 0.056185600074921925 1.613206004805411 0.14543020465127815 0.055788138693513 0.9877943810106438 -2379.0621790630016
-0.9734570367730251 0.011290020874651275 0.22859119183759352 809.0422056631176 -0.001370679085661393 -0.9990522378406546 0.043505715767293826 1.592723954462873 0.22886572219518955 0.04203761998770107 0.9725499060253127 -2377.280134487637
-0.94638236760081 0.01719632892641446 0.3225906083036822 809.7261784937998 -0.007390746622726184 -0.9994733738502071 0.031596705980890316 1.5732411109410454 0.32296407100271024 0.02751837996573799 0.9460110716082646 -2375.3510071186533
-0.9072727735789482 0.036060828490569644 0.41899371232864097 810.6579833862937 -0.01648604404172918 -0.9986007631422551 0.0502466536553353 1.6035216731596185 0.42021937684287763 0.038679872030279235 0.9065977844808052 -2373.365784750594
-0.8824768962086378 0.04117855777136308 0.46854973486049645 811.7625502657788 -0.019019064165646044 -0.9984696189185343 0.05192971495147643 1.6061833323279378 0.46997106597771965 0.03691539619926988 0.8819095478943509 -2371.2820068743795
-0.8781608053717742 0.03974712357201269 0.4767114075376713 812.9364752097644 -0.020143868365577605 -0.9987307287224149 0.046164445982422454 1.596829465795696 0.47794123537948346 0.03093699522165774 0.8778468419095599 -2369.0652084602984
-0.8907202523797263 0.04051498247372584 0.45274271744087735 814.1534259125273 -0.02178067891909482 -0.9986799344295464 0.046518712295371314 1.5973600402706587 0.4540297721806574 0.031574115394574734 0.8904268870663272 -2366.6062498142073
