0.9998617955267423 -0.0007648935083187298 0.016607371374171037 0.06355917488604407 0.0008552712835748005 0.9999848612264473 -0.005435607505522617 -0.08404316957864458 -0.01660296229804176 0.005449060088082472 0.9998473130368886 1.674354433499292
0.9988636968690482 0.00045997014927390327 0.04765609619511855 0.2722837124715338 -0.0003202708542944067 0.999995629846762 -0.002938998801758605 -0.20914914528477643 -0.04765723978239304 0.0029203963495775553 0.9988594789966624 5.093712921676738
0.9974567589040949 0.0013676724924730473 0.07126109449405496 0.56416686402202 -0.0015977652473233215 0.9999936928641755 0.003171967541513172 -0.2720071010557997 -0.07125630682789942 -0.003277758963575544 0.9974526530284155 8.529996036036582
0.9959436364966066 0.004228743559330146 0.0898798678783187 0.9063214674080187 -0.004428579930623869 0.9999881453528463 0.0020240636290250287 -0.4269758424435629 -0.08987024313816383 -0.002413893470244753 0.9959505572650685 11.862619064423024
0.9944544686405488 0.009268029684350244 0.10475883459934597 1.3050901670714816 -0.009564734384430725 0.9999515417658538 0.0023302309432224537 -0.5758691270523838 -0.1047321615216568 -0.003319299001817303 0.9944949253752569 15.266801529831938
0.9915355946089237 0.011561795289724999 0.1293193315525777 1.7874862737882347 -0.011572548858620404 0.9999328124855964 -0.0006683019988337409 -0.6585424489435852 -0.12931836967902846 -0.0008339090629643917 0.991602775237762 18.67468737679623
0.9874183148817829 0.01739416274735167 0.15717033606357775 2.3556386748631915 -0.016815091209219524 0.9998460474744966 -0.005013387802122721 -0.7387041320142897 -0.15723334297675207 0.002307477399128155 0.9875587837715826 22.025046625776984
0.9840620387951938 0.017807598773424704 0.1769316060746938 2.9093888560129972 -0.018519301635542714 0.9998256898156014 0.0023718034682813608 -0.8069706601883283 -0.17685852896928014 -0.005610651538376743 0.9842202910528399 24.874654328541997
0.9803819543445528 0.01341073710455787 0.19665038958991857 3.454661212791715 -0.013417276984204186 0.999909140421606 -0.0012990687657166255 -0.9006708896688473 -0.19664994348812687 -0.0013649291708183744 0.9804728128278088 27.32867661143147
0.9773197641495774 0.01128608145312006 0.2114679714946115 3.9836467977797634 -0.011389590010169055 0.9999348710718448 -0.0007285972393082643 -1.0002783017291337 -0.21146242182007788 -0.0016964610135249594 0.9773846562014451 29.55780593381864
0.9734272768520282 0.012812741180889735 0.22863763982309382 4.612103286017439 -0.01105925520623104 0.9998987995791931 -0.008948937052799012 -1.1588653947064562 -0.22872916201203275 0.0061825774174724185 0.973470464976596 32.05393772102285
0.970637442324085 0.007172126724829133 0.24044025485929388 5.113201650419178 -0.004469982558210471 0.9999206007844871 -0.011781824252834345 -1.238323706243366 -0.24050566482827088 0.010361116013170251 0.9705924337539802 33.86715395706688
0.9680218134838173 0.008240353702814424 0.2507306626449077 5.6568900004231555 -0.003440037906692344 0.9998024231801137 -0.019577557109548612 -1.3005719515464829 -0.2508424500731537 0.018088979352899628 0.967858901941429 35.799890539005006
0.9634651158862283 0.0140202087792754 0.2674666413146183 6.238969605399979 -0.01094761056942954 0.9998558810810076 -0.012975626788190548 -1.3576757774396526 -0.2676100153080175 0.00957344313775468 0.963479750121056 37.78991042322226
0.9579817081189071 0.017814142157474414 0.286275572218054 6.832921543003412 -0.013118902586876776 0.9997462711114156 -0.01831086545578241 -1.444066901283303 -0.2865291281955416 0.013785852821534826 0.957972342480453 39.65463237920144
0.9524170751374268 0.023080419627961472 0.30392270269998883 7.577759733498821 -0.020179841794931628 0.9997159346879091 -0.012681636969043715 -1.4932992388712922 -0.3041290663054096 0.005945095531637432 0.9526122857003889 41.88670708884991
0.9492084606978219 0.042211868968623986 0.3118035539531983 8.144457889248585 -0.034307927608373374 0.9989367890391821 -0.030793791700734503 -1.5897975127723503 -0.31277190449733194 0.018532393862243667 0.9496474536030965 43.58111446891034
0.9458004126804997 0.04417737878158035 0.32172960475744583 8.672457929791818 -0.03655864657660584 0.9988904588593203 -0.02968697627419489 -1.6389794714536172 -0.322684125320538 0.01631595549781115 0.9463660733893154 45.05523293160467
0.942793903476622 0.03103359586462167 0.3319285638432216 9.315853350938909 -0.03508550559344128 0.9993649593686931 0.00621974945354338 -1.6653769428739338 -0.33152475452756947 -0.017509823349297054 0.9432840204422582 46.77406957098831
0.9442990758291596 0.0231987088134223 0.32826982087542417 10.041796324196792 -0.03407498951289538 0.9990431189824709 0.027417904797296316 -1.7090877168598402 -0.3273196457255345 -0.03707649286498894 0.9441859897281581 48.789564957708876
0.9478287549210208 0.03688534656497125 0.31663878876986473 10.721473331841066 -0.040932610526328926 0.9991430591347552 0.006137489579897587 -1.8632648085833845 -0.31614106462205305 -0.018778141325100514 0.9485263352527475 50.80525392479499
0.952081258875922 0.04557461895819442 0.30243053847793355 11.432398112620344 -0.04528071359436326 0.9989423734727634 -0.007986955426693091 -1.9627666065676233 -0.30247468236800074 -0.006090040017776579 0.9531379637486682 52.991130540348365
0.9532909657826619 0.046983696741361804 0.29837705474394843 12.168557301597742 -0.04979291027998349 0.9987579130907934 0.0018157985496124129 -2.0204316084112253 -0.29792113158184536 -0.016588046269497964 0.954446350549863 55.29414585487816
0.9495299771815311 0.05157434882614552 0.30940735120031965 12.94089856123638 -0.05307521718715885 0.9985841331889945 -0.0035707511422387703 -2.1117899866970706 -0.3091534307656556 -0.013031327113649634 0.950922888966019 57.61447180925256
0.9421203020609691 0.049912213196754276 0.33153899833707096 13.794144295936078 -0.05205295654452816 0.9986413796287773 -0.0024258211198952885 -2.193417047673546 -0.3312096408009891 -0.014972169747034355 0.9434383964910182 59.941064620300885
0.9332496604392486 0.048598755865927615 0.3559258802311353 14.723294937282319 -0.054011972119112586 0.9985263249790501 0.005280643108156931 -2.27374012280078 -0.35514472846690126 -0.024152417107103058 0.9344992683732033 62.30336937963201
0.9232426244253875 0.053014184246691735 0.3805424453497644 15.663585753746839 -0.06030385476888849 0.998153739816657 0.007249606198582511 -2.335103365816899 -0.379455533026116 -0.029641321810599815 0.9247350379958488 64.53533783209106
0.9179673903404023 0.054256875125591575 0.39292755283033265 16.547332166631534 -0.061624390423511095 0.9980804644879993 0.006149870921406814 -2.3889288417267043 -0.39183964166041063 -0.029859301884425427 0.9195488661916843 66.54041516119378
0.9156115761012452 0.05326055792119954 0.39852070796799477 17.300009677183418 -0.060825673289570156 0.9981281861966009 0.006353061368595826 -2.4400418262111954 -0.3974363838128815 -0.03005722691475751 0.9171373310098823 68.21343997610005
0.9141116535447723 0.05418133468621143 0.4018261661779365 17.940346308804717 -0.06360103127222062 0.9979240140451118 0.010127734850434299 -2.4797234997031175 -0.40044324650910074 -0.034814439011873095 0.9156599593525621 69.63874422685349
0.9159342054617862 0.05702880133097594 0.39725589622286706 18.46661804018739 -0.06495136061341167 0.9978672309492655 0.006504625439620499 -2.5050399628348297 -0.39603769015025386 -0.03176011990524095 0.9176848275764672 70.83351969474109
0.923457401089456 0.05585255277066242 0.3796141735000204 18.94877795479806 -0.06331748671304724 0.9979674861227643 0.007196701894139658 -2.4964955469188124 -0.37844064825206997 -0.030682063014249864 0.9251169043746512 72.01726264554671
0.9393683387503818 0.051886778895304415 0.33896148207312965 19.407295040196683 -0.061220746317986866 0.9979812497241861 0.016895130044457324 -2.4754434483390617 -0.33740056961068104 -0.036622225148401605 0.9406485359854454 73.36150018105681
0.9603644926361713 0.04295707745127073 0.27541737559658225 19.81553034511734 -0.05399873484718352 0.9980077129413144 0.03263037763415714 -2.437474612646811 -0.2734669594641507 -0.04620924589830114 0.9607707987209729 74.90282010502403
0.9809371183475183 0.03517223853846899 0.1911158901929759 20.180196172893798 -0.04489641826655905 0.9978952790785436 0.04679020858669228 -2.3948613982089464 -0.1890679282027896 -0.054478671321399004 0.9804516270046943 76.92010652573526
0.9962207339281036 0.03361692841125406 0.08008839751135477 20.328887526526557 -0.03651324131740272 0.9987208481210582 0.034977860667111026 -2.3689767487373734 -0.07881010404917295 -0.037769957010080575 0.9961738793238901 79.21133678220245
0.9992543208369582 0.029823757313169687 0.02452235283140345 20.38017642118533 -0.03070018696089922 0.998873755651734 0.03617621858018729 -2.3255424136493854 -0.023415823906678485 -0.036902083544439704 0.9990445112310281 81.55173182837571
0.9995700773071112 0.027165340200765185 0.011031991843153748 20.432008114490568 -0.02762207326238146 0.9986668301140547 0.04360714962745516 -2.255701353521325 -0.009832681269032204 -0.04389312841117977 0.9989878435983776 83.87962561746095
0.9988772270155482 0.027994805852104718 0.038217485461873146 20.55797180416883 -0.029672922594116097 0.9985875670553704 0.04407253778894835 -2.19351687468758 -0.036929703687535995 -0.045157078822014626 0.9982970676195586 86.34402277727295
