0.9998750477055428 4.574504889600999e-05 0.015807810829774033 0.05623091948406779 2.8102876680258237e-05 0.9999890887612741 -0.004671356186975104 0.003928641665052843 -0.01580785203839351 0.004671216735259646 0.9998641365446331 1.7215840260873576
0.9989523273940752 0.00123269715919747 0.045746344681016064 0.24566770273221225 -0.001094660336592835 0.9999947728435519 -0.0030423682093429914 0.01838033880892823 -0.045749855876364334 0.002989104094446515 0.9989484550986627 5.308105060753924
0.997351201196868 0.0023000229181699343 0.0727000093929917 0.5312899201043966 -0.0023401434064144106 0.9999971529599458 0.0004666913763982692 0.0243176862902158 -0.07269872901229155 -0.0006355836524663045 0.9973537440815163 8.881836223908564
0.9955040084531319 0.0027368955863724385 0.09467987408260058 0.8944759873370538 -0.0025398953464186693 0.999994351930248 -0.0022011449825356123 -0.07213441757333344 -0.0946853636280552 0.001950771681718801 0.9955053372054167 12.344604585070394
0.9934724573446094 0.00609113225765648 0.11390950182264008 1.3145616919442886 -0.00567020480211466 0.9999758482496625 -0.004018917126506738 -0.13348154130182271 -0.11393123046454108 0.0033467932692937677 0.9934830012132306 15.797034831733272
0.9900665662589949 0.0074541340457883005 0.14040167471134474 1.8146535312201164 -0.0063605396678169755 0.9999458530125849 -0.008236174965816207 -0.19799817653418006 -0.14045546593585084 0.007261331046084508 0.9900603694523795 19.098296526509927
0.9854232830289239 0.011398709784281778 0.16973810025963648 2.415631923860815 -0.009395017203181982 0.9998764396517033 -0.01260313775154583 -0.24245021104347 -0.16986078687045056 0.010824733007619358 0.9854086148593714 22.426052681021627
0.9806381028154038 0.010837751684941705 0.19552865376977185 3.0103988049065196 -0.009726511553552532 0.9999306332363489 -0.006642566412918305 -0.32350583410261774 -0.19558708106519312 0.004612142015047275 0.980675492640878 25.22042667359496
0.9756710505625685 0.004553884050044536 0.21919229738791254 3.6353983300514026 -0.002197620034496467 0.9999371671181447 -0.010992373807403682 -0.4353367617133881 -0.21922858289994104 0.010243239516699035 0.9756197540455437 27.763342140293442
0.9715545122605196 0.00013780719315692426 0.23681598492373748 4.191669493697466 0.0025284977499461245 0.9999367928985324 -0.010955222814878367 -0.5045538133564355 -0.23680252618025605 0.011242384843645417 0.9714927546707063 29.867652428511953
0.9674034094939987 -0.000877547777693278 0.25323876719270816 4.847476299545419 0.006387806292817335 0.9997603747253013 -0.020937742473520482 -0.6089414258985664 -0.2531597109141781 0.021872883646649955 0.9671772007914735 32.18959561515309
0.964174987908838 -0.009006009688125009 0.26511409709875217 5.422988192145176 0.01620581822017591 0.9995565232384303 -0.02498256006322444 -0.7053089359496865 -0.2647715319795613 0.028383950412079764 0.9638933484635114 34.09735260812752
0.9609921516119254 -0.009641454033033733 0.2764075377127179 6.029097023690161 0.020003110352208146 0.9991978509429201 -0.03469193346128428 -0.7866628394195597 -0.27585133698518866 0.038867686259587066 0.9604141517326309 36.06111074910614
0.9556868422016019 -0.005516449915191046 0.2943335326174363 6.664658512131392 0.014498973311852811 0.9994930475842835 -0.028344798527707115 -0.8691076653415888 -0.2940279568606164 0.03135628503198867 0.9552823373083803 38.023626987406885
0.9497411448452527 -0.004843003020021205 0.31299888675484666 7.294271821380642 0.016048841769810484 0.9993187001068545 -0.03323507626871091 -0.9418029686491782 -0.31262468307200714 0.03658798899212024 0.949171810893917 39.82569748551221
0.943515010618448 0.00018019710560459492 0.331329733447919 8.043374994778487 0.009826230802587186 0.9995447699130637 -0.028525394434570212 -1.0456818229331561 -0.33118404237807153 0.030169860265447948 0.9430837235397931 41.891135020381256
0.9398994801940911 0.015226549185679433 0.34111159366220706 8.659550114391138 0.0005845714371432141 0.9989319887249357 -0.04620108416772964 -1.199360824142839 -0.3414507657146333 0.043623779088185974 0.9388867559460807 43.54514007441159
0.9342536426677398 0.016550878166693157 0.356224928372466 9.286694294633165 9.118262970465904e-05 0.9989112718192577 -0.04665043106076768 -1.3118275589528474 -0.3566092018551755 0.04361581667627793 0.9332349852464147 45.1299462629727
0.9303568365640945 0.005952781474839798 0.36660703900929326 9.885266733592813 -0.0009904212266920417 0.9999053512586358 -0.013722521274630825 -1.3805753171874016 -0.3666540272849082 0.012403746089459489 0.9302746752216284 46.573660487994495
0.9320263087163424 0.0023564328786023193 0.36238295639375123 10.533986296023507 -0.004590455285804186 0.9999753977741043 0.00530391994528228 -1.4682685496461478 -0.3623615426350534 -0.00660689568599156 0.9320141958943213 48.210586914997535
0.9371429808851728 0.013424311727288798 0.3486872828657475 11.312760590212015 -0.008215576024838786 0.9998315504902685 -0.016412646185198256 -1.652678830761584 -0.34884887514255963 0.01251632928893233 0.937095408063075 50.25693857497312
0.9419314250611591 0.017597657560778 0.33534387266002685 12.116634542807727 -0.00722070846338476 0.9994564563000815 -0.0321660275658172 -1.837399225805843 -0.3357276453489307 0.02787677184416631 0.9415465117242007 52.43683222067421
0.9434779732087062 0.019309285327627455 0.3308722798454489 12.956262743712449 -0.012137778807735103 0.9996447821542344 -0.02372728044724589 -1.9831390525406225 -0.33121290493518396 0.018370111919747047 0.9433772048297822 54.75601603840561
0.9404703242889404 0.02218324861060457 0.3391511058701295 13.838248200370119 -0.01321380951451681 0.9994997690639887 -0.02873337570041718 -2.1551532026531377 -0.33961885161157596 0.022541409053281735 0.9402929971598888 57.10411580242172
0.9328354420034427 0.02120910461829716 0.35967792818510247 14.781477307638308 -0.011945009772164701 0.99953767258448 -0.02795993250952373 -2.2826225922270087 -0.3601046443518612 0.02178565963390503 0.9326575095663652 59.44103673720668
0.9222913107654693 0.020694117323483214 0.3859410467865655 15.81634501544373 -0.013588593574818564 0.9996843862655157 -0.021130025593686406 -2.4706020296944433 -0.38625650572018366 0.014243642972686267 0.9222814269103 61.81624385162997
0.9100944341302775 0.024584830131040788 0.41367101311611504 16.896225991678477 -0.018723936491541242 0.9996587173590049 -0.0182171076299453 -2.6438834097513473 -0.4139776988768186 0.008833738481987733 0.9102441594962765 64.11771311228989
0.9038896454113957 0.026739300383820597 0.4269291729702254 17.870457577344002 -0.020431415461882985 0.9996039940882855 -0.019349735526916812 -2.7503907078245167 -0.4272775048844497 0.008767258278476308 0.9040780215235815 66.11407586541489
0.9024059569251826 0.027754274934891163 0.4299920803093712 18.701510192667964 -0.021490955813251656 0.9995804755929026 -0.01941678736792903 -2.834207286142545 -0.4303505869917866 0.008280883787191894 0.902623841497401 67.80912755315691
0.901080192001448 0.028773459314201225 0.4326968634294972 19.387103519169983 -0.024237734315807325 0.9995782499422075 -0.015995451781758895 -2.912111206464466 -0.4329746179833959 0.003925593147569821 0.9013975648406033 69.19804996105906
0.9036374892191975 0.032444408538776226 0.4270674986839788 19.94889090549051 -0.026631148620345726 0.9994535629179188 -0.01957951720114275 -2.9904909847009 -0.4274693790212147 0.0063194877353923255 0.904007740052028 70.37032278086447
0.912094141555855 0.0331362878196845 0.4086395274187459 20.4616418002183 -0.027551969125229024 0.9994292529418498 -0.01954628766311034 -3.0565092307726727 -0.4090539890244414 0.006569230823898902 0.9124865364867422 71.5277087732506
0.9293512517416218 0.03007318251906864 0.36796990988320394 20.948478294436942 -0.02789154567365824 0.9995476816689792 -0.011246944033640828 -3.1252354254050094 -0.3681417017484073 0.00018911196789270308 0.9297696766782871 72.81826239186607
0.9526265566223657 0.020793948500656776 0.30343080813187634 21.420624504176484 -0.022971178381213493 0.9997296188804204 0.0036075056452312924 -3.170540391404477 -0.30327375188365824 -0.010406768900765624 0.9528466458877054 74.37852125701326
0.9739653556544072 0.012482802475253591 0.22635296690643253 21.79813391078579 -0.0163737539226758 0.9997485620160017 0.01532034364526614 -3.2013928309314252 -0.22610481234918686 -0.018627731727002984 0.9739248541048948 76.09407770430468
0.9910614175135634 0.011051001018449627 0.13294789239583674 22.01763925003931 -0.010989155757415384 0.9999388986239692 -0.0011989472114751257 -3.232812642924584 -0.13295301866352804 -0.0002727547742295265 0.9911223034686912 77.98272683965195
0.9967071096134131 0.005330825878671398 0.08091056755161731 22.18501945911452 -0.005241855457024092 0.9999854007167929 -0.0013119849985626353 -3.223501898512138 -0.08091638027891178 0.0008835432757221252 0.99672050182277 80.00910583564433
0.9977179396803466 0.0017159301956233693 0.06749791421641758 22.37270926559598 -0.002134047432591749 0.9999789777198609 0.006122904530684426 -3.1731776575772543 -0.06748598877958879 -0.006252975443752812 0.997700627250749 82.33899470887877
0.9957501331147629 0.0009726617917508059 0.09209085910648575 22.648257506393932 -0.0016265656897149333 0.9999739955242685 0.007025849363773727 -3.1338241596790635 -0.09208163055674613 -0.007145782270980986 0.9957258212528906 84.98412925110051
