1 0 0 0 0 1 0 0 0 0 1 0
0.9999997615814351 -0.00042854868646279406 0.0005028840808106917 0.0006115319556556642 0.0004310701983729452 0.9999872456921474 -0.005024736835975752 -0.019542478024959564 -0.0005007243598811328 0.00502495268062314 0.9999872446075244 0.9441980719566345
0.9999973177912906 -0.002263249900839126 0.0005066645837201895 0.0013237356906756759 0.0022663920744338817 0.9999776553293107 -0.006289455482045594 -0.03545225039124489 -0.0004924186505377293 0.006290586846698809 0.999980092051004 1.892308235168457
0.9999945759773254 -0.003291914316918344 0.00013784652295043684 -0.0018434013472869992 0.0032922173850238323 0.9999920139614936 -0.002258839408478733 -0.05257848650217056 -0.00013040952035225928 0.002259280998259783 0.9999974370002747 2.829679489135742
0.9999906420729445 -0.004274109227862151 -0.0007013537070494693 -0.008750267326831818 0.0042765898678384096 0.9999845133470152 0.0035745486252522374 -0.0686350166797638 0.0006860647699795663 -0.0035775143971257806 0.9999933838859505 3.7686352729797363
0.9999743700518628 -0.006851442073325784 -0.0020591742572719793 -0.013130959123373032 0.00685948937638825 0.9999687626792895 0.003926833732824147 -0.07929351925849915 0.0020322054624557495 -0.0039408581074880655 0.9999901652497769 4.691474437713623
0.9999465945597308 -0.00963894892776233 -0.003731696062421668 -0.01634260267019272 0.009641813504213115 0.9999532386039953 0.0007503801442396527 -0.08688206970691681 0.003724288661032915 -0.0007863203993225404 0.9999927878400428 5.608977794647217
0.9999233493799693 -0.011068034689346347 -0.005551533439958589 -0.021739549934864044 0.011049487366622701 0.9999333374425297 -0.003360518165006312 -0.0938543751835823 0.005588357336819172 0.003298918886915081 0.9999789596450981 6.5102057456970215
0.9999164357612358 -0.010831199890056376 -0.007059065875134954 -0.03355126455426216 0.010798674970632582 0.9999309865362396 -0.004629483720551911 -0.10101113468408585 0.007108721416443586 0.004552868148542499 0.9999643566845293 7.399439811706543
0.9999099989438669 -0.010345389321338074 -0.00854342057055996 -0.0552026703953743 0.010319610577291527 0.9999420999398894 -0.003055963668441345 -0.10860568284988403 0.008574540726840496 0.0029675237034581248 0.99995881335267 8.29446029663086
0.9998983766561977 -0.010334593180275622 -0.009825087383630388 -0.07585574686527252 0.010331433632058573 0.9999465667432006 -0.00037232686175156494 -0.12022221088409424 0.009828410111367702 0.0002707817703441473 0.9999516606359649 9.181777000427246
0.9998735229356335 -0.010986899407681307 -0.011501924748856867 -0.09895597398281097 0.01099990925472627 0.999938937097034 0.0010684251440591778 -0.13269677758216858 0.011489483527839184 -0.0011948101171358055 0.9999333024496906 10.070425033569336
0.9998350211304192 -0.012483414629368235 -0.013191119507790689 -0.12435702979564667 0.012507405327074006 0.9999202645033213 0.00173780621071287 -0.14607319235801697 0.013168374076485634 -0.0019025062893039818 0.9999114872575845 10.951696395874023
0.9998011686625681 -0.013253889333456692 -0.014896514009947529 -0.1522509753704071 0.013276363682059589 0.9999108512652769 0.0014108231623821436 -0.15746921300888062 0.014876487664878368 -0.0016083141871877996 0.9998880030176096 11.82222843170166
0.9997741107766167 -0.013682546668867654 -0.01626580801152628 -0.18057245016098022 0.013674622380289159 0.9999063370796569 -0.0005983122795223301 -0.1675477772951126 0.016272470355033875 0.00037574833962741166 0.9998675584871997 12.682402610778809
0.9997472913602472 -0.013922421334980494 -0.017648521341040384 -0.20831863582134247 0.01386239470756423 0.9998976905532156 -0.003519020746078037 -0.17500197887420654 0.017695710062980652 0.0032734808512229624 0.9998380550201134 13.544328689575195
0.9996979450130645 -0.015126362583550674 -0.01936872340654784 -0.23709098994731903 0.015018011222127592 0.9998707997775795 -0.005727425748587987 -0.17980994284152985 0.019452856853604317 0.00543481617823216 0.9997959760983406 14.426069259643555
0.9996621860230022 -0.01502281389314195 -0.021211134980999503 -0.2719728350639343 0.014880422254701986 0.9998657848808472 -0.006855046187007898 -0.1853753924369812 0.02131127007305622 0.00653709949142206 0.9997515130952976 15.32075023651123
0.9996339935315035 -0.013922488637027646 -0.023196211929556683 -0.3126124441623688 0.013741866688371518 0.9998741243656515 -0.00792801599877492 -0.19329389929771423 0.023303670808672905 0.0076063550134453095 0.999699481247518 16.217756271362305
0.9995983503170649 -0.012946084431456025 -0.02521086443011639 -0.3557082414627075 0.012739076951025774 0.9998839836468197 -0.008354415526203087 -0.2027386724948883 0.02531609497964382 0.0080298965813963 0.9996472700469106 17.1295108795166
0.9995374400958568 -0.013154340047196168 -0.027420819832251357 -0.39965078234672546 0.012941157052412222 0.9998847674017998 -0.007937520811708723 -0.21400605142116547 0.027522072196006775 0.007578992102543453 0.9995924939260235 18.05585479736328
0.9994825471916648 -0.012780457093259256 -0.02951796222279486 -0.44479504227638245 0.012580037432985691 0.9998965748429255 -0.0069655340525618 -0.2259819209575653 0.029603933915495872 0.006590592823783825 0.9995399808865564 18.98958396911621
0.9994272356521243 -0.012240382694650009 -0.031549111801995475 -0.4915274381637573 0.012038460262529194 0.999905847800249 -0.0065822893299886135 -0.2389511913061142 0.031626712530851364 0.006198716517997055 0.9994804955473278 19.92571258544922
0.9993607228372525 -0.012452814651025901 -0.03351283459892172 -0.5388200283050537 0.012230197280321042 0.9999018123411559 -0.006839579490148146 -0.25039321184158325 0.03359471634030342 0.006425338360985022 0.9994148728767769 20.863821029663086
0.9992846129313548 -0.01241039569566427 -0.035724418381062384 -0.5886138081550598 0.012159015669225559 0.9998998193416873 -0.007245330034681661 -0.26151883602142334 0.03581075742840767 0.006805773199044657 0.9993354230825169 21.807191848754883
0.9992174369371014 -0.011552434043235043 -0.03782919408019388 -0.641680896282196 0.01129460199844734 0.9999115241676173 -0.00702233569174332 -0.2707003653049469 0.03790697455406189 0.006589574821823541 0.9992595471340522 22.76192855834961
0.9991521669750583 -0.010601193242824415 -0.0397813052331806 -0.6949499845504761 0.010405378332365656 0.9999327195208395 -0.005126117808587812 -0.2787069082260132 0.03983297199010849 0.004707832343068347 0.9991952864895026 23.721948623657227
0.9990872027758328 -0.010657946344343463 -0.04136630971195882 -0.7466763257980347 0.010563615509431079 0.9999410433659242 -0.0024983076419010882 -0.287113219499588 0.04139050096273422 0.0020590494722064895 0.9991409200936374 24.66408348083496
0.9990361737531614 -0.009406201294908531 -0.04287547023672797 -0.7994388341903687 0.009372078406267526 0.9999555937901594 -0.0009968083181614705 -0.2956087589263916 0.04288294166326523 0.0005940152856240381 0.9990799428677342 25.5670223236084
0.9989812679127255 -0.007934090231510975 -0.044423935181090855 -0.8536955714225769 0.007848590133080813 0.9999669642624041 -0.0020987377085601544 -0.30456942319869995 0.04443912208080292 0.0017479344453270873 0.9990105644276781 26.450342178344727
0.9989247460112409 -0.005299001989551821 -0.04605642567757654 -0.9131528735160828 0.005087365991481907 0.9999759422006785 -0.004711145588533275 -0.31511780619621277 0.04608028382062912 0.004471774245228155 0.9989277230776565 27.33401107788086
0.9988577441683901 -0.003960158171366516 -0.0476188387390213 -0.9723296761512756 0.0036501920861986004 0.9999715833703242 -0.006594515898115702 -0.3279334306716919 0.04764360189437866 0.0064131653474769346 0.9988438125201071 28.214033126831055
0.9987881817852937 -0.0028594065912871084 -0.049132087484536895 -1.0297434329986572 0.0025141085606414093 0.9999717202744928 -0.0070883151351435955 -0.34472331404685974 0.049150966107845306 0.0069562018590254016 0.9987671072438857 29.064159393310547
0.9987139735501955 -0.0026788083886802863 -0.05062856233410356 -1.0839364528656006 0.002296567571098307 0.9999684313472723 -0.007606571274111749 -0.36330413818359375 0.05064734071493149 0.007480516789276748 0.9986885550311086 29.882518768310547
0.9986115125271837 -0.0024230891087796795 -0.05262232633302559 -1.1379060745239258 0.001975057892886184 0.9999613894960193 -0.0085644220175228 -0.38413581252098083 0.052641045302152634 0.008448598471510249 0.998577763552305 30.67181396484375
0.9984961765140987 -0.001999511427601586 -0.05478556563549207 -1.192649006843567 0.0015167640634206059 0.999959692621535 -0.008851743236138503 -0.4072786569595337 0.054801054298877716 0.008755334627274236 0.9984589200757021 31.438631057739258
0.9983647485185401 -0.0019769133712904748 -0.05713054139037555 -1.2448445558547974 0.001524770464721964 0.9999671863293454 -0.007956713925285014 -0.4307859241962433 0.057144396007061005 0.007856592140640328 0.9983350544022223 32.18069076538086
0.9982265265673789 -0.0022403541387411127 -0.05948727690945085 -1.2946606874465942 0.0018906544024090421 0.999980628130647 -0.005934196444102348 -0.4529077410697937 0.05949941650032997 0.005811202358474765 0.9982114138102247 32.89387512207031
0.9981088641686959 -0.0008386079799238405 -0.06146482827555115 -1.3463895320892334 0.0005720912365289703 0.9999903707205396 -0.0043535551444127876 -0.47483110427856445 0.061467885971069336 0.004310158616092102 0.998099761902651 33.58702087402344
0.9980130803503542 0.0008529062606913076 -0.06300213228278487 -1.398000717163086 -0.0011131563316818596 0.9999909944166422 -0.004095827837920303 -0.49672117829322815 0.06299807131290436 0.0041578207635199205 0.9980049902202737 34.2581901550293
0.9979322700066007 0.003465774188015438 -0.06418066682533857 -1.449889063835144 -0.0037778414322926085 0.9999816605015966 -0.0047416084780452835 -0.519562840461731 0.06416305154561996 0.004974268364820317 0.9979270356060965 34.909568786621094
0.9978617226631314 0.005709535232328913 -0.06511059005315879 -1.500840663909912 -0.006079545687272758 0.9999665102867091 -0.005486087042240922 -0.5410118103027344 0.06507708132266998 0.005870198813390792 0.9978629717073488 35.54966354370117
0.9977979556341054 0.0063839592824621195 -0.06601888557823453 -1.546197533607483 -0.006706912107595775 0.9999666253948136 -0.00467134951851231 -0.5621379017829895 0.06598685681819916 0.00510384586477064 0.997807471591905 36.1781005859375
0.9977530882217174 0.007386643540270549 -0.06658949141587314 -1.590026617050171 -0.0075864997540837364 0.9999674346368959 -0.002748944648321318 -0.5868975520133972 0.06656701862812042 0.003247949187137028 0.9977766393070233 36.784942626953125
0.9977383426832809 0.009359922463268364 -0.066562716509249 -1.6313847303390503 -0.009501959779265878 0.9999532142018278 -0.001817612405192702 -0.6142915487289429 0.06654258817434311 0.0024459779109178986 0.9977806276571712 37.373817443847656
0.997750016103744 0.011487283681335506 -0.06605206769830638 -1.6734669208526611 -0.011741240965270183 0.999925088569812 -0.0034578935139265112 -0.6454218029975891 0.06600739806890488 0.004225646790584542 0.997810204454133 37.966121673583984
0.9978231818298582 0.012717540709469323 -0.06470820209434872 -1.7122243642807007 -0.01316301530666708 0.9998924526563128 -0.006462678367389425 -0.6786292791366577 0.06461905688047409 0.007300365685802834 0.9978833161830778 38.55093765258789
0.9979478027280564 0.01253624497280325 -0.06279412883774545 -1.7442909479141235 -0.013105279809170256 0.9998766776503257 -0.008658234717243928 -0.7109845876693726 0.06267783790826797 0.009463400405426314 0.9979889680444316 39.133758544921875
0.9981009201284188 0.012844234649033857 -0.060246195479555904 -1.7705556154251099 -0.013377619167879884 0.999874730612623 -0.008458422392510054 -0.7426190972328186 0.060130007565021515 0.009248310111952374 0.9981477441061202 39.716678619384766
0.9982166385141049 0.01703435644144025 -0.05721267056514912 -1.7952181100845337 -0.017400935046816723 0.9998310486251387 -0.005915198063703195 -0.7765200734138489 0.05710224807262421 0.00690020349401943 0.9983444603861891 40.2895393371582
0.9983387964681008 0.021488778460239985 -0.05345917307822598 -1.8145081996917725 -0.02166054625632452 0.9997619246344146 -0.002635689723009184 -0.8106352090835571 0.05338980630040169 0.0037892659820800284 0.998566518579711 40.8530387878418
0.9984210310497055 0.02652379930519847 -0.049516574689890194 -1.8316742181777954 -0.026622410369979144 0.9996446782261734 -0.0013329076833919914 -0.8455896973609924 0.049463625997304916 0.0026490536065528897 0.9987723870409688 41.4095344543457
0.9985285885455575 0.03022328493603323 -0.045024611040455645 -1.8433597087860107 -0.03030744606360325 0.9995398794930381 -0.0011875783904797 -0.878311038017273 0.044968005269765854 0.002550412044220185 0.9989851746341749 41.96529769897461
0.9986439070796393 0.033833229025554704 -0.039568118233454234 -1.8455263376235962 -0.0338526470616376 0.9994268485385499 0.00017930900252201894 -0.909812867641449 0.0395515039563179 0.0011604196728845495 0.9992168550853364 42.512351989746094
0.9987217023560788 0.03815879885586017 -0.033150490693945184 -1.8429043292999268 -0.03814597097445227 0.9992716451276064 0.0010196208727771116 -0.9417582750320435 0.033165253698825836 0.00024624015365235646 0.9994498491615111 43.05086898803711
0.9988156439805209 0.04111376376414047 -0.026018589562098817 -1.8331609964370728 -0.04112074886488282 0.9991541761767319 0.000266701992531078 -0.97576504945755 0.026007546111941338 0.0008035177608019979 0.999661445718484 43.5760383605957
0.9988851948567685 0.04347569042632101 -0.01838846842669073 -1.8163268566131592 -0.04349377545118749 0.9990535107457017 -0.0005846050523212402 -1.0095762014389038 0.018345648422837257 0.0013837373040163081 0.9998307229693637 44.08765411376953
0.9988281125757226 0.04727253765900656 -0.01038004006339617 -1.7949472665786743 -0.04729458509591833 0.9988792208489335 -0.001888807727217807 -1.0423673391342163 0.010279117152094841 0.0023775139621723396 0.9999443890143667 44.58320999145508
0.9986728462955625 0.05144130161467697 -0.0025107920500226466 -1.7711293697357178 -0.051454363102396705 0.9986605082113693 -0.00545007415244591 -1.0684309005737305 0.0022270698100328445 0.005572032204214428 0.9999819994360735 45.06983947753906
0.9985673111966378 0.053194671763757674 0.005792863330810351 -1.7368077039718628 -0.0531372833212278 0.9985406205217999 -0.009646601438904081 -1.088197112083435 -0.006297557149082422 0.0093249643802778 0.9999367007296946 45.53261947631836
0.9984869245232773 0.05293507575790774 0.014889786293306199 -1.6928069591522217 -0.052761813995179985 0.9985374568684676 -0.011798010386795295 -1.1069716215133667 -0.015492537058889866 0.01099454674568201 0.9998195243909578 45.96239471435547
0.9984075700041615 0.051155329538438495 0.023777653115353896 -1.6421935558319092 -0.05087459776745362 0.9986297250917298 -0.012265520921592448 -1.1292136907577515 -0.024372518062591553 0.01103631093687607 0.9996420325997519 46.357662200927734
0.9980996617838969 0.05212702881298012 0.03285940046620335 -1.593564510345459 -0.05172017402322293 0.9985755132157905 -0.013112907787335617 -1.153507947921753 -0.033496130257844925 0.011388495466733706 0.9993739492370217 46.711421966552734
0.9975820464027834 0.05461817880805788 0.042975725502915674 -1.545106291770935 -0.05402826759369539 0.9984301363719322 -0.014771288227972358 -1.1758897304534912 -0.043715041130781174 0.012413668466191408 0.9989669464791646 47.038150787353516
0.9967486421879244 0.05940878903717401 0.05443072423928587 -1.4991724491119385 -0.05852853065074015 0.9981301085682109 -0.017627252599748473 -1.1955140829086304 -0.05537615716457367 0.01438418958060872 0.9983619255720555 47.343475341796875
0.9956724578421081 0.06341123428578392 0.06793616300280256 -1.4483048915863037 -0.06217467092865192 0.997861523461286 -0.020166299001128953 -1.2129826545715332 -0.06906965374946594 0.015855120100934927 0.9974858200879062 47.6217041015625
0.9947017795486346 0.06237618495877973 0.08171664562481694 -1.3846560716629028 -0.06082730277578996 0.9979208229575869 -0.02131100501216345 -1.2283406257629395 -0.08287603408098221 0.016227490814313406 0.9964277536198551 47.89223098754883
0.993508583318345 0.06045804570658031 0.09636181904181396 -1.3105335235595703 -0.05840445155492624 0.9980046273800589 -0.023993829158832 -1.2414116859436035 -0.0976201593875885 0.018210115078698408 0.9950571308408058 48.1493034362793
0.9922069658301922 0.05880819638954314 0.10985004428998521 -1.2383439540863037 -0.055984821557045095 0.9980215437169365 -0.028614618095163875 -1.2497718334197998 -0.11131547391414642 0.022241687076465233 0.9935362407463515 48.39192199707031
0.9907262140455657 0.05964284928722203 0.1220831070300484 -1.1677706241607666 -0.056002542232818975 0.9978838119835102 -0.03303856055310201 -1.2533069849014282 -0.1237952783703804 0.02589520414680435 0.9919698210556902 48.6558837890625
0.9888188500739403 0.06232551740866624 0.13547282243758657 -1.0934771299362183 -0.05793373352645936 0.9976665977803333 -0.03612621201844276 -1.2598336935043335 -0.1374082863330841 0.027873832243747287 0.9901222599476682 48.960906982421875
0.9866548041864576 0.06468676729188999 0.14942528663952662 -1.0102018117904663 -0.059629461275974904 0.9974937709298217 -0.03808560376956649 -1.2763655185699463 -0.1515144258737564 0.02866719531149453 0.9880392833150466 49.3007926940918
0.9841813900710861 0.06637522715382577 0.16425977220305996 -0.9196141362190247 -0.0606158099148999 0.9973658980457825 -0.03983591610221563 -1.3011327981948853 -0.1664712280035019 0.029249029625290746 0.9856123936213237 49.651939392089844
0.9814046261316562 0.06650642460917752 0.18006063424679475 -0.8200132846832275 -0.060017962670143366 0.9973445684486286 -0.041252259441853394 -1.3279774188995361 -0.18232601881027222 0.029678284824133927 0.9827901201221891 50.00564193725586
0.977988811218335 0.06651329577104209 0.19777222216567647 -0.7144976854324341 -0.059289046462557726 0.9973470234061594 -0.04223449950363889 -1.3577070236206055 -0.20005668699741364 0.02957914112191029 0.9793377273906749 50.3309326171875
0.9738844874731569 0.06785652140238987 0.2166669228758522 -0.6075416207313538 -0.05969803246516614 0.9972468055726048 -0.04398786942770078 -1.3885284662246704 -0.21905526518821716 0.029904514363101264 0.9752540847210369 50.624900817871094
0.9690055967905948 0.07173683216864343 0.23639361014029944 -0.4995565712451935 -0.062265192174823625 0.996938097709962 -0.04730186729136179 -1.4175691604614258 -0.2390630841255188 0.031116680091423987 0.9705052887470913 50.898170471191406
0.9633647971458252 0.07522578256057075 0.25742837358428716 -0.3814621567726135 -0.06426256135324637 0.9966416381291507 -0.05075144887894342 -1.4443135261535645 -0.26038166880607605 0.032349152592337616 0.9649636707045914 51.15803909301758
0.9566220585544158 0.07853219638310091 0.2805474886122078 -0.25134775042533875 -0.06601021820919373 0.9963662389373108 -0.05382331920273371 -1.469793438911438 -0.2837549149990082 0.03296957316733473 0.9583298411123451 51.40834426879883
0.9485037599267088 0.0836574083630553 0.30551919730795524 -0.1151140034198761 -0.06935752005041707 0.9959400432681521 -0.05738393061217613 -1.4945124387741089 -0.3090794086456299 0.03323882133160705 0.950455181527019 51.6473503112793
0.9390927007344345 0.08816002925812018 0.33216368009045044 0.03081400692462921 -0.07180295784171697 0.9955379116617291 -0.06122589117753337 -1.5183379650115967 -0.3360792100429535 0.0336464534706824 0.9412325562558834 51.8708610534668
0.9285651918817166 0.09140242107832723 0.3597390873883849 0.18626512587070465 -0.07276337105656694 0.9952256809546716 -0.06504853184411663 -1.5402681827545166 -0.3639671802520752 0.034225974210414734 0.9307826860867863 52.07586669921875
0.916821810996673 0.09192554959975154 0.38857105468947484 0.3484209179878235 -0.07078216308018526 0.995142826337436 -0.06841583700719973 -1.5600807666778564 -0.39297282695770264 0.03522123046540537 0.9188753020284324 52.25045394897461
0.9034381356443966 0.09160475924787294 0.4188175028082704 0.5157545804977417 -0.06763697485075326 0.9951263093171663 -0.07175555876766236 -1.5782653093338013 -0.4233494699001312 0.03649915944711868 0.9052309293054783 52.398468017578125
0.8877671831503591 0.09374707091798216 0.45064509887236814 0.6872735619544983 -0.06587189799060322 0.9948381702034425 -0.0771877015677212 -1.5951048135757446 -0.4555550515651703 0.038839859364262264 0.8893599535591079 52.53554153442383
0.8698674638042192 0.09899090517499273 0.48325087211745593 0.8631042838096619 -0.0660562113128611 0.9942098810412742 -0.08475429641843123 -1.6081790924072266 -0.4888426959514618 0.04180328475066353 0.8713698253030309 52.66941452026367
0.8502200023312696 0.10471955540860278 0.515906822324165 1.0527325868606567 -0.06641405292843228 0.9935218121611308 -0.09221549690541297 -1.6190756559371948 -0.5222213864326477 0.044139994480574485 0.8516669191302846 52.80302429199219
0.8285939616852787 0.11138429112332257 0.5486579527306205 1.2612637281417847 -0.06745616812300304 0.9927320696135362 -0.09966314660330836 -1.6275657415390015 -0.5557712316513062 0.045569918654806196 0.83008536098842 52.945735931396484
0.8045348499566529 0.11925920281233776 0.5818084228936619 1.4913835525512695 -0.06936240268139215 0.9917952746193748 -0.10738285030844402 -1.6360026597976685 -0.5898411870002747 0.04603761377309601 0.8062059414628706 53.097938537597656
0.777908421018271 0.12846888061052852 0.6151050527366269 1.7487610578536987 -0.071940967799347 0.9906495631582883 -0.11592192116315202 -1.6457667350769043 -0.6242459416389465 0.0459253856041244 0.7798768086950822 53.260597229003906
0.748729952502174 0.13387816396020089 0.6492150392755485 2.0382962226867676 -0.07103108081841558 0.9899573333353302 -0.12222541917292973 -1.6510934829711914 -0.6590585112571716 0.04539938458001491 0.7507201882756398 53.42070007324219
0.7169739871369707 0.1352903331403927 0.6838456041734265 2.349297523498535 -0.06734530992625887 0.9898406796808452 -0.12521984563757804 -1.6490155458450317 -0.6938392519950867 0.0437255773469758 0.7188011800405292 53.56707763671875
0.682777196818094 0.1363977369929239 0.7177819742692361 2.6779370307922363 -0.0632780518352627 0.9897676353841253 -0.12789016798475927 -1.6439679861068726 -0.7278813123703003 0.041900646231409766 0.6844217678653308 53.70737838745117
0.6455650168595213 0.13922000147934313 0.7509085462911663 3.02323317527771 -0.06000387276845842 0.9894506108053384 -0.13186014737159985 -1.6395033597946167 -0.7613444328308105 0.040066875071163466 0.6471084020728739 53.832176208496094
0.6049571470690296 0.14213209543979888 0.7834700656825316 3.3942065238952637 -0.05587896530573122 0.9890921382694436 -0.13628772831886127 -1.632399559020996 -0.7942948937416077 0.038668737286155164 0.6063005306380234 53.94395065307617
0.5613541450304496 0.14498531782508597 0.8147765030995197 3.785736560821533 -0.05190695571323367 0.9887640391732302 -0.14018332431205027 -1.6192774772644043 -0.8259462118148804 0.03639992341333409 0.5625725554612018 54.03756332397461
0.5162183419855069 0.14791744861855105 0.8435869812535378 4.205583572387695 -0.0486534105992007 0.9884470806236448 -0.1435451070032408 -1.6050783395767212 -0.8550739288330078 0.03305723250591086 0.517451188057521 54.117984771728516
0.4694149577336031 0.15147502923276324 0.8698878115955379 4.65973424911499 -0.04597550969710884 0.9880319463801761 -0.14723803702626648 -1.5932207107543945 -0.8817799091339111 0.02912220225747919 0.47076112972347595 54.1875114440918
0.4213465657953819 0.15746973222349211 0.8931239071814574 5.136899471282959 -0.04385784219278266 0.9871957922650547 -0.15336518112548897 -1.585337519645691 -0.9058386087417603 0.025449405508371936 0.4228578479506897 54.23955535888672
0.3731774725817427 0.16174879291036148 0.9135512541105594 5.637174129486084 -0.039800872910944474 0.9865694867444538 -0.15841873937991072 -1.5794239044189453 -0.9269058704376221 0.02275816839506506 0.374603266972251 54.26750564575195
0.3265507702021111 0.15765279804772897 0.9319389001194649 6.174285888671875 -0.03285318487636357 0.9872887094945946 -0.1555043926783905 -1.5659191608428955 -0.9446085095405579 0.020162918645750705 0.32757929193745206 54.26329040527344
0.2825442542259733 0.14848036610504556 0.9476931985309826 6.743829250335693 -0.025895565832525946 0.98876842114402 -0.14719537529818694 -1.5547614097595215 -0.9589046835899353 0.017048155444290947 0.28321581122153283 54.233829498291016
0.23996721599271353 0.14343154849523093 0.9601265957738856 7.305173873901367 -0.02046764196269779 0.9895525968237108 -0.14271190771115427 -1.5473307371139526 -0.9705651998519897 0.01459465181109465 0.2403958878098127 54.184295654296875
0.20070445491479916 0.14459004612701654 0.9689228287166826 7.8533124923706055 -0.01694435310482989 0.9894125375535692 -0.14413779419671355 -1.5390098094940186 -0.9795053005218506 0.012511327019404717 0.20102949114052215 54.11884689331055
0.1664850120995247 0.14228669839597285 0.9757239799068785 8.412343978881836 -0.013287164109216931 0.9897678063765937 -0.14206751437543436 -1.5312470197677612 -0.9859544634819031 0.010687506651730683 0.166672083328816 54.031982421875
0.13590361927395822 0.13885813732443703 0.9809426911807331 8.975622177124023 -0.010365916570246658 0.9902741598116871 -0.13874292464825427 -1.5288755893707275 -0.9906678199768066 0.008687295800119288 0.1360212387794375 53.935062408447266
0.10964638040578123 0.13489785239345192 0.9847742175402445 9.548809051513672 -0.007998885372738629 0.9908354715714073 -0.1348375312552838 -1.530998945236206 -0.9939384460449219 0.006907350913209376 0.10972055155994376 53.838523864746094
0.087796031301004 0.13264026891521055 0.9872681598826993 10.125361442565918 -0.006236010682389548 0.9911490554692557 -0.13260711418525395 -1.5388439893722534 -0.99611896276474 0.005485763337130939 0.08784609612162786 53.74733352661133
0.06968149290397463 0.13394769391848405 0.9885355665893824 10.703048706054688 -0.004898131487413915 0.9909782424372632 -0.1339334142549442 -1.5499407052993774 -0.9975572824478149 0.004490702962522242 0.06970893511926546 53.66517639160156
0.054318073967274394 0.13540742520427926 0.9892999776221216 11.298335075378418 -0.003867519264169339 0.9907837467890996 -0.13539816443421768 -1.5622645616531372 -0.9985162019729614 0.0035284307388558367 0.05434115489264757 53.591609954833984
0.04099035531228523 0.13749988022892357 0.9896532292311033 11.901010513305664 -0.0029552218092914195 0.9904980504980133 -0.1374948543042953 -1.577298879623413 -0.9991551637649536 0.0027113181938553943 0.04100721071401381 53.52545166015625
0.030364605376664633 0.13770101028336684 0.9900083058145149 12.51343822479248 -0.0020982766533347297 0.9904716127127094 -0.1377010965148532 -1.591620922088623 -0.9995366930961609 0.0021039280744134664 0.030364213512147797 53.458587646484375
0.022463708189661258 0.136566007586157 0.9903762315983091 13.134256362915039 -0.0014707455153715743 0.9906296655908631 -0.13656759280062014 -1.599539041519165 -0.999746561050415 0.0016112230846589415 0.0224540686410033 53.39656066894531
0.016546882691403586 0.1360670586470224 0.990561414395684 13.76449966430664 -0.0010792875625936643 0.9906989196397097 -0.1360679156998738 -1.606151819229126 -0.9998624920845032 0.0011823991795194694 0.016539833659151904 53.34605407714844
0.011956967745638702 0.13578978092845873 0.9906655149495016 14.396689414978027 -0.0008082782716124226 0.9907373384933026 -0.13578986877247767 -1.6149507761001587 -0.9999281764030457 0.000822901686651549 0.011955970558649498 53.30791473388672
0.009039643636685746 0.13104838936881852 0.9913347570188381 15.054893493652344 -0.0006327918929112386 0.9913758231888254 -0.13104804659161481 -1.624527096748352 -0.9999589323997498 0.000557319049252103 0.009044610610363435 53.276573181152344
0.007383753792164188 0.12331285055608068 0.9923403350589908 15.721555709838867 -0.0005066612204440331 0.9923677507363232 -0.1233124833579379 -1.6349172592163086 -0.9999725818634033 0.00040772866721134997 0.007389877269404377 53.245479583740234
0.007159749054967135 0.11792277247842353 0.992996918229491 16.395139694213867 -0.00047094619461108406 0.9930226652037029 -0.11792243348883287 -1.6431753635406494 -0.999974250793457 0.0003766469198700044 0.007165328522655556 53.220314025878906
0.008163269095600834 0.11618692120096549 0.9931938355667667 17.08601951599121 -0.0005059586293666603 0.9932272728696125 -0.11618667544311878 -1.6441535949707031 -0.999966561794281 0.0004459480860378867 0.008166766925516822 53.20249557495117
0.009415921279545936 0.12208005560339175 0.9924755799066831 17.782752990722656 -0.0005707757880331898 0.992520044932319 -0.12208011340668254 -1.6388801336288452 -0.9999555349349976 0.0005830157230994996 0.009415171220907514 53.19281005859375
0.01156832698877619 0.1297570246420984 0.9914783321524901 18.495807647705078 -0.000695636439238749 0.9915455032243139 -0.12975769688655556 -1.6331675052642822 -0.9999328255653381 0.0008113710248181111 0.011560786526524702 53.186588287353516
0.01438023601657834 0.13051817620219142 0.9913416144649607 19.242237091064453 -0.0008555260497674702 0.9914453786137308 -0.13051942690963392 -1.6302841901779175 -0.999896228313446 0.0010287815413702328 0.014368879586037275 53.18438720703125
0.017159673225933814 0.12692546905789748 0.9917638435106356 19.988597869873047 -0.001031357558130025 0.9919115995802614 -0.12692653529180054 -1.6296870708465576 -0.9998522400856018 0.0011551546676531466 0.017151783483096983 53.1895866394043
0.020472282709236844 0.12074095795420599 0.9924729368321944 20.733802795410156 -0.0012378109124454653 0.9926832816182674 -0.12074101487020612 -1.6334185600280762 -0.9997896552085876 0.0012433503895488071 0.020471947752027098 53.1990966796875
0.023366222070941856 0.12053067191017491 0.992434578505897 21.476707458496094 -0.001456873591959354 0.9927086387841687 -0.12052965861273077 -1.6440787315368652 -0.9997259378433228 0.0013704710946537552 0.023371449388712717 53.21959686279297
0.026647186203715756 0.11879668839655586 0.9925609787922598 22.21500587463379 -0.0014880136002225416 0.9929171660414896 -0.11879937190020086 -1.6560907363891602 -0.9996438026428223 0.0016887247947965228 0.026635220427899564 53.23699951171875
0.0295452726403711 0.12308438855550065 0.9919562415761711 22.946269989013672 -0.0015945623237673678 0.9923940440567183 -0.12309121544098496 -1.6644971370697021 -0.99956214427948 0.0020550274992391093 0.029516818744133255 53.261783599853516
0.032129565437109875 0.1290167718635223 0.9911217819308404 23.696163177490234 -0.001887476419590861 0.9916398278558596 -0.12902301854374976 -1.671369194984436 -0.9994819164276123 0.002274734543584067 0.03210447311806064 53.30016326904297
0.0346061309126644 0.13049404324515362 0.9908450161747129 24.44833755493164 -0.0021925264448873216 0.9914463617319781 -0.130496667612581 -1.6777138710021973 -0.9993986487388611 0.0023435307725815924 0.034596232902945445 53.34050369262695
0.037560228696063014 0.12430662251054996 0.9915327038093751 25.218257904052734 -0.0022762334559587455 0.9922409215630033 -0.12430918504849903 -1.6860947608947754 -0.9992917776107788 0.0024121216072466034 0.03755174839913278 53.376136779785156
0.040815405756483125 0.12058198204498842 0.9918639202053445 25.98431968688965 -0.0022923576404444146 0.9926998435660749 -0.12058927182777232 -1.7011759281158447 -0.9991640448570251 0.0026481933589503626 0.04079386601983104 53.41081237792969
0.0432230204923556 0.12472910337690621 0.991248940469704 26.73397445678711 -0.0024098876549708964 0.9921863140350824 -0.12474197068100792 -1.7172019481658936 -0.9990625381469727 0.003002926134879569 0.04318587199994739 53.45178985595703
0.04590673040925575 0.12900226604795295 0.9905811686380993 27.49992561340332 -0.0027070546100933374 0.9916390198644963 -0.1290145769139452 -1.728595495223999 -0.9989420771598816 0.003241080161118487 0.045872122446754204 53.501060485839844
0.04879085653261672 0.1302834467731652 0.9902756127110969 28.274280548095703 -0.0029487543779781467 0.9914708643747956 -0.13029541532649164 -1.739875316619873 -0.9988046884536743 0.0034371451950803433 0.04875888413575735 53.5523567199707
0.05202823745418783 0.12525857796761997 0.9907589850251786 29.061731338500977 -0.0030022237131233087 0.992117837853863 -0.12527271297589532 -1.7495828866958618 -0.9986410737037659 0.0035432382684086328 0.05199419569626329 53.597564697265625
0.05522411691984308 0.12159219473931833 0.991042772088927 29.835920333862305 -0.0029496991240379467 0.9925729428996146 -0.12161556890750483 -1.7644429206848145 -0.9984696507453918 0.003792834220391561 0.05517262202915285 53.642269134521484
0.058184116264239805 0.12013900825420004 0.9910505454116944 30.607702255249023 -0.0029430971493932256 0.9927487174309202 -0.12017207688092534 -1.779017686843872 -0.9983015060424805 0.00407534811094834 0.05811578832611097 53.69060516357422
0.06038993301889728 0.12004082264249993 0.990930465674533 31.374866485595703 -0.0030235888910607606 0.9927598280049438 -0.1200781624965887 -1.7934341430664062 -0.9981702566146851 0.004255345867786309 0.06031565397508154 53.74320602416992
0.06280874201059206 0.11786950496043985 0.9910408032615242 32.12807083129883 -0.0030686478295006148 0.9930194940849257 -0.11791036267056136 -1.8062188625335693 -0.9980208873748779 0.0043646463917380585 0.06273200596718542 53.794795989990234
0.06561726810819479 0.11583756153157788 0.9910983814482885 32.86958312988281 -0.0030976625464453345 0.9932578165065884 -0.11588486523508744 -1.8183034658432007 -0.9978400468826294 0.004533960123342784 0.06553369283344734 53.845882415771484
0.06808389585901686 0.11801309146568592 0.9906753122864078 33.592220306396484 -0.003317858499159998 0.9930006887495941 -0.11806208284853142 -1.8342480659484863 -0.9976741075515747 0.004751206134282482 0.06799890744298764 53.90266799926758
0.07059832579081338 0.12287342161443998 0.989908069967229 34.3054084777832 -0.003656733934262274 0.9924094813678719 -0.12292311797345593 -1.8525958061218262 -0.997498095035553 0.0050583357338589985 0.07051176099661127 53.96493911743164
0.07274421683827947 0.12257735945671461 0.9897894184688855 35.01873016357422 -0.0036965398207813027 0.9924450239562114 -0.12263455861066319 -1.8692824840545654 -0.9973437786102295 0.0052621586724581615 0.07264774464201196 54.02251052856445
0.07490890002400619 0.12436482643877463 0.9894048795689578 35.74156188964844 -0.003933181381739814 0.9922217097672714 -0.12442110525784636 -1.888647437095642 -0.9971826076507568 0.005428739380585412 0.07481538761904005 54.086029052734375
0.07697732922378453 0.12678806905674977 0.9889385272882893 36.47726821899414 -0.004187528264410156 0.991913950248894 -0.1268435875794398 -1.9095908403396606 -0.9970240592956543 0.005622872235092613 0.07688581080464552 54.152587890625
0.07901890787554322 0.13042223883665993 0.9883046030141472 37.22659683227539 -0.004543364339975042 0.9914414241812035 -0.13047293188779246 -1.9328421354293823 -0.9968627691268921 0.005819601012201359 0.07893517861657706 54.22540283203125
0.08130077565686378 0.13426624393369108 0.9876045717089675 37.97068405151367 -0.004834528478953437 0.9909262638024532 -0.13431984715059547 -1.958125352859497 -0.9966778755187988 0.0061457052330873285 0.08121218654438733 54.30052947998047
0.08354664543440249 0.13916304496644577 0.9867389100322888 38.72362518310547 -0.0050756023133025074 0.9902473515721635 -0.13922810526187582 -1.9839417934417725 -0.9964909553527832 0.006623746853731682 0.08343818068867748 54.37720489501953
0.08617297036254712 0.1418708760164995 0.9861271900967884 39.493309020996094 -0.005225250589627972 0.9898598401194685 -0.14195126978222733 -2.008408546447754 -0.9962664842605591 0.007079601229399657 0.08604047776182 54.45449447631836
0.08840907289968669 0.1497082933938593 0.9847696360973481 40.26015090942383 -0.005842551688250319 0.988701846889187 -0.14978155796113524 -2.0370280742645264 -0.9960671067237854 0.0074884812912705545 0.08828489344839952 54.54491424560547
0.09036836963053174 0.1531100540852762 0.9840684960309845 41.0380973815918 -0.006299467922516622 0.9881795696416038 -0.15317120047262925 -2.0637521743774414 -0.9958884716033936 0.007642723820380004 0.09026468947267619 54.63811111450195
0.09311400984211549 0.15213754767682747 0.9839634012217539 41.81719970703125 -0.006340228304479445 0.9883274895874719 -0.15221232516433036 -2.0904130935668945 -0.9956352710723877 0.007934547225792066 0.0929917210818032 54.72347640991211
0.09637528402247142 0.15370664764856234 0.9834052944867242 42.60443878173828 -0.006589462883392017 0.9880812796412074 -0.15379172614755748 -2.11606764793396 -0.9953232407569885 0.00834160898591918 0.0962394626598666 54.81382751464844
0.0995511947668235 0.1572621102426367 0.9825264399539515 43.38966369628906 -0.0071089188420058735 0.9875187803810036 -0.15734089020399403 -2.142960786819458 -0.9950070381164551 0.008678772389442924 0.09942663235759142 54.91350555419922
0.10302281220957887 0.1568802598801669 0.9822295520196411 44.186641693115234 -0.007479089880021161 0.987578195801019 -0.15695008410061542 -2.164581537246704 -0.9946509003639221 0.00882325591199612 0.10291640426659265 55.016109466552734
0.10720955732120663 0.15604604714062198 0.9819143099995347 44.99601745605469 -0.00771789428527303 0.9877072973663629 -0.15612399741883556 -2.182248115539551 -0.9942064881324768 0.009159673974139249 0.107096010943172 55.119468688964844
0.11183704096077385 0.16177761990561476 0.9804694738463126 45.797950744628906 -0.008330945817058677 0.9867772011653396 -0.1618681261904656 -2.198538064956665 -0.993691623210907 0.009934614403057762 0.11170600516739837 55.23204803466797
0.11639848775918216 0.17131708552708666 0.9783158390248808 46.58845901489258 -0.008838089502167024 0.9851510051365868 -0.17146248149902482 -2.212442636489868 -0.9931632876396179 0.011311530953268312 0.11618420650170336 55.34586715698242
0.1223080946442856 0.1773025762061175 0.9765268130470768 47.37778854370117 -0.009348821511212524 0.9840760201678416 -0.1775023223455779 -2.2230477333068848 -0.9924481511116028 0.012580595602329492 0.12201802963343056 55.4617805480957
0.12881140571769922 0.18338878917063467 0.9745646046056791 48.16114044189453 -0.010262201506745172 0.9829456879522257 -0.18360951176138582 -2.235762596130371 -0.9916160106658936 0.013649821189805178 0.12849659068756747 55.59333038330078
0.1352920512842246 0.18483358156296548 0.973412878748059 48.955745697021484 -0.011177231757759198 0.982667890421297 -0.18503745259915644 -2.2493205070495605 -0.9907427430152893 0.014154035819418986 0.1350130884575833 55.73702621459961
0.14202987417823554 0.1828466796581495 0.97282812296999 49.75635528564453 -0.011737348605356801 0.9830333102538851 -0.18305116361808332 -2.264021396636963 -0.9897927641868591 0.014580310702451693 0.14176623043021586 55.88690185546875
0.14870791174702447 0.1791100921776948 0.9725252618732356 50.57197189331055 -0.012232913365968656 0.9837181611429825 -0.17930096263483514 -2.276886224746704 -0.9888054728507996 0.014766655089568204 0.14847771813296617 56.04631423950195
0.15496454014769334 0.1732812120432582 0.9726045340122738 51.3948860168457 -0.012789620345548092 0.9847665939291798 -0.17341026866329273 -2.289426565170288 -0.9878372550010681 0.014433200192140672 0.15482010746041475 56.21526336669922
0.1610030106752216 0.165880775211767 0.9729139793007456 52.22441864013672 -0.013416590945910967 0.9860512456381624 -0.16590041560722552 -2.30671763420105 -0.9868627190589905 0.013657277902432652 0.1609827784876705 56.394134521484375
0.16752514062052182 0.16240946408875556 0.9723982719126174 53.07050323486328 -0.013862505401532 0.986627921651723 -0.16239785676649948 -2.317157506942749 -0.9857703447341919 0.013725848233776983 0.1675363924121811 56.58333969116211
0.17408918236107063 0.1653665195775864 0.9707454991517528 53.91345977783203 -0.014548315136388879 0.9861230762518453 -0.16537706058719254 -2.3226165771484375 -0.9846224188804626 0.014667645909133276 0.17407916534961743 56.77487564086914
