1 0 0 0 0 1 0 0 0 0 1 0
1.0 0.00010986643639370246 7.252666026511514e-05 0.00642210990190506 -0.00010950226715067402 0.9999874829845697 -0.0050022416672507505 -0.016462692990899086 -7.307533087441698e-05 0.005002233665436506 0.9999874830245972 0.956148087978363
0.9999985098839659 -0.0016967999625634132 -0.00034959608690516257 0.011865334585309029 0.0016947339908564632 0.9999815786391687 -0.005827559794299869 -0.03300003707408905 0.00035947785363532603 0.00582695857349283 0.9999829530726068 1.892204999923706
0.999995529654143 -0.002758176906618256 -0.0011335899411959536 0.013574395328760147 0.002756997532278732 0.9999956456123372 -0.0010406097893705482 -0.05188409984111786 0.0011364552192389965 0.001037479862210991 0.9999988079074562 2.841167449951172
0.999991297737381 -0.0035011377028639017 -0.0022450162177496424 0.013933662325143814 0.0035131418208136644 0.9999794189077265 0.005365605657425973 -0.0708518922328949 0.002226184355095029 -0.005373446323108044 0.9999830723169936 3.7808330059051514
0.9999727608013984 -0.0065274690980708415 -0.0034348731072837316 0.01739337109029293 0.006548109789471512 0.9999603191131369 0.006032601083964333 -0.08466070145368576 0.0033953594975173473 -0.006054928908854729 0.9999758602250068 4.680305004119873
0.9999496940157648 -0.009194438703286652 -0.004006899316246107 0.02331022545695305 0.009207887222843825 0.9999520233198352 0.0033510106094817712 -0.1004258543252945 0.003975896164774895 -0.003387737007210026 0.9999863505817075 5.579977512359619
0.9999392633477768 -0.010135976814772938 -0.004320090941846964 0.02570284530520439 0.010134196999143474 0.9999485441115465 -0.00043362002631794106 -0.11512991786003113 0.004324263893067837 0.000389813057260352 0.9999905824666833 6.4912824630737305
0.9999393826825695 -0.009802799325375184 -0.005015070963171149 0.022892022505402565 0.009797096318860943 0.9999513675225506 -0.0011604290047074132 -0.13017041981220245 0.00502620218321681 0.0011112255022878437 0.9999867677763916 7.401480674743652
0.9999378928002614 -0.00918220481007506 -0.0063208359651210355 0.011941008269786835 0.00918683281014887 0.9999575460753278 0.0007034864158299483 -0.1383817344903946 0.006314108148217201 -0.0007615111853115572 0.9999797940313542 8.32944393157959
0.9999306213613437 -0.008989438123260135 -0.007611657356847859 -0.0010173274204134941 0.009017503652773207 0.9999526310401303 0.0036609124930455433 -0.14707602560520172 0.007578387390822172 -0.0037292965737675543 0.9999642970181313 9.249151229858398
0.9999188797235803 -0.00898378884669487 -0.009027842304960879 -0.01658412255346775 0.009034516396869696 0.9999435385328401 0.00559403683189071 -0.1569938361644745 0.008977076970040798 -0.005675145388223668 0.9999436146544838 10.185465812683105
0.9998997474927371 -0.009666405014908737 -0.010351627871091718 -0.03183382749557495 0.009737086683360707 0.9999295242418055 0.006799580660686556 -0.170062854886055 0.010285169817507267 -0.006899693326559098 0.9999233496841704 11.119443893432617
0.9998866351240885 -0.009845144397838157 -0.011391900954287966 -0.04642874747514725 0.009927330497555176 0.9999249442741651 0.0071805249016939875 -0.18647180497646332 0.011320352554321289 -0.007292802187668285 0.9999093430386452 12.0819673538208
0.9998822245696033 -0.009719842575441206 -0.011874224057302665 -0.06135938689112663 0.009788875193106117 0.9999354146091767 0.00576943383695579 -0.2013462334871292 0.011817379854619503 -0.005884989675000396 0.9999127996163537 13.059724807739258
0.9998758471782452 -0.009747975772480632 -0.012380427005525389 -0.08002742379903793 0.00979189706348399 0.9999459584771753 0.0034919854140342903 -0.21153214573860168 0.01234571821987629 -0.0036127795463159057 0.9999172096482383 14.062231063842773
0.9998514704837866 -0.01076529463293222 -0.013455074169048599 -0.0990961343050003 0.010788380973146938 0.999940416456815 0.00164441839007097 -0.22201278805732727 0.013436570763587952 -0.001789332708001655 0.9999080897830801 15.057245254516602
0.9998417549365968 -0.00974209112314355 -0.014885599300063923 -0.11974698305130005 0.009757263460183907 0.9999519384128338 0.0009469613137907005 -0.23916226625442505 0.01487565878778696 -0.0010920541985726118 0.9998887777987875 16.020334243774414
0.9998254228857917 -0.008367946667095538 -0.01670359369198285 -0.14544415473937988 0.008368402754380111 0.9999649660609529 -4.25782158502315e-05 -0.2583628296852112 0.016703365370631218 -9.721162108101977e-05 0.9998604655265808 16.974586486816406
0.9998034875318638 -0.006831254561357979 -0.018610087685260006 -0.172169491648674 0.006838742476706933 0.9999765750861687 0.00033875000261752796 -0.27778711915016174 0.018607337027788162 -0.0004659530054913 0.9998267293182792 17.905187606811523
0.9997640302689774 -0.006864556192745271 -0.02060988818274459 -0.2004384845495224 0.006901172217978008 0.99997469242699 0.0017060114382796885 -0.2995337247848511 0.020597657188773155 -0.001847841326882621 0.999786138901225 18.84309196472168
0.9997329759207787 -0.00609726159129872 -0.022289162377440167 -0.23028963804244995 0.0061766711205457625 0.9999748103539866 0.0034955869872982195 -0.320751816034317 0.022267287597060204 -0.003632326321294954 0.9997454302026654 19.78464126586914
0.9997043057311501 -0.005478749175157892 -0.023690642811420443 -0.26195263862609863 0.005585318732073602 0.9999745567509574 0.004434555923190014 -0.3377937972545624 0.023665744811296463 -0.004565564529706412 0.99970948988285 20.71482276916504
0.9996647294055521 -0.0057789235314287144 -0.02523825169293628 -0.2964916527271271 0.005896171020509405 0.9999721517824752 0.004573688895328599 -0.34846577048301697 0.025211118161678314 -0.004720964623397383 0.9996709859038582 21.68834114074707
0.9996252712678242 -0.005494068552644528 -0.026816167724601818 -0.33297592401504517 0.005613647102041153 0.999974575846256 0.004385944681844179 -0.35657206177711487 0.026791391894221306 -0.004534837891936261 0.9996307529268549 22.67738914489746
0.9995929046895107 -0.004576780830366028 -0.028161799514195018 -0.3688054084777832 0.004718446776546342 0.9999765375121233 0.004966033246871069 -0.3639550507068634 0.028138410300016403 -0.0050968916043523105 0.9995910576771436 23.6392765045166
0.9995509425412479 -0.004010808680116636 -0.029696480880553235 -0.40047428011894226 0.004228676901080641 0.9999645705064308 0.00727733041465463 -0.37174907326698303 0.029666241258382797 -0.007399639178424566 0.9995324732336712 24.55585479736328
0.9995195321076551 -0.004353786038547262 -0.03068833688146912 -0.43101343512535095 0.004678996353344789 0.9999335827591997 0.010533360885379593 -0.3810558021068573 0.030640438199043274 -0.010671890782114724 0.9994735389260967 25.430482864379883
0.9995046289159433 -0.003176143498908856 -0.03131143040699768 -0.46159273386001587 0.0035706176967807424 0.9999148689991241 0.01255055585415366 -0.3934094309806824 0.031268902122974396 -0.012656139737771133 0.9994308744490326 26.280031204223633
0.9994990833095123 -0.0013748870424252454 -0.03161794772920217 -0.4936069846153259 0.001730759773330523 0.9999354697636766 0.011230792272383973 -0.40361475944519043 0.0316004641354084 -0.01127988944678121 0.9994369467132316 27.156360626220703
0.9994842411623779 0.001076661733046948 -0.032096214509412274 -0.5280066728591919 -0.0008032522216493143 0.9999633025476127 0.008530112897142707 -0.41288501024246216 0.03210422024130821 -0.008499931636837932 0.9994483776619916 28.046905517578125
0.9994750630773055 0.0023358510270293934 -0.03231336031390883 -0.5601715445518494 -0.0021335019435923946 0.9999779339122646 0.006295148863104172 -0.42123618721961975 0.03232735022902489 -0.006222903524191303 0.9994579654853801 28.932048797607422
0.9994615355018368 0.004009457042819508 -0.03256632658640853 -0.5896487832069397 -0.003815442916794254 0.9999746502476573 0.006017464518450051 -0.43557941913604736 0.0325896255671978 -0.005889969192980349 0.9994514676677113 29.79037857055664
0.9994542642621802 0.004225856542692121 -0.0327619426221983 -0.6130162477493286 -0.004041614812324845 0.9999756601841953 0.005687837821803971 -0.4530498683452606 0.03278518095612526 -0.005552322498358769 0.9994469964046324 30.60614585876465
0.9994159391603574 0.004373021359177356 -0.0338933264847794 -0.6373924016952515 -0.0042049668249243 0.9999785605841617 0.005028034129915988 -0.4756416380405426 0.033914584666490555 -0.004882576849532111 0.9994128415017656 31.383764266967773
0.9993720116146072 0.0046338458239753525 -0.03512942381538895 -0.6653949618339539 -0.004457271428890935 0.9999770517102338 0.005103043191074116 -0.4978265166282654 0.035152263939380646 -0.0049432572412428655 0.9993697480379531 32.166412353515625
0.9993315405409575 0.004709071063826887 -0.036253505583987614 -0.6938400268554688 -0.004489518767814005 0.9999711317906412 0.0061350546760429725 -0.5223396420478821 0.03628134727478027 -0.0059681926316779155 0.9993237970387625 32.91457748413086
0.9992761083598722 0.004656342325683098 -0.037756659328874544 -0.7229517698287964 -0.004344452145291222 0.9999557418706801 0.008338381838872576 -0.543973445892334 0.03779381886124611 -0.008168314186658976 0.9992521644109686 33.64060974121094
0.9992172873450187 0.006768827832916331 -0.03897385042652843 -0.7571308016777039 -0.0063777248995542934 0.9999281539520279 0.010150605398470148 -0.5656196475028992 0.03903975710272789 -0.009894096208499237 0.9991886989263463 34.36988830566406
0.9991584090239485 0.0085361179398823 -0.04012046372859987 -0.7949201464653015 -0.008107082453491898 0.9999083553889101 0.01084424300628436 -0.5884409546852112 0.04020935297012329 -0.010509856379286475 0.9991360158019233 35.10177230834961
0.9990671227630656 0.011616959472820501 -0.04159222484861384 -0.8369839787483215 -0.011197544947892601 0.9998841831912559 0.010302786450759294 -0.6094468832015991 0.04170709848403931 -0.009827444793314655 0.9990815345363728 35.82736587524414
0.9989775048866356 0.013644259648256638 -0.043102468355749164 -0.884087085723877 -0.013248767991845545 0.999867600255414 0.009448005864121851 -0.6337400674819946 0.04322567209601402 -0.008867290433316466 0.9990259777194588 36.55360794067383
0.9989273252768278 0.013960369857188371 -0.04415138244589803 -0.9235674738883972 -0.013504199530571137 0.9998524468911091 0.010613429465047872 -0.652380108833313 0.04429303854703903 -0.010005815805734064 0.998968471666025 37.23685073852539
0.9988925301201768 0.014897113631949356 -0.04462953836781566 -0.961485743522644 -0.014351056275564988 0.9998184880629225 0.01253087189415551 -0.669693112373352 0.04480811208486557 -0.011876512999300926 0.9989249820241852 37.90226364135742
0.9988823104468452 0.017227357614862458 -0.044014545627916464 -0.9968034029006958 -0.016647588436701 0.9997701800210493 0.01350500568395729 -0.6885854005813599 0.04423708841204643 -0.012757175912209817 0.9989395939826409 38.552616119384766
0.998893732987149 0.019945743600095534 -0.04258576790975595 -1.026824712753296 -0.0194670493790825 0.999742933389837 0.011626013866191677 -0.7047693729400635 0.042806707322597504 -0.010784132969750226 0.9990252194117559 39.21009063720703
0.9989491098092351 0.020934657905909634 -0.04077289045181742 -1.0533517599105835 -0.0205905323428085 0.9997488772304919 0.008841849085543307 -0.7231391668319702 0.04094775393605232 -0.007993021877520934 0.9991293221938768 39.85331726074219
0.9990399934628513 0.02139401247636416 -0.03822872562644478 -1.0753368139266968 -0.021130216809754687 0.999750187471586 0.007291258340393893 -0.7434983253479004 0.038375161588191986 -0.006476477161645955 0.9992424404192661 40.48682403564453
0.9991613909639874 0.022654373764564972 -0.034107297811652885 -1.0924084186553955 -0.02239129734411871 0.999716694795546 0.008075542913866305 -0.7642486095428467 0.034280579537153244 -0.007305063804322193 0.9993855514119332 41.11721420288086
0.9991619537099012 0.027759784318692148 -0.030080049291973235 -1.1074059009552002 -0.027422923089448048 0.9995571588031597 0.011554157117954806 -0.7843314409255981 0.03038746863603592 -0.01071959081955165 0.9994806912930727 41.70098114013672
0.9991323945256525 0.03301086630186191 -0.025391283814826734 -1.1170204877853394 -0.03261714410133232 0.9993435355867896 0.015767231368203644 -0.8040147423744202 0.02589510567486286 -0.014925360784090458 0.9995532409595143 42.26686096191406
0.9990789675053051 0.03761804572315737 -0.020642193887678992 -1.1215184926986694 -0.03726338619670022 0.9991556261653266 0.01730517901894526 -0.8207216858863831 0.021275751292705536 -0.0165200415358151 0.9996370982308989 42.8557243347168
0.9990354600334932 0.041346154231861124 -0.014786466921027797 -1.1190471649169922 -0.0410783359621576 0.9989941431386786 0.01797941090296788 -0.8358696103096008 0.015514973551034927 -0.017354666469170277 0.9997290554108424 43.438270568847656
0.9989272304414953 0.04533586183897925 -0.009436326086489186 -1.1120491027832031 -0.04513891731917852 0.9987778188610759 0.020131066492296065 -0.8516838550567627 0.010337453335523605 -0.019683526090901182 0.9997528298868019 43.95805740356445
0.9987421162199865 0.05002420823118608 -0.0034290707845365913 -1.103503942489624 -0.049938668181919166 0.9985177425361325 0.021641942766619394 -0.8644404411315918 0.0045066094025969505 -0.021443477545492584 0.9997599148209275 44.49171829223633
0.9985755740405331 0.053205217720326256 0.003990495759323179 -1.085724115371704 -0.0532780519902285 0.9983554456505591 0.021161967323607308 -0.8738929033279419 -0.002858006162568927 -0.021344430504932288 0.9997680792640935 45.01982498168945
0.9983129969391058 0.056666151217587966 0.01265416202965498 -1.0619665384292603 -0.05692065589099626 0.9981630901920069 0.020749942320004815 -0.8832343220710754 -0.011455097235739231 -0.02143521931914527 0.9997046144594712 45.52268981933594
0.9978506579028092 0.06169294534572933 0.02209210277653553 -1.0331674814224243 -0.06213734782464009 0.9978666262347182 0.020027946220515746 -0.8939313292503357 -0.020809389650821686 -0.021357643432953544 0.9995552795616227 45.98735427856445
0.9973292778187641 0.0655428120309621 0.03222472952551078 -0.9947940111160278 -0.0661053176307771 0.9976727061029173 0.016710591370192557 -0.9059029221534729 -0.031054474413394928 -0.018796187809256182 0.9993409175304038 46.432804107666016
0.9967193581246647 0.0677035197315348 0.04434754013144714 -0.9459127187728882 -0.06833853031903647 0.9975779919461504 0.012961217883636137 -0.918860912322998 -0.043362610042095184 -0.015949342635268593 0.9989320642380406 46.8530387878418
0.9960941638921099 0.06821132329404497 0.0560677307490908 -0.8911961317062378 -0.06897414634777022 0.9975488378071112 0.011782487481026215 -0.9301197528839111 -0.055126603692770004 -0.015603691331678604 0.9983574221002129 47.26154327392578
0.9954689271234045 0.06729991929342084 0.06717344618378548 -0.8312919735908508 -0.06827161301062334 0.9975912622668298 0.012273615501778079 -0.9416332840919495 -0.06618563085794449 -0.01680404335149077 0.9976658354029873 47.67251968383789
0.9944538776006446 0.0684666048804932 0.07983614971863362 -0.7632524967193604 -0.06965035296138744 0.9974976700552051 0.012134682346840606 -0.9540005922317505 -0.07880555093288422 -0.01762799796643799 0.9967341516916655 48.041839599609375
0.9928260570421372 0.07130229997901168 0.09598152597332524 -0.6868840456008911 -0.07265924234816268 0.9972993155109114 0.010713048790452432 -0.9643830060958862 -0.09495843946933746 -0.01761013857969873 0.9953254974908674 48.40869140625
0.9908953111890426 0.07641461240357264 0.1108478177703468 -0.6179772019386292 -0.07779564871862288 0.9969357289065652 0.008181359931856792 -0.9722813963890076 -0.10988298058509827 -0.016730349757212437 0.9938037034191112 48.69316864013672
0.9885754229380339 0.08014739896122469 0.12765175551235186 -0.5380176901817322 -0.08158980170767549 0.9966472846505575 0.00610242584576288 -0.9782091975212097 -0.1267346888780594 -0.016447789690691716 0.9918002249126623 48.99322509765625
0.9866178988286762 0.07963063111455254 0.14228153321361228 -0.4586244821548462 -0.08126952818088684 0.9966756357758073 0.005735541728339136 -0.9863044023513794 -0.1413518190383911 -0.017221941840014132 0.9898096020839056 49.244361877441406
0.9848689956935743 0.07849067685557085 0.15450659684787715 -0.3786064684391022 -0.07992938076674427 0.9967956614105145 0.003111841762376435 -0.9935696125030518 -0.15376725792884827 -0.015414372565274226 0.98798682006192 49.47676086425781
0.9826810657483698 0.07800615383017336 0.16808648459953557 -0.2962280213832855 -0.07867412495781378 0.9968967773690018 -0.0026921538425943702 -0.9990410208702087 -0.16777487099170685 -0.010578527888851219 0.9857685978831299 49.68345260620117
0.9804867135268438 0.07932429367769908 0.17987068443476503 -0.2146144062280655 -0.07917134818992633 0.9968286349113724 -0.008040587585527142 -1.0045021772384644 -0.17993804812431335 -0.006356915025607063 0.9836574025587268 49.90389633178711
0.9779709563860983 0.08115249763014308 0.19232014630634506 -0.14188693463802338 -0.08046633078236942 0.9966922263347133 -0.011388984208183937 -1.0106465816497803 -0.19260825216770172 -0.004337200958649118 0.9812661451565674 50.080535888671875
0.9750171631091078 0.08273505619941059 0.20614660826105408 -0.06672746688127518 -0.08166092214796805 0.996565630596346 -0.013728618508831284 -1.0152757167816162 -0.2065744549036026 -0.003448483410698394 0.9784248020166046 50.262733459472656
0.9715475585702933 0.083968295241952 0.22146022502101498 0.013593092560768127 -0.08246203627546267 0.9964648327754436 -0.01605555176275293 -1.0183167457580566 -0.22202549874782562 -0.002663329046088611 0.9750371916548168 50.466835021972656
0.9674703019166842 0.08362486703253268 0.23876363746690615 0.10155606269836426 -0.08171302777149059 0.9964949097652505 -0.017912387136549388 -1.020991325378418 -0.2394246757030487 -0.0021803972761885726 0.9709125293237975 50.670719146728516
0.9627797843355168 0.08296542690106344 0.2572386769016255 0.19563356041908264 -0.08077263279741231 0.996549556265564 -0.019098584497054143 -1.0244821310043335 -0.25793561339378357 -0.0023901142406204667 0.966159148557999 50.865081787109375
0.9576380477898638 0.08379562121602464 0.2755134711183984 0.2900328040122986 -0.08101376092667589 0.9964813956647065 -0.021483248555420338 -1.0270851850509644 -0.27634426951408386 -0.0017472063382439201 0.9610571319076655 51.062503814697266
0.9516440442360263 0.08630007724667034 0.2948321199765979 0.3768274486064911 -0.08254757417849312 0.996269165477719 -0.02517431303562678 -1.0296759605407715 -0.29590466618537903 -0.000380691203530209 0.9552174237240862 51.2315559387207
0.9448003525830018 0.08818197006084913 0.3155569917252769 0.4687890112400055 -0.0833890962409356 0.9961040624218089 -0.028686959458197322 -1.0279141664505005 -0.3168572783470154 0.0007894370512757931 0.948472875902695 51.3970832824707
0.937264323746767 0.08960934912085469 0.33690628351021057 0.5839555263519287 -0.08400983571053189 0.9959765886775762 -0.031193819472463562 -1.02542245388031 -0.338346004486084 0.0009334125464905557 0.9410213513270378 51.605133056640625
0.9285970693822563 0.09235093902854974 0.35941434201495975 0.7083024382591248 -0.08590484735266424 0.9957262828071732 -0.03390311735586262 -1.0248446464538574 -0.3610093295574188 0.0006069012640718789 0.9325619500727242 51.80644989013672
0.9193436445925833 0.09448572785306598 0.38194208760682863 0.8426914811134338 -0.08718343942020956 0.9955262210644124 -0.03642300611757686 -1.023492455482483 -0.3836748003959656 0.00018623433358085084 0.923468291759491 52.00814437866211
0.9092366373136826 0.09572495302985402 0.4051239139894525 0.9847887754440308 -0.08747169533313937 0.9954078018445016 -0.03888412794658729 -1.0211138725280762 -0.40698570013046265 -8.200184112822084e-05 0.9134345054626465 52.208499908447266
0.8969373148522664 0.09428218462149886 0.4319888095606551 1.1511614322662354 -0.08506851710745167 0.9955454870025915 -0.040651687636233357 -1.0203410387039185 -0.4338972270488739 -0.00028663187015803837 0.9009622990511446 52.400691986083984
0.8841271436508435 0.09119843884889435 0.4582597663171413 1.3335875272750854 -0.08096039784099496 0.995832754111069 -0.041982961683808315 -1.0206876993179321 -0.46017885208129883 1.7382999441310776e-05 0.8878262042999268 52.595863342285156
0.8679083639531946 0.08985697044936061 0.4885292800958428 1.5386861562728882 -0.07770074731609489 0.9959539062113951 -0.045148330175269064 -1.0207335948944092 -0.4906095564365387 0.0012255232174999686 0.8713786713211285 52.79997634887695
0.8496717675504328 0.09125516341792388 0.5193557445306697 1.753462791442871 -0.07619587433615305 0.9958224672565948 -0.050317069166247654 -1.0227428674697876 -0.5217778086662292 0.0031802278756109803 0.8530754559919593 53.00138473510742
0.8303844335203792 0.09322340342418772 0.549337010312833 1.9700124263763428 -0.07514450744701229 0.9956341012242008 -0.05537143723139336 -1.0252100229263306 -0.5521005988121033 0.004699920430614735 0.8337642777797569 53.189876556396484
0.8089522948128085 0.0952328533311306 0.5801093297559853 2.2136549949645996 -0.07441592871159974 0.9954420705423805 -0.05964366443477068 -1.031095027923584 -0.583145260810852 0.005079504599364931 0.8123519744481484 53.39167404174805
0.7853567330671964 0.0977358429004628 0.6112793906686507 2.47568678855896 -0.07433777830771682 0.9952021262248324 -0.06361288393490372 -1.036486268043518 -0.6145638227462769 0.0045176550489750555 0.788854185434765 53.585113525390625
0.7601528485734264 0.10114570482656117 0.6418233346743644 2.760885000228882 -0.07469798636274128 0.9948636558106781 -0.06831209412117392 -1.0417886972427368 -0.64543616771698 0.003984722281138331 0.7638038307642887 53.774715423583984
0.73408334209131 0.10110945334054695 0.6714897509194195 3.059192419052124 -0.07224355649397296 0.9948691875681716 -0.0708244479180394 -1.0457574129104614 -0.6752055287361145 0.0034802397950066677 0.7376214303526325 53.94258499145508
0.7067572751880391 0.0985698922621849 0.7005555403710062 3.3759963512420654 -0.06833271938483065 0.9951273140571004 -0.07107921871892417 -1.0477335453033447 -0.7041482329368591 0.0023648898350756564 0.7100490310832299 54.083717346191406
0.6778935488390196 0.09567426992106787 0.7289079548239623 3.7090182304382324 -0.0640691947386336 0.9954116508229833 -0.07106958097499369 -1.0510274171829224 -0.7323629260063171 0.0014770646898233514 0.6809128787717817 54.22474670410156
0.6443120818398995 0.0930377780636043 0.7590822703493444 4.062223434448242 -0.05982813987237101 0.9956624459277198 -0.0712521298088664 -1.0526221990585327 -0.7624188661575317 0.00049412785179637 0.6470836260665003 54.34246063232422
0.6090474451374313 0.09026990664246042 0.7879800245362506 4.44968318939209 -0.05493534906104136 0.9959172302804906 -0.07163014995601957 -1.0530325174331665 -0.7912290096282959 0.0003382021408137627 0.6115198830032362 54.453086853027344
0.5717737354702876 0.08665979112894942 0.8158215625728636 4.894964218139648 -0.05018339358073831 0.996237801329408 -0.07065296358193132 -1.0501289367675781 -0.8188750743865967 -0.0005431856410347824 0.5739714746609934 54.564002990722656
0.5327816078792722 0.08306149447085356 0.8421666503157595 5.392673015594482 -0.04608704534625474 0.9965424915720065 -0.06913118977346518 -1.0462628602981567 -0.8449969291687012 -0.001981146043562254 0.5347675383872712 54.67028045654297
0.48898437717328846 0.08098864673207538 0.8685247065039937 5.924796104431152 -0.04273417396682966 0.9967091191073197 -0.06888207267840396 -1.0409196615219116 -0.8712451457977295 -0.0034334286181675333 0.4908361883309311 54.74880599975586
0.4460657638628156 0.08086927461407167 0.8913391503769501 6.46813440322876 -0.040124273424274826 0.9967150775172483 -0.07034983170836456 -1.0365328788757324 -0.8941003084182739 -0.004383684186920478 0.4478452751125559 54.810516357421875
0.3989963248518009 0.08168788702029509 0.9133066085017262 6.9910125732421875 -0.036302563173839175 0.9966502598286106 -0.07328279437053122 -1.0316307544708252 -0.9162335991859436 -0.003915805448012288 0.4006252934824417 54.82246017456055
0.3530988257242651 0.07580970108786396 0.9325095383672783 7.5219902992248535 -0.030321659718264282 0.9971153904863789 -0.06958049530999162 -1.0303773880004883 -0.9350945353507996 -0.0037064457076130264 0.3543789483501847 54.799312591552734
0.31192954985830035 0.06758653260198524 0.947698299688188 8.109167098999023 -0.02521403899178698 0.9977042015165055 -0.06285372346344614 -1.0303205251693726 -0.9497706294059753 -0.004289368162068041 0.3129175481566193 54.763885498046875
0.2655145124907392 0.061344570597907766 0.9621531829108445 8.692919731140137 -0.020151359259750423 0.9981087113779077 -0.05807606258746571 -1.0322710275650024 -0.9638962149620056 -0.003968657143395615 0.26624853358198663 54.70219421386719
0.21951996286326292 0.06080310567380449 0.9737114329975798 9.253043174743652 -0.016520280185858827 0.9981446030395679 -0.05860438151098399 -1.0313878059387207 -0.975468099117279 -0.0032211539509578307 0.22011714442276897 54.631988525390625
0.1787123841143341 0.05528913635956063 0.9823466292615172 9.828581809997559 -0.01233046708137997 0.9984672974355977 -0.05395324175646088 -1.0321978330612183 -0.9838240742683411 -0.00247068039941864 0.1791202185710361 54.534236907958984
0.14355719418764679 0.0488873770195877 0.9884337355832739 10.40230655670166 -0.009225961830762186 0.9988018032293854 -0.048060220991635094 -1.0385901927947998 -0.9895989894866943 -0.0022198614772683117 0.14383621996663543 54.438777923583984
0.1111421294901529 0.04208234989183014 0.9929130841857878 10.97656536102295 -0.006611888296942647 0.9991122106275531 -0.04160498061973563 -1.0463769435882568 -0.9937825202941895 -0.0019409643496101359 0.11132170775489136 54.333702087402344
0.08352631165381297 0.0366670802574785 0.9958307909708823 11.546586036682129 -0.004650191008013449 0.9993263254329341 -0.036405747123831066 -1.0503206253051758 -0.996494710445404 -0.0015899655328190931 0.08364054699922718 54.229061126708984
0.06029492847498319 0.03534787417510597 0.9975545282346052 12.117998123168945 -0.0032224080442506964 0.9993744883361184 -0.035217590117504485 -1.0537874698638916 -0.9981753826141357 -0.001091085667382155 0.06037111902266523 54.1060791015625
0.040722246340356705 0.03432752133415773 0.9985807215020666 12.727575302124023 -0.002150050648929147 0.9994103981542983 -0.03426836586715236 -1.0587424039840698 -0.9991682171821594 -0.0007515142474298631 0.040772039933765214 53.98725128173828
0.024331552560805436 0.03444259820852776 0.9991103849299655 13.310846328735352 -0.0012693139866979536 0.9994065527976097 -0.03442189319902065 -1.0641194581985474 -0.9997031092643738 -0.0004306467033943426 0.024360832737743143 53.872093200683594
0.011545415030961625 0.03379113002230917 0.9993622317204613 13.835447311401367 -0.00056161779521232 0.9994289142213835 -0.033786895657002 -1.0691280364990234 -0.9999331831932068 -0.00017117587048220018 0.011557798650437157 53.7628059387207
0.001494415013788719 0.03185539441358878 0.999491367526505 14.372627258300781 -6.693161579964489e-05 0.9994924981330318 -0.031855329156053845 -1.0731009244918823 -0.9999988675117493 -1.9292490374588772e-05 0.0014957887538477321 53.665157318115234
-0.006076384428603254 0.03050986486036869 0.999515988641063 14.969764709472656 0.000268241056228663 0.9995344353113562 -0.030508798970501926 -1.0804849863052368 -0.9999815225601196 8.272803753918813e-05 -0.006081739773102779 53.56571960449219
-0.010670015123050325 0.03040086911999433 0.9994808620090494 15.544159889221191 0.0005047455303859964 0.9995377863804942 -0.030397213260486708 -1.090712070465088 -0.99994295835495 0.0001801447660617645 -0.010680427610875731 53.491268157958984
-0.013742143690245734 0.026159219901583083 0.9995633521745763 16.127429962158203 0.0006948551685971929 0.9996577391051459 -0.026152138810390885 -1.1004693508148193 -0.9999053478240967 0.0003351653079264761 -0.013755616983183727 53.442291259765625
-0.015185949881893701 0.019277809948346148 0.9996988226225318 16.771556854248047 0.000757701151320303 0.9998140223899927 -0.019268524214195157 -1.10849928855896 -0.9998844265937805 0.0004648621324571736 -0.015197733323568774 53.392513275146484
-0.015546309838375016 0.0143137632696363 0.9997767192229106 17.461759567260742 0.0007463464019207 0.9998974325391707 -0.014303887247278442 -1.1128008365631104 -0.9998788833618164 0.0005238070692877572 -0.015555397582410535 53.34086227416992
-0.014964855938960187 0.012965898964923832 0.9998039970940215 18.154001235961914 0.0006662577719189107 0.9999158490465144 -0.012957379393085618 -1.114713191986084 -0.9998878240585327 0.00047222187227443854 -0.014972235414539958 53.301570892333984
-0.013750373796663773 0.018629827451671226 0.99973188947048 18.838966369628906 0.000590244562200623 0.9998263876691427 -0.018623470430983287 -1.1209524869918823 -0.9999052882194519 0.0003340066451449006 -0.013758983274475556 53.272029876708984
-0.011932399497087576 0.026073504410920597 0.9995887641844516 19.560325622558594 0.0005082543354529429 0.9996599865377761 -0.026069292963197363 -1.126671314239502 -0.9999286532402039 0.00019697611219495273 -0.011941594739181882 53.2516975402832
-0.00944058786235491 0.025926585461680876 0.9996192537443146 20.25046730041504 0.00039359205668595965 0.9996638240822414 -0.025924024046826005 -1.133291244506836 -0.9999553561210632 0.00014870417257110968 -0.009447618747731035 53.24109649658203
-0.007031759125588177 0.02144583004494733 0.9997452904590247 20.951475143432617 0.00029873884923966275 0.9997700360645345 -0.021444257318106882 -1.143886923789978 -0.9999752044677734 0.00014787190174807546 -0.0070365485978556574 53.240478515625
-0.004527802300835881 0.015542456293841489 0.9998689685478482 21.69930648803711 0.00019794777009102954 0.9998791941042166 -0.015541720442588808 -1.1601067781448364 -0.9999897480010986 0.0001275519935112282 -0.004530331852751479 53.24833679199219
-0.001356638191959407 0.01564446857132178 0.9998767091047382 22.40935516357422 6.246290401895876e-05 0.9998776005680612 -0.015644400353322742 -1.1779541969299316 -0.9999991059303284 4.123141277471531e-05 -0.0013574493678869398 53.26091384887695
0.0013697355219460874 0.014179194054585498 0.999898526857994 23.134254455566406 -5.5581263048184656e-05 0.9998994783969335 -0.014179130270853373 -1.1971255540847778 -0.9999990463256836 -3.615396249489924e-05 0.0013703858501230848 53.265167236328125
0.0035955155989536164 0.019358583431603675 0.999806094680526 23.83289909362793 -0.00014405310995940605 0.9998125796108649 -0.01935818913754691 -1.2159818410873413 -0.9999935030937195 -7.44225061806666e-05 0.003597630385195019 53.27397918701172
0.006044889282861843 0.026046384853748036 0.9996425273283748 24.492753982543945 -0.000276759991461659 0.999660786769994 -0.026045187965100233 -1.2267154455184937 -0.999981701374054 -0.00011922077275319451 0.006050047019757754 53.3022575378418
0.0094402646024776 0.02656376460182432 0.9996025588463789 25.221519470214844 -0.0004787657447216376 0.9996471374049518 -0.026560424881857073 -1.237799882888794 -0.9999552965164185 -0.00022783801629284658 0.009449650959193923 53.33316421508789
0.013594551690748746 0.019735639912075397 0.9997127724384152 25.90960121154785 -0.0006486572381287081 0.999805133329185 -0.019728642020369162 -1.2472020387649536 -0.999907374382019 -0.0003802689015220892 0.013604704924188082 53.35491943359375
0.01691135074519967 0.015896343177622105 0.9997306498304893 26.605436325073242 -0.0007274093533668272 0.9998735876846017 -0.01588630965601119 -1.2582967281341553 -0.99985671043396 -0.00045855444492980124 0.01692077513280188 53.37372970581055
0.019120894027992996 0.02112806429190265 0.999593918786398 27.273109436035156 -0.0008303200735774174 0.9997766890550245 -0.021116044592358954 -1.2749195098876953 -0.9998168349266052 -0.0004262252382678175 0.019134166865378832 53.39796829223633
0.022082844050007155 0.02636515115350842 0.9994084280991419 27.96750831604004 -0.00105482861894593 0.9996522834394775 -0.026348274315681458 -1.2860311269760132 -0.9997555613517761 -0.0004723597574953359 0.022102975176290673 53.4358024597168
0.025265172540230196 0.026900204944254786 0.9993188026231158 28.6531982421875 -0.0012382093861491583 0.9996379532755268 -0.02687749351467405 -1.2957148551940918 -0.9996800422668457 -0.000558301419885332 0.025289333898300015 53.46658706665039
0.02832761288369312 0.021173307325686435 0.9993744053467536 29.338726043701172 -0.0013010674380987686 0.9997755552303128 -0.02114492724880867 -1.3030149936676025 -0.9995978474617004 -0.000701268198269489 0.028348803388515975 53.49544143676758
0.03201973740104558 0.01721736067511354 0.999338956138221 30.01252555847168 -0.0013327671851304235 0.9998515108581314 -0.017183486520155195 -1.3147759437561035 -0.9994863271713257 -0.0007816754042490673 0.032037928022060624 53.523406982421875
0.035283855327325364 0.015440350388789128 0.9992580968049048 30.6822509765625 -0.001362527610998629 0.9998804914437998 -0.015401857678985074 -1.3247089385986328 -0.9993764162063599 -0.0008180798101663014 0.035300675683105576 53.553382873535156
0.03778748066327031 0.014550353830750363 0.9991798294742269 31.320907592773438 -0.0014322516011235215 0.9998937446144125 -0.01450658239353439 -1.3375083208084106 -0.9992847442626953 -0.0008829096776848538 0.03780430397141954 53.585411071777344
0.041235376486759456 0.01227648735199574 0.9990740495085171 31.963634490966797 -0.0015231908757036838 0.9999241254980153 -0.012224066156191864 -1.3514678478240967 -0.9991483092308044 -0.001017716454178308 0.04125094509746674 53.61956024169922
0.044550947519661044 0.009632677445377633 0.998960675221457 32.61124038696289 -0.0015605921166255698 0.9999529473765747 -0.009572648769635587 -1.362702488899231 -0.999005913734436 -0.0011324996030227241 0.04456388480380302 53.65650177001953
0.04767693250874183 0.011719088660603307 0.9987940903583816 33.259315490722656 -0.0017540327347386614 0.9999306593310862 -0.01164869530724745 -1.3731683492660522 -0.9988612532615662 -0.0011965434010184142 0.04769417948290289 53.70092010498047
0.0506403761761689 0.017161187006709964 0.9985695261107529 33.9095458984375 -0.002020957895754502 0.999852081844254 -0.017080741279194844 -1.3881157636642456 -0.9987149238586426 -0.0011530917784249445 0.050667566435433686 53.75177001953125
0.0533179686992129 0.015909326664389663 0.9984508019110665 34.54481887817383 -0.002052947029494087 0.9998726953598069 -0.015822352318599915 -1.4052479267120361 -0.9985754489898682 -0.0012061509668935613 0.05334384405558246 53.7933464050293
0.05596953188687426 0.01747613602788255 0.9982795587900062 35.205528259277344 -0.0022731928849973743 0.9998464755424136 -0.017376118459844603 -1.4206050634384155 -0.9984298944473267 -0.0012967487041980058 0.05600066280541327 53.8434944152832
0.058452992688198924 0.019622512925408297 0.9980973135261708 35.86431884765625 -0.002485198611333783 0.9998065702913692 -0.01951057366172041 -1.4358700513839722 -0.9982870817184448 -0.0013400186469596786 0.058490452377549795 53.894500732421875
0.060948953469089684 0.022590210819052783 0.9978851913184849 36.548973083496094 -0.0027671867196032707 0.9997438046932791 -0.022463272459654668 -1.4475442171096802 -0.9981370568275452 -0.0013922217212675725 0.06099585084390524 53.951087951660156
0.06446829160023793 0.02716448866586301 0.9975499692257372 37.22468566894531 -0.003042323435092059 0.9996301763459774 -0.027024517330413937 -1.4637922048568726 -0.9979150891304016 -0.0012926451531855149 0.06452709125153921 54.01158142089844
0.06808947295383838 0.032078546778510436 0.9971633381055596 37.891239166259766 -0.00327894972681278 0.9994847375372519 -0.03192932664360566 -1.4809234142303467 -0.9976738095283508 -0.0010955974573617633 0.06815957451593357 54.07099533081055
0.07206008056220448 0.03458539192744242 0.9968005119378167 38.58759689331055 -0.0034406858986711364 0.9994013042715637 -0.03442690046986462 -1.4952330589294434 -0.9973943829536438 -0.0009488722576225725 0.07213593701733023 54.13407516479492
0.07483706681554025 0.044001357843512126 0.9962245698385678 39.27720260620117 -0.004085273613874341 0.9990311795298119 -0.04381843510753416 -1.5078649520874023 -0.9971874356269836 -0.0007906068030565927 0.07494432169551501 54.20945739746094
0.07792635605744458 0.04722652753543511 0.9958399459037419 39.996158599853516 -0.004580108041965958 0.9988838293626251 -0.047012478269920034 -1.5200432538986206 -0.9969485998153687 -0.0008975433792339227 0.07805567565758942 54.293575286865234
0.0816572761774026 0.04593569316499028 0.9956013155242185 40.75593566894531 -0.004636887774237819 0.9989439961891154 -0.04570961150485496 -1.5393732786178589 -0.9966496825218201 -0.0008839692090079065 0.08178404551467011 54.37395095825195
0.08633862782640778 0.04794416290397472 0.9951115853538759 41.54938507080078 -0.004950146280545131 0.9988497259086716 -0.04769477687351961 -1.5593361854553223 -0.9962535500526428 -0.0008080463027163032 0.08647664316506543 54.46635818481445
0.09081454867475003 0.051941341259723356 0.9945123790757183 42.341712951660156 -0.005498562419450681 0.9986498561376679 -0.05165532928476356 -1.57539963722229 -0.9958526492118835 -0.0007773329787403305 0.09097753880710258 54.57014465332031
0.09581621893558934 0.05124030338903471 0.9940793141243384 43.13330078125 -0.005910676954625049 0.9986858722092092 -0.050908036606280786 -1.5902290344238281 -0.9953814744949341 -0.0009978661235708272 0.09599317017144227 54.67184066772461
0.10151359842444174 0.05061511405781462 0.993545725621827 43.96895217895508 -0.00621438188368742 0.9987176494323201 -0.050243651195812596 -1.6073192358016968 -0.9948147535324097 -0.0010738587726450144 0.10169796836972322 54.78531265258789
0.10814921472498895 0.05739857512547729 0.992476257879725 44.744224548339844 -0.006931391181260738 0.9983510549832688 -0.05698303124218394 -1.6225345134735107 -0.9941105246543884 -0.000716571123585627 0.1083687381627012 54.90267562866211
0.1132938026409569 0.06686235142673622 0.9913092386695237 45.54486846923828 -0.007338127438094588 0.9977621957211865 -0.06645894284182914 -1.6377341747283936 -0.9935344457626343 0.0002550328304103122 0.11353091786441283 55.02000427246094
0.12122455745648653 0.0735072266622784 0.989899668671051 46.316062927246094 -0.008015509811490962 0.9972942802974053 -0.07307473997709296 -1.6571143865585327 -0.9925927519798279 0.0009239024805818286 0.12148575202863965 55.14722442626953
0.12714554944266432 0.08011205488189571 0.98864354089928 47.085697174072266 -0.008827580065574603 0.9967848894652666 -0.07963648473252422 -1.6802966594696045 -0.9918447732925415 0.0013980946519926707 0.12744396336715802 55.28288269042969
0.13582130969561845 0.08180932370334856 0.9873499458315527 47.87120056152344 -0.009923588637944514 0.9966472678118921 -0.08121457643774088 -1.6999568939208984 -0.9906836748123169 0.0012326153932448736 0.13617777478919457 55.43805694580078
0.14432204272708304 0.07949833441927784 0.9863321692362662 48.671844482421875 -0.010498519572834653 0.9968344767828293 -0.07880865529841881 -1.7222013473510742 -0.9894750714302063 0.00101879851522102 0.14469980021658557 55.59836196899414
0.15228927394951697 0.0758028780010724 0.985424716140593 49.46538162231445 -0.011077906189610243 0.9971226989987062 -0.07499073256727858 -1.7432667016983032 -0.9882738590240479 0.0005038416700076653 0.15269083410851536 55.7667350769043
0.15893825533098394 0.0710359953140983 0.984729684343463 50.271705627441406 -0.011753845700445353 0.9974736704187739 -0.07005821053047465 -1.7628414630889893 -0.9872185587882996 -0.00043943098857719687 0.1593716621503063 55.944610595703125
0.16472793111976625 0.0653402742370792 0.9841724368189662 51.08885955810547 -0.012504136405703914 0.9978615646520056 -0.06415620060223412 -1.777038812637329 -0.9862597584724426 -0.0017379081532023777 0.16519269005678439 56.13727951049805
0.17164226427257745 0.06264763802863196 0.9831654130959274 51.939571380615234 -0.013000807065921549 0.9980331598975453 -0.061325320043490575 -1.7793495655059814 -0.9850735664367676 -0.002255927016852066 0.17211913794383804 56.33403778076172
