0.999998 0.000950121 0.00151086 -0.000489996 -0.000943593 0.99999 -0.00431571 -0.000495055 -0.00151494 0.00431427 0.99999 0.088765
0.999998 0.000950121 0.00151086 -0.000489996 -0.000943593 0.99999 -0.00431571 -0.000495055 -0.00151494 0.00431427 0.99999 0.088765
0.999997 -0.00141875 0.00174361 -0.00027484 0.00142781 0.999985 -0.00520271 -0.000223275 -0.0017362 0.00520519 0.999985 0.177546
0.999994 -0.00312894 0.00164473 0.0006999 0.00313108 0.999994 -0.00130476 7.69463e-05 -0.00164063 0.0013099 0.999998 0.265694
0.999986 -0.00507582 0.00158939 0.000193133 0.005069 0.999978 0.00427138 0.00025776 -0.00161103 -0.00426327 0.99999 0.352715
0.999964 -0.00852506 -0.000332063 0.000347018 0.00852648 0.999953 0.0045572 0.000653218 0.000293197 -0.00455987 0.99999 0.439167
0.999937 -0.0111434 -0.00110146 5.84538e-05 0.0111455 0.999936 0.00188694 0.000949621 0.00108036 -0.0018991 0.999998 0.526181
0.999933 -0.0114864 -0.00159042 0.000470075 0.0114837 0.999933 -0.00167187 0.00119197 0.00160952 0.00165349 0.999997 0.612428
0.999938 -0.0109772 -0.00180204 -0.000601509 0.0109723 0.999936 -0.0026685 0.00159341 0.00183121 0.00264856 0.999995 0.697387
0.999941 -0.0105279 -0.00248327 -0.00186998 0.0105271 0.999945 -0.000373486 0.00118553 0.00248706 0.000347323 0.999997 0.782713
0.999945 -0.0100697 -0.00281258 -0.00289482 0.0100765 0.999946 0.00240493 0.00115804 0.00278821 -0.00243314 0.999993 0.866883
0.999942 -0.0103255 -0.00315961 -0.00373916 0.0103369 0.99994 0.00359604 0.00172896 0.00312229 -0.00362849 0.999989 0.950951
0.999927 -0.0115692 -0.00350044 -0.00419573 0.0115854 0.999922 0.0046529 0.00175218 0.00344634 -0.00469312 0.999983 1.03491
0.999927 -0.0114789 -0.00383598 -0.0049431 0.0114965 0.999923 0.00460178 0.00215357 0.00378287 -0.00464554 0.999982 1.11667
0.999927 -0.0114559 -0.00379747 -0.00612201 0.0114671 0.99993 0.00293174 0.00234912 0.00376362 -0.00297507 0.999988 1.19322
0.999919 -0.0119501 -0.00439179 -0.00726033 0.0119557 0.999928 0.00124493 0.002638 0.0043766 -0.00129733 0.99999 1.27434
0.999889 -0.0134331 -0.00643868 -0.00709021 0.0134322 0.99991 -0.000178803 0.00304133 0.0064405 9.22977e-05 0.999979 1.3571
0.999889 -0.0128117 -0.00762641 -0.00844783 0.0128124 0.999918 4.94343e-05 0.00187082 0.00762515 -0.000147141 0.999971 1.43782
0.999913 -0.0108918 -0.00742352 -0.0115355 0.0108843 0.99994 -0.0010486 0.00185381 0.00743449 0.000967712 0.999972 1.52089
0.999911 -0.00943321 -0.00947347 -0.0124023 0.00941468 0.999954 -0.00199858 0.00263797 0.00949188 0.00190921 0.999953 1.60168
0.9999 -0.0098246 -0.0101494 -0.0140772 0.00981892 0.999952 -0.00060908 0.00214734 0.0101549 0.000509364 0.999948 1.68362
0.999892 -0.00948067 -0.0112674 -0.0153338 0.00948799 0.999955 0.000596471 0.00220613 0.0112612 -0.000703311 0.999936 1.76528
0.999884 -0.00934497 -0.0120332 -0.0172624 0.00935951 0.999956 0.00115295 0.00224786 0.0120219 -0.00126544 0.999927 1.84653
0.999867 -0.0102438 -0.0126694 -0.0188351 0.0102457 0.999947 8.77238e-05 0.00328668 0.0126679 -0.00021752 0.99992 1.92672
0.999839 -0.00963445 -0.0151484 -0.0202727 0.00963808 0.999954 0.000167062 0.002764 0.0151461 -0.000313036 0.999885 2.00696
0.999781 -0.0102939 -0.0182387 -0.0208108 0.0103045 0.999947 0.000489715 0.00273695 0.0182326 -0.000677548 0.999834 2.08698
0.9997 -0.0104649 -0.0221416 -0.0207516 0.010516 0.999942 0.00219117 0.00311273 0.0221174 -0.00242335 0.999752 2.16693
0.999687 -0.0114769 -0.0222404 -0.0230792 0.0116042 0.999917 0.00560679 0.00270818 0.0221742 -0.00586312 0.999737 2.24529
0.999641 -0.0118755 -0.0239981 -0.0251184 0.0120521 0.999901 0.0072295 0.00297604 0.0239099 -0.00751613 0.999686 2.3235
0.999628 -0.0110077 -0.0249503 -0.0278 0.0111473 0.999923 0.00546259 0.00360309 0.0248883 -0.00573869 0.999674 2.40059
0.999636 -0.00921777 -0.0253667 -0.0311192 0.00929433 0.999953 0.00290168 0.00354535 0.0253387 -0.00313639 0.999674 2.47614
0.999613 -0.0090085 -0.0263305 -0.0334714 0.00905009 0.999958 0.00146084 0.00368354 0.0263162 -0.00169857 0.999652 2.54981
0.999608 -0.00830043 -0.026751 -0.0357758 0.00833946 0.999964 0.00134753 0.0038447 0.0267389 -0.00157009 0.999641 2.6235
0.999582 -0.00847034 -0.0276263 -0.0381324 0.00850074 0.999963 0.000982995 0.00368729 0.027617 -0.00121743 0.999618 2.69473
0.999521 -0.00808189 -0.0298574 -0.0403088 0.00808288 0.999967 -8.73356e-05 0.003868 0.0298572 -0.00015404 0.999554 2.76741
0.999454 -0.0079825 -0.032055 -0.0427057 0.0079889 0.999968 7.14175e-05 0.00350661 0.0320535 -0.000327463 0.999486 2.83802
0.999409 -0.00762977 -0.0335234 -0.0457036 0.00767283 0.99997 0.00115625 0.00381677 0.0335136 -0.00141278 0.999437 2.90822
0.999344 -0.00858903 -0.0351751 -0.0482436 0.00872305 0.999955 0.00365827 0.00376914 0.0351421 -0.00396271 0.999374 2.97502
0.999281 -0.00805415 -0.0370474 -0.0511828 0.00822962 0.999956 0.00458626 0.00458475 0.0370089 -0.00488785 0.999303 3.0447
0.999195 -0.00667741 -0.0395555 -0.0532106 0.00687391 0.999965 0.00483388 0.0049265 0.0395218 -0.00510189 0.999206 3.11092
0.999137 -0.00420081 -0.0413272 -0.0566008 0.00436114 0.999983 0.0037902 0.00569634 0.0413106 -0.00396716 0.999138 3.1769
0.999046 -0.00238326 -0.0436068 -0.0595454 0.0025296 0.999991 0.00330104 0.00596339 0.0435986 -0.00340819 0.999043 3.24235
0.999002 -0.00197791 -0.044624 -0.0637507 0.00218191 0.999987 0.00452336 0.00583253 0.0446145 -0.00461621 0.998994 3.30521
0.998951 -0.000711566 -0.045793 -0.0672206 0.0010311 0.999975 0.0069545 0.00495077 0.0457869 -0.00699442 0.998927 3.36855
0.998963 0.00208904 -0.0454757 -0.0709986 -0.00174686 0.99997 0.00756299 0.00484201 0.0454901 -0.00747571 0.998937 3.43055
0.998992 0.00517273 -0.0445988 -0.0738972 -0.00495675 0.999975 0.00495189 0.0056426 0.0446233 -0.00472583 0.998993 3.48974
0.999063 0.00696053 -0.0427264 -0.076974 -0.00688589 0.999974 0.00189363 0.00540194 0.0427385 -0.00159764 0.999085 3.54977
0.999141 0.00765547 -0.0407361 -0.078832 -0.0076761 0.99997 -0.000350141 0.00657822 0.0407322 0.000662534 0.99917 3.60814
0.999265 0.0085929 -0.0373522 -0.0815344 -0.00858381 0.999963 0.000403665 0.00676931 0.0373543 -8.27442e-05 0.999302 3.66644
0.999325 0.0135615 -0.0341359 -0.0838528 -0.0134485 0.999903 0.00353582 0.0062278 0.0341806 -0.00307436 0.999411 3.72361
0.99939 0.0174609 -0.0302498 -0.0866572 -0.0172557 0.999826 0.00703213 0.00563843 0.0303674 -0.00650586 0.999518 3.78048
0.999423 0.0220181 -0.0258753 -0.0890116 -0.0218065 0.999727 0.00843365 0.00527918 0.0260539 -0.00786454 0.99963 3.83538
0.999454 0.0258865 -0.02052 -0.0909792 -0.0257124 0.999632 0.00870183 0.00528265 0.0207377 -0.00816946 0.999752 3.88837
0.999448 0.0296147 -0.0150629 -0.091025 -0.0294578 0.999511 0.0105298 0.0055635 0.0153674 -0.0100803 0.999831 3.94132
0.999368 0.0346047 -0.00818192 -0.0925427 -0.0345075 0.999336 0.0117367 0.00575674 0.00858263 -0.011447 0.999898 3.99174
0.999278 0.0379866 -0.0010324 -0.0931661 -0.0379722 0.999212 0.0115192 0.00546372 0.00146916 -0.0114717 0.999933 4.04026
0.999121 0.0414286 0.00634792 -0.0932729 -0.0414993 0.999073 0.011435 0.00560254 -0.0058683 -0.0116884 0.999914 4.08698
0.998858 0.0457183 0.0138472 -0.092966 -0.0458701 0.998888 0.0108503 0.00599504 -0.0133357 -0.0114731 0.999845 4.13414
0.998502 0.0500755 0.022057 -0.0935563 -0.0502672 0.998702 0.00822525 0.00553716 -0.0216165 -0.00932167 0.999723 4.17575
0.998168 0.052344 0.0303476 -0.0923387 -0.0525206 0.998607 0.00505168 0.00563591 -0.0300409 -0.0066363 0.999527 4.21576
0.997875 0.0529699 0.0379501 -0.09046 -0.0531968 0.998572 0.00499463 0.00562666 -0.0376314 -0.00700284 0.999267 4.25387
0.997584 0.0522649 0.0457628 -0.0883305 -0.0526071 0.998595 0.0063051 0.00585142 -0.045369 -0.00869732 0.998932 4.29104
0.997109 0.0535558 0.0538989 -0.0865611 -0.0540067 0.998516 0.00694229 0.00582767 -0.0534471 -0.00983312 0.998522 4.32547
0.996422 0.05669 0.0626774 -0.0845062 -0.057238 0.998336 0.00698009 0.00591657 -0.0621774 -0.0105426 0.998009 4.3571
0.995563 0.0610754 0.071587 -0.0827993 -0.0616934 0.998074 0.00645081 0.00568964 -0.0710551 -0.0108386 0.997414 4.38984
0.994652 0.0650755 0.0802074 -0.0800799 -0.0657877 0.997814 0.00626557 0.00577089 -0.0796244 -0.0115087 0.996759 4.4163
0.993917 0.0643378 0.0893872 -0.0774919 -0.0652289 0.997845 0.00708102 0.00552563 -0.088739 -0.0128686 0.995972 4.44424
0.992982 0.0633346 0.0998767 -0.0737417 -0.0641778 0.997925 0.00524937 0.00559113 -0.099337 -0.0116224 0.994986 4.46858
0.991801 0.0621328 0.111671 -0.0702861 -0.0626008 0.998038 0.000685493 0.00569496 -0.11141 -0.00767059 0.993745 4.49242
0.990189 0.0627938 0.124831 -0.0668167 -0.0628967 0.998015 -0.00312011 0.00520073 -0.124779 -0.00476193 0.992173 4.51477
0.987991 0.0647849 0.140272 -0.0631915 -0.0646849 0.997892 -0.00527713 0.00482998 -0.140318 -0.00385969 0.990099 4.53709
0.985427 0.0663118 0.156641 -0.0590904 -0.0661037 0.997791 -0.00654353 0.00466231 -0.156729 -0.0039064 0.987634 4.55962
0.98258 0.0668852 0.173389 -0.0545799 -0.0665152 0.997754 -0.00795044 0.00446987 -0.173531 -0.00372104 0.984821 4.58275
0.979262 0.0661457 0.191496 -0.0492648 -0.0655946 0.997804 -0.00922254 0.00453513 -0.191686 -0.00352982 0.98145 4.60405
0.975482 0.064946 0.210277 -0.0421449 -0.0643574 0.99788 -0.00964834 0.00444889 -0.210458 -0.00412108 0.977594 4.62465
0.970886 0.0652793 0.230476 -0.0359138 -0.06452 0.997858 -0.0108378 0.00394453 -0.230689 -0.00434805 0.973018 4.64597
0.965651 0.0674349 0.250941 -0.0292846 -0.0662708 0.997716 -0.0130964 0.00363994 -0.251251 -0.00398352 0.967914 4.66668
0.95936 0.0687435 0.273685 -0.0220348 -0.067111 0.997628 -0.0153345 0.00339547 -0.27409 -0.00365592 0.961697 4.688
0.952078 0.0697012 0.297809 -0.0140948 -0.0678122 0.997559 -0.0166838 0.0029883 -0.298245 -0.00431074 0.95448 4.70741
0.943387 0.0726611 0.323638 -0.00574279 -0.0707952 0.997336 -0.0175516 0.0022452 -0.324051 -0.00635409 0.946018 4.72816
0.933689 0.0742837 0.350294 0.00417447 -0.0723119 0.997206 -0.0187253 0.00135885 -0.350707 -0.00784684 0.936452 4.74852
0.922478 0.0750049 0.378694 0.0147274 -0.07282 0.997142 -0.0201104 0.000496589 -0.37912 -0.0090251 0.925303 4.76875
0.909649 0.073423 0.408836 0.0262691 -0.0704527 0.997265 -0.0223437 -0.000464477 -0.409359 -0.00847872 0.912334 4.78804
0.894694 0.0705022 0.441081 0.0388957 -0.0661695 0.99749 -0.0252193 -0.000864483 -0.441752 -0.00662257 0.897113 4.80672
0.877455 0.0696353 0.474577 0.0526958 -0.0632253 0.997564 -0.0294753 -0.00154287 -0.475473 -0.00414197 0.87972 4.82619
0.857786 0.071544 0.509003 0.0665364 -0.0626378 0.997435 -0.0346376 -0.00219861 -0.510175 -0.00217118 0.860068 4.84505
0.836076 0.0736152 0.543652 0.0821514 -0.0621516 0.997286 -0.0394589 -0.00240669 -0.545081 -0.000798149 0.838383 4.86448
0.81124 0.0768383 0.579642 0.0985367 -0.0634763 0.997042 -0.0433309 -0.00333133 -0.581257 -0.0016418 0.813718 4.88425
0.784127 0.0805805 0.615347 0.116252 -0.066279 0.996737 -0.0460658 -0.00529602 -0.617051 -0.00466315 0.786909 4.90268
0.754158 0.0848641 0.651186 0.136523 -0.0697575 0.996357 -0.0490592 -0.00661086 -0.652977 -0.00842671 0.757331 4.92201
0.721153 0.085949 0.687424 0.158925 -0.0694507 0.996245 -0.0517026 -0.00843534 -0.689286 -0.0104566 0.724414 4.94174
0.684284 0.083891 0.724374 0.183242 -0.06592 0.99641 -0.0531243 -0.00936744 -0.72623 -0.0113986 0.687357 4.96345
0.645453 0.0824083 0.759342 0.210626 -0.0630481 0.996518 -0.0545562 -0.0114321 -0.761194 -0.0126616 0.648401 4.98191
0.603304 0.0820526 0.793279 0.240663 -0.061088 0.996525 -0.0566168 -0.013047 -0.795168 -0.0143027 0.60622 5.00088
0.556809 0.0814628 0.826636 0.270608 -0.0572995 0.996576 -0.0596139 -0.015066 -0.828662 -0.0141723 0.55957 5.01896
0.508435 0.0804238 0.857336 0.304709 -0.0540384 0.996647 -0.061445 -0.0170038 -0.859403 -0.0150883 0.511076 5.03667
0.459863 0.0785627 0.884508 0.340564 -0.0521392 0.996749 -0.0614245 -0.0188723 -0.886458 -0.0178706 0.462465 5.05159
0.409744 0.0762292 0.90901 0.378421 -0.0517038 0.996841 -0.0602888 -0.0215246 -0.910734 -0.0222964 0.412391 5.06731
0.359559 0.0757088 0.930046 0.419781 -0.0542525 0.996713 -0.0601615 -0.023835 -0.931544 -0.0288257 0.362485 5.082
0.310125 0.0760221 0.947651 0.461362 -0.0527969 0.996637 -0.0626737 -0.0265373 -0.949229 -0.0305963 0.313096 5.09314
0.26401 0.0730637 0.961749 0.50647 -0.0408236 0.99708 -0.0645413 -0.0278817 -0.963656 -0.0222225 0.266222 5.10043
0.219468 0.0672562 0.973299 0.552719 -0.027056 0.997657 -0.0628385 -0.0297513 -0.975244 -0.0125425 0.220773 5.10738
0.177107 0.0659192 0.981981 0.599902 -0.0183143 0.997802 -0.0636781 -0.0323906 -0.984021 -0.0067064 0.177925 5.11252
0.138642 0.067296 0.988053 0.648599 -0.0150779 0.997716 -0.0658384 -0.0351617 -0.990228 -0.0057698 0.13934 5.11665
0.105539 0.0682158 0.992073 0.696836 -0.00648715 0.99767 -0.0679105 -0.0375491 -0.994394 0.000731516 0.105736 5.11882
0.0770099 0.0671983 0.994763 0.748135 0.000611992 0.997723 -0.0674457 -0.0401694 -0.99703 0.00580277 0.0767934 5.11912
0.0515869 0.0651333 0.996542 0.802157 0.00832744 0.997808 -0.0656471 -0.0432612 -0.998634 0.0116852 0.0509314 5.12029
0.0312063 0.0645864 0.997424 0.858309 0.0124007 0.997808 -0.0649992 -0.0457644 -0.999436 0.0143971 0.030337 5.12152
0.0154705 0.0664747 0.997668 0.914304 0.0155158 0.997651 -0.0667141 -0.0481248 -0.99976 0.0165118 0.0144028 5.12173
0.00192466 0.0662951 0.997798 0.972497 0.0160471 0.99767 -0.0663175 -0.0516355 -0.999869 0.0161394 0.000856335 5.12101
-0.0101035 0.0674693 0.99767 1.03296 0.0171029 0.997587 -0.0672904 -0.0546897 -0.999803 0.0163832 -0.011233 5.12062
-0.0193599 0.0703589 0.997334 1.0971 0.0219714 0.99731 -0.0699307 -0.0580846 -0.999571 0.020559 -0.0208537 5.1201
-0.0254807 0.0726859 0.997029 1.16 0.0260779 0.997062 -0.0720218 -0.0608246 -0.999335 0.0241653 -0.0273013 5.1171
-0.0304029 0.0718597 0.996951 1.22486 0.0263942 0.997122 -0.0710671 -0.0649354 -0.999189 0.024153 -0.0322121 5.1159
-0.033572 0.0689428 0.997056 1.2899 0.0242669 0.99738 -0.0681482 -0.0688756 -0.999142 0.0219076 -0.0351571 5.11276
-0.0362711 0.062553 0.997382 1.35671 0.0221799 0.997844 -0.0617753 -0.0723371 -0.999096 0.0198812 -0.0375803 5.11118
-0.0373586 0.0567089 0.997692 1.42421 0.0237411 0.998157 -0.0558464 -0.0760855 -0.99902 0.0216 -0.038636 5.1085
-0.0377454 0.054197 0.997817 1.49215 0.0265082 0.998231 -0.0532168 -0.0793317 -0.998936 0.0244416 -0.0391153 5.10426
-0.0374571 0.0565029 0.9977 1.56074 0.0294083 0.99803 -0.0554176 -0.0831106 -0.998865 0.0272649 -0.039045 5.10154
-0.0363589 0.0637298 0.997305 1.62867 0.0306444 0.997566 -0.0626293 -0.0866654 -0.998869 0.0282847 -0.0382234 5.09793
-0.0339755 0.0719764 0.996827 1.6993 0.031217 0.996993 -0.0709243 -0.0899195 -0.998935 0.0287083 -0.0361202 5.09575
-0.0313646 0.0727376 0.996858 1.77165 0.0321151 0.996907 -0.0717307 -0.0933958 -0.998992 0.0297644 -0.0336035 5.09331
-0.029468 0.0683777 0.997224 1.84546 0.0314844 0.997226 -0.0674475 -0.0978472 -0.99907 0.0294095 -0.0315391 5.09141
-0.0260337 0.0621925 0.997725 1.92483 0.0307626 0.99764 -0.0613846 -0.102488 -0.999188 0.0290946 -0.0278855 5.08846
-0.0234399 0.0603191 0.997904 1.99785 0.0293106 0.997791 -0.0596238 -0.10732 -0.999295 0.0278516 -0.0251561 5.087
-0.0198782 0.0652665 0.99767 2.06974 0.0370014 0.997231 -0.0645006 -0.111685 -0.999117 0.035633 -0.0222381 5.08469
-0.0162252 0.0712497 0.997327 2.14153 0.038607 0.996759 -0.0705811 -0.115637 -0.999123 0.0373586 -0.0189234 5.08318
-0.0135865 0.07197 0.997314 2.21526 0.0328961 0.996899 -0.0714919 -0.119676 -0.999366 0.0318364 -0.0159119 5.08226
-0.0104272 0.0685993 0.99759 2.2896 0.0279302 0.997275 -0.0682857 -0.124515 -0.999555 0.0271509 -0.0123147 5.08242
-0.0053573 0.0650199 0.99787 2.3636 0.0325181 0.997368 -0.0648126 -0.129692 -0.999457 0.0321016 -0.00745752 5.08112
-0.00162758 0.0658289 0.99783 2.43696 0.0366357 0.997165 -0.0657253 -0.134442 -0.999327 0.0364492 -0.00403465 5.08034
0.0012786 0.0706438 0.997501 2.51129 0.0362283 0.996844 -0.0706436 -0.138873 -0.999343 0.036228 -0.00128474 5.08028
0.0049224 0.0715024 0.997428 2.58472 0.0328079 0.996892 -0.0716258 -0.143144 -0.99945 0.0330761 0.00256125 5.08122
0.00820026 0.0712472 0.997425 2.66084 0.0321927 0.996923 -0.071476 -0.148186 -0.999448 0.0326959 0.00588139 5.08242
0.0121922 0.0681527 0.9976 2.73392 0.035941 0.997 -0.068551 -0.152845 -0.99928 0.0366905 0.00970615 5.08227
0.0155708 0.0684168 0.997535 2.80902 0.0403852 0.996799 -0.0689966 -0.158139 -0.999063 0.04136 0.0127579 5.08304
0.01894 0.0691471 0.997427 2.88227 0.043209 0.996617 -0.0699114 -0.163057 -0.998887 0.0444219 0.0158881 5.08433
0.0215958 0.0691786 0.99737 2.95559 0.0433989 0.996598 -0.0700648 -0.167261 -0.998824 0.0447979 0.0185201 5.08627
0.0256985 0.0673649 0.997397 3.03093 0.0450161 0.996637 -0.0684734 -0.172818 -0.998656 0.0466586 0.0225796 5.08649
0.030128 0.0665043 0.997331 3.10571 0.0472366 0.996575 -0.0678808 -0.177671 -0.998429 0.0491557 0.0268833 5.08698
0.0324943 0.0670945 0.997217 3.17951 0.0454901 0.996611 -0.068536 -0.181893 -0.998436 0.0475906 0.029332 5.09058
0.0354317 0.0687145 0.997007 3.254 0.0423983 0.996632 -0.0701954 -0.186826 -0.998472 0.0447585 0.032399 5.09305
0.0378926 0.0686022 0.996924 3.32947 0.0443961 0.99654 -0.0702632 -0.191757 -0.998295 0.046922 0.0347158 5.09642
0.0408518 0.0683635 0.996824 3.40472 0.0420903 0.996653 -0.0700767 -0.196921 -0.998278 0.0448194 0.0378377 5.09952
0.0432262 0.0689732 0.996682 3.48163 0.0399767 0.996696 -0.070708 -0.201352 -0.998265 0.0429005 0.040326 5.10201
0.0463014 0.0690464 0.996538 3.5573 0.0374235 0.996788 -0.0708024 -0.206422 -0.998226 0.0405722 0.0435687 5.10491
0.0494683 0.0712795 0.996229 3.63355 0.0361296 0.99667 -0.0731051 -0.211221 -0.998122 0.0396097 0.0467282 5.10908
0.0528392 0.0742744 0.995837 3.70751 0.0349512 0.996482 -0.076177 -0.216693 -0.997991 0.0388309 0.0500573 5.11374
0.056515 0.0767146 0.99545 3.78438 0.0349201 0.996282 -0.0787612 -0.222025 -0.997791 0.0392124 0.053626 5.11763
0.0593705 0.0789263 0.995111 3.86081 0.0289675 0.996313 -0.08075 -0.227648 -0.997816 0.03362 0.0568654 5.12251
0.0615228 0.0783855 0.995023 3.93622 0.0246309 0.996489 -0.0800239 -0.233296 -0.997802 0.0294316 0.0593761 5.12948
0.0656084 0.0786881 0.994738 4.015 0.0269109 0.996384 -0.0805932 -0.239275 -0.997482 0.0320569 0.0632536 5.13441
0.0689368 0.0800074 0.994408 4.0932 0.0260319 0.996295 -0.0819639 -0.245185 -0.997281 0.0315367 0.0665987 5.14048
0.0726942 0.0808891 0.994069 4.17093 0.0226535 0.996315 -0.0827285 -0.250443 -0.997097 0.028533 0.0705939 5.14591
0.0771454 0.0788861 0.993894 4.25141 0.0221014 0.996485 -0.0808072 -0.256996 -0.996775 0.0282004 0.0751307 5.15223
0.0820303 0.0788922 0.993502 4.33116 0.0222645 0.996468 -0.080966 -0.262916 -0.996381 0.0287615 0.0799841 5.159
0.0864012 0.0828839 0.992807 4.40879 0.0186443 0.996224 -0.0847918 -0.26881 -0.996086 0.0258363 0.0845296 5.16791
0.0929377 0.0915588 0.991453 4.48819 0.0176306 0.995456 -0.0935811 -0.27487 -0.995516 0.0261771 0.0909011 5.17495
0.100308 0.0963366 0.990282 4.56842 0.016037 0.995016 -0.0984216 -0.281425 -0.994827 0.0257536 0.098263 5.18365
0.107407 0.0994558 0.989228 4.64695 0.0113552 0.994796 -0.101249 -0.288023 -0.99415 0.0221076 0.105719 5.19303
0.114558 0.097432 0.988627 4.72801 0.00836586 0.995049 -0.0990343 -0.296346 -0.993381 0.0196159 0.113175 5.20275
0.121246 0.0960155 0.987968 4.80692 0.00735265 0.995197 -0.0976203 -0.303036 -0.992595 0.0191002 0.119957 5.21539
0.129677 0.0917792 0.9873 4.88638 0.00738923 0.99559 -0.0935204 -0.311321 -0.991529 0.0194228 0.128427 5.22274
0.136788 0.0863423 0.98683 4.96559 0.00599221 0.996104 -0.0879843 -0.317005 -0.990582 0.0179485 0.135738 5.23481
0.144334 0.0791627 0.986357 5.04674 0.00317001 0.996753 -0.0804609 -0.32369 -0.989524 0.01474 0.143615 5.24658
0.151443 0.0764589 0.985504 5.12615 0.00351021 0.996956 -0.0778867 -0.329691 -0.98846 0.0152548 0.150714 5.25965
0.158346 0.0779438 0.984302 5.20563 0.00311945 0.996835 -0.079438 -0.336597 -0.987379 0.0156492 0.157602 5.27414
0.16415 0.0848305 0.982781 5.28192 0.00321675 0.996244 -0.0865298 -0.342004 -0.98643 0.0173652 0.163261 5.28717
0.169755 0.088534 0.981501 5.35938 0.00140489 0.995934 -0.0900789 -0.348325 -0.985485 0.0166702 0.16894 5.29954
0.174136 0.0911321 0.980496 5.43401 -0.000185685 0.995711 -0.0925134 -0.355405 -0.984722 0.0159279 0.173406 5.31506
0.179439 0.0912434 0.979529 5.50957 -0.00264779 0.995731 -0.0922676 -0.362104 -0.983766 0.0139628 0.178914 5.32967
0.18469 0.0882388 0.978828 5.58489 0.00179569 0.995929 -0.0901193 -0.36776 -0.982795 0.0184018 0.18378 5.34374
0.189096 0.0811859 0.978597 5.65929 0.00216666 0.996539 -0.0830931 -0.375394 -0.981956 0.0178328 0.188265 5.35925
0.191976 0.0752231 0.978512 5.7324 0.000224899 0.997055 -0.0766927 -0.381274 -0.9814 0.0149432 0.191394 5.37443
0.195251 0.0722831 0.978086 5.80699 -0.00342328 0.997324 -0.0730215 -0.386871 -0.980747 0.0109093 0.194976 5.38931
0.198785 0.072365 0.977368 5.87806 -0.00498848 0.997332 -0.0728286 -0.392002 -0.980031 0.00960161 0.198615 5.40455
0.200451 0.0743926 0.976875 5.94813 -0.00720111 0.997198 -0.0744626 -0.397501 -0.979677 0.00789152 0.200425 5.42031
0.201086 0.078876 0.976393 6.01784 -0.0109412 0.996872 -0.078277 -0.402517 -0.979513 0.00505752 0.20132 5.43676
0.202458 0.0831143 0.975758 6.0999 -0.0127317 0.996531 -0.0822421 -0.409438 -0.979208 0.00422749 0.202814 5.45474
0.204824 0.0883844 0.9748 6.16858 -0.0125567 0.99607 -0.0876745 -0.414762 -0.978718 0.00571758 0.205129 5.46957
0.206565 0.08989 0.974295 6.23128 -0.0123711 0.995931 -0.0892633 -0.420114 -0.978355 0.00638558 0.206837 5.48313
0.20772 0.0897529 0.974062 6.29704 -0.0147426 0.995956 -0.0886264 -0.425997 -0.978077 0.00404929 0.208203 5.4982
0.208994 0.0866082 0.974074 6.36192 -0.014626 0.996236 -0.0854406 -0.431634 -0.977808 0.0036098 0.209474 5.51194
0.209455 0.0841085 0.974194 6.42624 -0.014463 0.996451 -0.0829205 -0.437307 -0.977711 0.00327835 0.209928 5.5261
0.209226 0.0831885 0.974322 6.48978 -0.0137241 0.996527 -0.0821372 -0.442138 -0.977771 0.00381354 0.209641 5.54004
0.207806 0.0826412 0.974673 6.55152 -0.0145904 0.996576 -0.0813875 -0.447702 -0.978061 0.00269201 0.208301 5.55329
0.205986 0.0833581 0.974998 6.61324 -0.0161474 0.996519 -0.0817866 -0.453321 -0.978422 0.00110322 0.206615 5.56694
0.203843 0.0860044 0.975219 6.67458 -0.0165859 0.996294 -0.0843962 -0.459021 -0.978863 0.00102864 0.204514 5.57969
0.201467 0.0898008 0.97537 6.73131 -0.0147305 0.995954 -0.0886532 -0.464032 -0.979385 0.003493 0.201974 5.59234
0.199724 0.0906011 0.975654 6.79013 -0.0124423 0.99587 -0.0899313 -0.46878 -0.979773 0.00582208 0.200027 5.60371
0.197809 0.0892431 0.97617 6.84511 -0.0137113 0.996002 -0.0882778 -0.473734 -0.980145 0.0040776 0.198242 5.61439
0.195096 0.0862425 0.976985 6.90109 -0.0133964 0.996268 -0.0852695 -0.478414 -0.980693 0.00354766 0.195523 5.62636
0.192812 0.0826055 0.977752 6.95637 -0.0129558 0.996578 -0.0816411 -0.48294 -0.98115 0.00307384 0.193223 5.6372
0.190916 0.0816246 0.978207 7.01098 -0.00948764 0.996644 -0.0813114 -0.487738 -0.98156 0.0062428 0.19105 5.64803
0.189581 0.0827918 0.978368 7.06256 -0.0055375 0.996513 -0.0832542 -0.491731 -0.98185 0.0103657 0.189378 5.65621
0.187009 0.0851429 0.978661 7.11536 -0.0015733 0.996262 -0.0863735 -0.495169 -0.982357 0.0146129 0.186444 5.66554
0.185232 0.0868272 0.978851 7.1668 -0.00213562 0.996122 -0.0879551 -0.499415 -0.982693 0.0142016 0.184699 5.67573
0.183719 0.0892915 0.978915 7.22003 -0.00201812 0.995898 -0.0904619 -0.503832 -0.982977 0.014644 0.183146 5.68663
0.182611 0.0880401 0.979236 7.27345 -0.000142859 0.995985 -0.0895194 -0.508072 -0.983185 0.0162073 0.18189 5.69602
0.183232 0.0860567 0.979296 7.32578 0.00615078 0.996041 -0.0886791 -0.512354 -0.98305 0.0222723 0.181978 5.70597
0.185512 0.0842981 0.979019 7.37945 0.0108347 0.996077 -0.0878199 -0.516593 -0.982582 0.026899 0.183871 5.71556
0.18759 0.0830275 0.978732 7.43198 0.014163 0.996089 -0.0872144 -0.521092 -0.982145 0.0302223 0.18568 5.72467
0.190947 0.0831811 0.97807 7.48628 0.0110243 0.996158 -0.0868718 -0.525653 -0.981538 0.0273705 0.189296 5.73596
0.195888 0.0836256 0.977054 7.5392 0.00985595 0.996139 -0.087235 -0.530393 -0.980577 0.0267181 0.194307 5.74772
0.202458 0.0826496 0.975797 7.59471 0.0112855 0.996169 -0.0867166 -0.534135 -0.979226 0.0285688 0.20075 5.75971
0.210241 0.0830091 0.974119 7.64912 0.00989482 0.996157 -0.0870226 -0.537825 -0.9776 0.0279345 0.208612 5.77186
0.218375 0.0811014 0.972489 7.70483 0.00991045 0.996305 -0.085313 -0.542171 -0.975815 0.028268 0.216764 5.78582
0.227663 0.0806459 0.970395 7.76192 0.00668416 0.996412 -0.0843762 -0.547253 -0.973717 0.0256956 0.226307 5.79947
0.237342 0.0811208 0.968033 7.82113 0.00518222 0.996387 -0.0847674 -0.550528 -0.971412 0.0251354 0.236064 5.8156
0.247004 0.0844186 0.96533 7.87849 -0.000276889 0.996204 -0.0870476 -0.556683 -0.969014 0.0212338 0.24609 5.83123
0.256022 0.0871479 0.962735 7.93741 -0.00404736 0.996016 -0.0890842 -0.561137 -0.966663 0.0189109 0.255354 5.84926
0.266089 0.089331 0.9598 7.9962 -0.00812806 0.995869 -0.0904346 -0.566498 -0.963914 0.0162624 0.265716 5.86775
0.276948 0.0910303 0.956563 8.057 -0.00933436 0.99571 -0.0920531 -0.571444 -0.96084 0.016565 0.276609 5.88585
0.286803 0.0917041 0.95359 8.11872 -0.012067 0.995675 -0.0921219 -0.577109 -0.957913 0.0149139 0.286669 5.90545
0.29719 0.0918201 0.950393 8.18001 -0.0126494 0.995657 -0.0922376 -0.58202 -0.954735 0.0153902 0.29706 5.92527
0.307379 0.0931636 0.947016 8.24303 -0.017445 0.99558 -0.092279 -0.587283 -0.951427 0.0118439 0.307645 5.9472
0.317981 0.0883089 0.943975 8.30698 -0.0168742 0.996022 -0.0874937 -0.592075 -0.947947 0.0118926 0.318206 5.96939
0.329454 0.0809587 0.940694 8.37468 -0.0127921 0.996608 -0.0812907 -0.597466 -0.944085 0.0147481 0.329372 5.9926
0.340034 0.0767351 0.937277 8.44112 -0.0117087 0.996934 -0.0773714 -0.602739 -0.94034 0.0153346 0.33989 6.01771
0.350255 0.0734134 0.933773 8.50908 -0.0124869 0.997201 -0.0737163 -0.608317 -0.936571 0.0141595 0.350192 6.04315
0.359926 0.0712268 0.930258 8.57757 -0.0063539 0.997246 -0.0738974 -0.61253 -0.932959 0.0206868 0.359387 6.06961
0.368933 0.0651758 0.927168 8.64642 0.000821647 0.997515 -0.0704478 -0.61666 -0.929456 0.0267524 0.367963 6.09641
0.37567 0.0557433 0.925075 8.71594 0.00989604 0.997891 -0.0641498 -0.620493 -0.926701 0.0332537 0.374326 6.1245
0.383423 0.0514528 0.922138 8.78766 0.0152537 0.997958 -0.0620257 -0.624689 -0.923447 0.0378481 0.381856 6.15237
0.390512 0.0517443 0.919142 8.85701 0.017143 0.997837 -0.063458 -0.629387 -0.920438 0.040538 0.388781 6.18263
0.397826 0.0577625 0.915641 8.92559 0.0195122 0.997258 -0.0713889 -0.633748 -0.917253 0.0462665 0.395608 6.21171
0.405003 0.0614593 0.912247 8.99309 0.0237614 0.996694 -0.0776978 -0.637946 -0.914006 0.0531442 0.402204 6.24105
0.410347 0.0635116 0.909715 9.06144 0.0224452 0.996566 -0.0796995 -0.642761 -0.911653 0.0531232 0.407512 6.27279
0.41483 0.0649309 0.907579 9.12958 0.0153935 0.996807 -0.0783504 -0.649375 -0.909769 0.0464729 0.412506 6.3055
0.418831 0.0687568 0.905457 9.19675 0.00852218 0.996788 -0.0796341 -0.655183 -0.908024 0.0410697 0.4169 6.3373
0.423049 0.0720752 0.903235 9.26421 0.00746693 0.99652 -0.0830163 -0.66174 -0.906076 0.0418644 0.421039 6.36918
0.426825 0.0762719 0.901112 9.32814 0.00440162 0.99625 -0.0864095 -0.667101 -0.904324 0.0408481 0.424888 6.40051
0.430487 0.0790186 0.899131 9.39319 0.001409 0.9961 -0.0882152 -0.673698 -0.902596 0.0392424 0.428697 6.43215
0.434926 0.0779069 0.89709 9.46008 -0.000278324 0.996262 -0.0863845 -0.680051 -0.900466 0.0373212 0.433322 6.46373
0.438992 0.0749092 0.895363 9.52207 0.000921321 0.99648 -0.0838208 -0.684316 -0.898491 0.0376215 0.437377 6.49369
0.442554 0.0719049 0.893854 9.58418 0.000756434 0.99675 -0.0805568 -0.690398 -0.896741 0.0363269 0.441062 6.52485
0.446198 0.0707527 0.892133 9.64528 -0.000122612 0.996875 -0.0789982 -0.696734 -0.894934 0.0351394 0.444812 6.55611
0.449649 0.0724913 0.890259 9.70611 -0.00160147 0.996765 -0.0803549 -0.701683 -0.893204 0.0347058 0.448311 6.58763
0.452685 0.0728258 0.888692 9.76603 -0.000802405 0.996692 -0.0812674 -0.707241 -0.89167 0.0360754 0.451246 6.61801
0.454083 0.0718903 0.888054 9.82335 -3.40141e-05 0.996741 -0.0806713 -0.712306 -0.89096 0.0366013 0.452605 6.64829
0.456164 0.0701522 0.887126 9.88167 0.00246349 0.996785 -0.0800905 -0.717731 -0.889892 0.0387198 0.454524 6.67766
0.458207 0.0699322 0.88609 9.93882 0.00137041 0.996843 -0.0793817 -0.722789 -0.888844 0.0375876 0.456665 6.70751
0.459446 0.069398 0.885491 9.99367 0.00237528 0.996843 -0.0793574 -0.728494 -0.888203 0.0385637 0.457831 6.73819
0.462108 0.0711585 0.883964 10.0476 0.002646 0.996661 -0.0816138 -0.732001 -0.88682 0.0400534 0.460377 6.76631
0.465276 0.0711357 0.882302 10.1016 0.0050605 0.996535 -0.0830143 -0.737461 -0.885151 0.0430895 0.463304 6.79382
0.468371 0.0700684 0.880749 10.1543 0.0077962 0.996484 -0.0834216 -0.741453 -0.883498 0.0459387 0.466178 6.82063
0.47172 0.0684177 0.87909 10.2063 0.0108691 0.996458 -0.0833846 -0.745856 -0.881681 0.0488891 0.469306 6.84832
0.475025 0.0675734 0.877374 10.2567 0.0120945 0.996452 -0.0832926 -0.750714 -0.879889 0.0501775 0.472522 6.87534
0.478596 0.0669925 0.875476 10.307 0.0143187 0.996357 -0.0840701 -0.754145 -0.877919 0.0527713 0.475893 6.9016
0.481986 0.0665632 0.873647 10.3555 0.0134714 0.996429 -0.08335 -0.759668 -0.876075 0.0519428 0.479368 6.92872
0.485576 0.0661002 0.871692 10.4037 0.0152338 0.996346 -0.0840387 -0.764073 -0.874062 0.0540864 0.482794 6.95468
0.489401 0.0673467 0.869454 10.4536 0.014685 0.996236 -0.0854329 -0.768766 -0.871935 0.0545789 0.48657 6.9837
0.493319 0.067596 0.867218 10.5022 0.0162748 0.996084 -0.0868985 -0.773619 -0.869696 0.0569825 0.490287 7.01206
0.498247 0.0710208 0.864121 10.5497 0.0139866 0.995851 -0.0899121 -0.778623 -0.866922 0.0568846 0.495187 7.03978
0.503364 0.0770735 0.86063 10.5965 0.0107332 0.995379 -0.0954186 -0.783492 -0.864008 0.0572676 0.500211 7.06857
0.509006 0.0843297 0.856622 10.6433 0.00453178 0.994913 -0.100636 -0.78889 -0.860751 0.0551066 0.506034 7.09838
0.51494 0.090575 0.852428 10.6892 -0.000590018 0.994439 -0.105308 -0.794066 -0.857226 0.0537244 0.51213 7.12765
0.521129 0.094995 0.848175 10.7355 -0.00431194 0.994067 -0.108686 -0.799613 -0.853467 0.0529819 0.518447 7.1572
0.52664 0.0951723 0.844744 10.7827 -0.00851342 0.994254 -0.106709 -0.80512 -0.850046 0.0490056 0.524424 7.18784
0.531398 0.0942751 0.84186 10.8305 -0.0150564 0.994682 -0.101885 -0.811526 -0.846989 0.041466 0.529991 7.22194
0.537878 0.0925953 0.837922 10.8784 -0.0216881 0.99514 -0.0960468 -0.815637 -0.842744 0.0334885 0.537273 7.25148
0.542722 0.0905064 0.835022 10.928 -0.0279689 0.995573 -0.0897298 -0.822225 -0.839447 0.0253437 0.542851 7.28908
0.547786 0.0885401 0.83192 10.9773 -0.0307523 0.995843 -0.085737 -0.827979 -0.836053 0.0213821 0.548231 7.32704
0.554274 0.0925845 0.827169 11.0251 -0.0357343 0.995525 -0.0874834 -0.831629 -0.831567 0.0189315 0.555102 7.36004
0.559937 0.0965212 0.822894 11.0741 -0.0404475 0.995191 -0.0892084 -0.836991 -0.827547 0.0166672 0.561149 7.3959
0.566749 0.0997 0.817836 11.1259 -0.0426202 0.99487 -0.0917465 -0.841097 -0.822787 0.0171409 0.568091 7.43222
0.572902 0.101968 0.813257 11.177 -0.04449 0.994637 -0.0933686 -0.845418 -0.818416 0.0173093 0.574366 7.47042
0.579643 0.102987 0.808336 11.2274 -0.0475962 0.994567 -0.0925832 -0.850487 -0.813479 0.0151915 0.581395 7.50612
0.586186 0.105229 0.803313 11.2804 -0.0539594 0.994398 -0.0908857 -0.856108 -0.808377 0.00992967 0.588581 7.54546
0.594326 0.103209 0.797574 11.3306 -0.0541122 0.994615 -0.0883846 -0.860829 -0.802402 0.0093707 0.59671 7.58231
0.601201 0.101505 0.792625 11.3837 -0.0546683 0.9948 -0.0859302 -0.8657 -0.797226 0.0083298 0.603624 7.62582
0.608371 0.101868 0.787088 11.4376 -0.0558372 0.994765 -0.0855878 -0.870998 -0.791686 0.0081203 0.610874 7.6696
0.616115 0.103868 0.780778 11.4912 -0.0606814 0.99458 -0.0844271 -0.876866 -0.785316 0.00463804 0.619078 7.71398
0.623904 0.104599 0.774469 11.5461 -0.0618777 0.994503 -0.0844687 -0.882154 -0.779047 0.00477806 0.626947 7.75917
0.630631 0.105441 0.768887 11.6025 -0.0639381 0.994418 -0.0839276 -0.886837 -0.773445 0.0037661 0.633852 7.80749
0.635338 0.104466 0.765135 11.6579 -0.0642506 0.994523 -0.0824341 -0.892695 -0.769557 0.00321311 0.638571 7.85579
0.639248 0.103393 0.762018 11.7151 -0.0632776 0.994632 -0.0818718 -0.89755 -0.766393 0.00411776 0.642359 7.90437
0.642367 0.10137 0.759663 11.7806 -0.0601155 0.994824 -0.0819169 -0.902819 -0.764036 0.00695319 0.645136 7.9597
0.646412 0.0968742 0.756814 11.8404 -0.0545459 0.995236 -0.080804 -0.909315 -0.761036 0.0109515 0.648617 8.00992
0.650021 0.0902012 0.754543 11.9011 -0.046497 0.995791 -0.0789848 -0.914703 -0.758492 0.0162578 0.65148 8.06299
0.653781 0.0849672 0.751898 11.9624 -0.0414318 0.996205 -0.0765494 -0.919725 -0.755549 0.0188941 0.65482 8.11505
0.65655 0.079823 0.750047 12.0234 -0.035804 0.996562 -0.0747172 -0.924098 -0.753433 0.0222009 0.65715 8.17056
0.660024 0.078494 0.747132 12.0846 -0.0359242 0.996686 -0.0729765 -0.930104 -0.750385 0.0213261 0.660657 8.22537
0.663067 0.0799836 0.744274 12.1444 -0.0369282 0.99656 -0.0741965 -0.936342 -0.747648 0.0217126 0.66374 8.27793
0.666087 0.084893 0.741027 12.2054 -0.0430167 0.99622 -0.0754618 -0.941649 -0.744632 0.0183876 0.667222 8.33312
0.668647 0.0882569 0.738324 12.2649 -0.0491599 0.996006 -0.0745388 -0.947577 -0.741953 0.0135443 0.670315 8.38972
0.671469 0.0851739 0.736122 12.3266 -0.0495686 0.99631 -0.0700643 -0.952723 -0.739373 0.0105574 0.673213 8.44679
0.675514 0.0819675 0.732777 12.3892 -0.0523407 0.996625 -0.0632308 -0.957946 -0.735487 0.00435922 0.677525 8.50461
0.679282 0.0762684 0.729903 12.4514 -0.0515825 0.997087 -0.0561817 -0.962603 -0.732062 0.000513059 0.681238 8.56294
0.684209 0.0712673 0.725795 12.5142 -0.0482052 0.997457 -0.052499 -0.966826 -0.727691 0.000933171 0.685904 8.62005
0.688815 0.0690582 0.72164 12.5769 -0.0435167 0.997596 -0.0539289 -0.970675 -0.72363 0.00574362 0.690164 8.67991
0.694587 0.0652153 0.716447 12.6397 -0.032583 0.997713 -0.059229 -0.975135 -0.718671 0.0177957 0.695123 8.73864
0.699794 0.0669963 0.711196 12.701 -0.0268693 0.997356 -0.0675146 -0.979047 -0.71384 0.0281369 0.699744 8.79815
0.705439 0.0671204 0.705585 12.7635 -0.0236242 0.997179 -0.0712396 -0.983464 -0.708377 0.0335864 0.705035 8.86067
0.71139 0.0627557 0.69999 12.825 -0.0209948 0.997458 -0.0680877 -0.988316 -0.702484 0.0337407 0.710899 8.92309
0.716801 0.0565899 0.694978 12.8872 -0.0156278 0.997755 -0.0651256 -0.993513 -0.697103 0.0358211 0.716076 8.98739
0.722197 0.0538969 0.689584 12.9489 -0.0118653 0.997778 -0.0655584 -0.998803 -0.691586 0.039164 0.721232 9.05113
0.726883 0.055666 0.684502 13.0106 -0.00903235 0.997398 -0.0715203 -1.0035 -0.686702 0.0458042 0.725495 9.11536
0.730243 0.0577608 0.680741 13.0703 -0.010869 0.997276 -0.0729594 -1.00952 -0.683101 0.0458791 0.728882 9.18196
0.733551 0.0547875 0.677422 13.1317 -0.00836625 0.997398 -0.0716066 -1.01556 -0.679582 0.0468596 0.732101 9.2478
0.736312 0.0489496 0.674869 13.1936 -0.00465588 0.997723 -0.0672871 -1.0209 -0.676626 0.0464022 0.734863 9.31356
0.737939 0.0441056 0.673424 13.2548 -0.000646837 0.997908 -0.0646487 -1.02586 -0.674867 0.0472713 0.736424 9.37892
0.738553 0.0390513 0.673063 13.3157 0.00343628 0.99809 -0.06168 -1.03073 -0.674187 0.0478668 0.737008 9.44564
0.738455 0.0385427 0.6732 13.375 0.00276184 0.998184 -0.0601786 -1.0365 -0.674297 0.0462985 0.737008 9.51327
0.738844 0.0385395 0.672773 13.4333 0.00220158 0.99822 -0.0596003 -1.04066 -0.673872 0.0455165 0.737444 9.57533
0.738246 0.0405936 0.673309 13.5027 0.000698211 0.998141 -0.0609431 -1.0468 -0.674531 0.0454611 0.736845 9.65137
0.736825 0.044466 0.67462 13.5607 -0.00353932 0.998075 -0.0619202 -1.0526 -0.676074 0.0432366 0.735564 9.71747
0.735088 0.0480697 0.676265 13.6211 -0.00676196 0.997953 -0.0635856 -1.05802 -0.677938 0.0421681 0.733909 9.7833
0.733091 0.050393 0.678261 13.6804 -0.0102414 0.997956 -0.0630762 -1.06283 -0.680053 0.0392943 0.732109 9.84845
0.730924 0.0514956 0.680513 13.7394 -0.0117433 0.99795 -0.0629035 -1.06774 -0.682357 0.0379862 0.730031 9.91212
0.728645 0.0504758 0.683029 13.8006 -0.0121817 0.998078 -0.0607626 -1.07304 -0.684784 0.0359539 0.727859 9.97796
0.726142 0.0492479 0.685778 13.8606 -0.0133304 0.998252 -0.0575726 -1.07827 -0.687415 0.0326642 0.72553 10.0426
0.723696 0.0457594 0.688601 13.9209 -0.0097503 0.998378 -0.0560977 -1.08223 -0.69005 0.0338836 0.722968 10.1059
0.720755 0.049959 0.691387 13.9801 -0.0106306 0.998079 -0.0610381 -1.08807 -0.693109 0.0366436 0.719901 10.1691
0.717443 0.0602936 0.694003 14.0395 -0.0161523 0.997419 -0.069956 -1.0934 -0.696429 0.0389798 0.716566 10.2307
0.713844 0.0672748 0.697066 14.0986 -0.0187897 0.996857 -0.076966 -1.09875 -0.700053 0.041844 0.712864 10.2934
0.710566 0.0655244 0.700573 14.1578 -0.0204717 0.997158 -0.0725002 -1.10477 -0.703333 0.0371743 0.709888 10.3545
0.706339 0.0635417 0.705016 14.2262 -0.0227073 0.997484 -0.0671513 -1.11143 -0.70751 0.0314225 0.706005 10.4252
0.702826 0.0619775 0.708657 14.2874 -0.025051 0.997736 -0.0624149 -1.11723 -0.710921 0.0261142 0.702787 10.4866
0.699097 0.0618181 0.712349 14.3469 -0.0244838 0.997741 -0.0625562 -1.12252 -0.714607 0.0262919 0.699032 10.547
0.696502 0.0604538 0.715004 14.4091 -0.0228651 0.997809 -0.0620915 -1.12764 -0.71719 0.0268982 0.696358 10.6065
0.693443 0.0599368 0.718014 14.4701 -0.0192514 0.99772 -0.0646929 -1.13242 -0.720254 0.0310381 0.693016 10.665
0.690056 0.0593153 0.721321 14.5334 -0.0157238 0.997629 -0.0669942 -1.13778 -0.723585 0.0348879 0.689353 10.7248
0.686197 0.0597569 0.724957 14.5953 -0.0127943 0.997457 -0.0701084 -1.14291 -0.727303 0.0388329 0.685217 10.7832
0.682362 0.0607838 0.728483 14.6575 -0.0134736 0.997414 -0.0706026 -1.14828 -0.73089 0.0383612 0.681416 10.8413
0.678048 0.0624852 0.732357 14.7202 -0.0156082 0.997379 -0.0706463 -1.15403 -0.734852 0.0364708 0.677246 10.8998
0.67371 0.0622362 0.73637 14.785 -0.0146986 0.997379 -0.070848 -1.15938 -0.73885 0.0369074 0.672859 10.9564
0.667971 0.0651912 0.741326 14.8504 -0.017788 0.99727 -0.0716707 -1.16574 -0.743975 0.0346873 0.667307 11.0176
0.661447 0.0715379 0.746573 14.913 -0.0200712 0.996772 -0.0777299 -1.17064 -0.749724 0.0364295 0.660748 11.0773
0.654878 0.0783754 0.75166 14.9773 -0.0243766 0.996281 -0.0826441 -1.17722 -0.755342 0.0357988 0.654353 11.1349
0.648737 0.0808235 0.756708 15.0426 -0.024308 0.996038 -0.0855465 -1.18282 -0.760624 0.0371032 0.648131 11.1904
0.641869 0.0752954 0.763108 15.1081 -0.0250418 0.996695 -0.0772799 -1.18991 -0.766405 0.030494 0.641633 11.2472
0.634996 0.0720509 0.769148 15.172 -0.0320715 0.997241 -0.0669402 -1.19628 -0.77185 0.017839 0.635555 11.3012
0.62783 0.0670063 0.775461 15.237 -0.031397 0.997657 -0.0607862 -1.20163 -0.777717 0.0138163 0.628463 11.3544
0.620154 0.068137 0.781516 15.3049 -0.03602 0.997643 -0.0583974 -1.20604 -0.783653 0.00806519 0.621147 11.411
0.612282 0.0690105 0.787622 15.3754 -0.0338125 0.997558 -0.0611197 -1.21095 -0.789916 0.0107911 0.61312 11.4667
0.6057 0.0694976 0.792652 15.4434 -0.0297553 0.99746 -0.0647172 -1.21666 -0.795136 0.0156137 0.60623 11.5191
0.598894 0.0772269 0.797096 15.5154 -0.0280047 0.99675 -0.0755293 -1.2228 -0.800339 0.0229116 0.59911 11.5713
0.59134 0.0785618 0.802586 15.5864 -0.0245106 0.996534 -0.0794873 -1.22805 -0.80605 0.0273322 0.591216 11.6233
0.584351 0.0752069 0.808008 15.6607 -0.0218141 0.996792 -0.0770023 -1.23336 -0.811208 0.0273704 0.584117 11.6776
0.57717 0.0695859 0.813654 15.7347 -0.018106 0.997208 -0.0724404 -1.2401 -0.816423 0.0270784 0.576819 11.7297
0.570432 0.068757 0.818462 15.8082 -0.0169791 0.997264 -0.0719441 -1.24547 -0.821169 0.0271425 0.570039 11.7802
0.563917 0.0700058 0.822859 15.8808 -0.0182372 0.997213 -0.072341 -1.25226 -0.82563 0.0257877 0.563622 11.8292
0.55783 0.0671484 0.827234 15.9544 -0.0132142 0.997314 -0.0720434 -1.25833 -0.82985 0.0292568 0.557219 11.8781
0.552445 0.0612551 0.831296 16.0269 -0.0083847 0.997654 -0.0679413 -1.26436 -0.833507 0.0305637 0.551662 11.9264
0.547793 0.0586818 0.834554 16.0986 -0.00786094 0.997854 -0.0650045 -1.27019 -0.836577 0.0290486 0.547078 11.9734
