1 0 0 0 0 1 0 0 0 0 1 0
0.9999988119459285 -0.0009921293986328546 0.0011797397969417608 0.005461098869406401 0.0009975985051442393 0.9999887173784874 -0.004644342036369976 -0.015143832562926975 -0.001175118698112559 0.004645513425298395 0.9999885190846248 0.9353919082115013
0.9999917350494891 -0.003721396771552636 0.001637387792055171 0.01188502904992886 0.0037307286937948085 0.999976603370396 -0.005733617986877833 -0.0307276127059289 -0.0016160124152337983 0.0057396792484276085 0.9999822221349733 1.8395775100528626
0.9999835883467934 -0.005421277300754067 0.0018527788588694877 0.012510921673325256 0.005424122005189585 0.9999841130353899 -0.0015338113629857512 -0.04924217178662934 -0.0018444342071115335 0.0015438358891847175 0.9999971073124176 2.773368636410784
0.999977848859855 -0.006420580565407816 0.0017544044063102613 0.011344779885776628 0.006412936559857213 0.9999700688549462 0.004328468425829723 -0.06723541569966421 -0.0017821431752303568 -0.00431712166116101 0.9999890931536533 3.6523413353058727
0.9999493473666747 -0.009973622377544244 0.001352611412107828 0.015285451686743994 0.009966651566081114 0.9999374989566702 0.005065968499657627 -0.08116766702187159 -0.0014030529292754714 -0.005052230888363995 0.9999862531082757 4.526663771448977
0.9999097150787574 -0.013409798300832852 0.0008596514704337218 0.021630880795886855 0.01340760462367515 0.9999069668985046 0.0025087220030746682 -0.09392056587320344 -0.0008932129504453153 -0.002496969636276468 0.9999964836504484 5.414777129351829
0.9998807576714532 -0.015440386208807451 0.00025477850146523283 0.027398480375980753 0.015440662544075032 0.9998801576432397 -0.0011208441152865027 -0.1071903574377196 -0.00023744170218927373 0.0011246444120888623 0.9999993393979743 6.294872525810601
0.9998692509070319 -0.01615513965615462 -0.000701821417691166 0.028476564942464883 0.01615373522000336 0.9998675935232731 -0.0019627176112070096 -0.12318763921846135 0.0007334364691045996 0.001951123950306475 0.9999978275907787 7.186814337200533
0.999867870094157 -0.016140669537829118 -0.0019290257245999313 0.025734256375688373 0.016140972313432537 0.9998697160094676 0.0001414917827172873 -0.1380576844297064 0.0019264906313235294 -0.0001726094382340306 0.9999981294181656 8.09383532405924
0.9998686178470679 -0.0159223975735752 -0.003037153289719116 0.02058830351373036 0.015932586468331178 0.9998674207849202 0.0033605864580604165 -0.1516241126382583 0.0029832420326542717 -0.0034085346443824688 0.9999897410266539 8.980285808689933
0.9998611810365312 -0.016085444393143303 -0.004344782492862934 0.015916873430370543 0.016109310975914715 0.9998550259105111 0.0055151846182898995 -0.16324915731584028 0.004255438416481576 -0.005584410458378086 0.9999753524981092 9.89559688526585
0.9998388216645772 -0.01702114721797223 -0.005710625165123758 0.010426162131261008 0.017058251312748435 0.9998332856421545 0.0065128322691818796 -0.17223983653782338 0.005598817245056746 -0.006609195820937426 0.9999624851843488 10.800323972287824
0.9998232545690909 -0.017396238022742233 -0.007129552968414502 0.004781273384867224 0.017443730739379902 0.9998257035184236 0.0066542348758293545 -0.18081574840998285 0.007012551658657726 -0.006777424772492019 0.9999524441855674 11.707541715104936
0.9998054390076426 -0.017971428984033498 -0.00813092067415187 0.0003568432519044382 0.018015270462693748 0.9998233916627324 0.005351216140989281 -0.18833025944286264 0.00803331568491514 -0.0054966557381221194 0.9999526251852163 12.607354787406202
0.9997962924468108 -0.017976099245744632 -0.00917787914066053 -0.004871400744123776 0.018007142413182128 0.9998323759129254 0.00331102679345257 -0.1964357607289626 0.009116821360803863 -0.003475619689022776 0.99995240068518 13.522980444363323
0.9997622055517817 -0.018981284112465302 -0.010735138736014123 -0.008771693949250575 0.019001196981553673 0.9998179189579595 0.0017559737596933205 -0.20338015289818143 0.010699853433939834 -0.0019595366846293567 0.9999408349259852 14.462005621073844
0.9997518660453804 -0.018434053722781413 -0.012505678795184343 -0.017052886370227185 0.01844864734829961 0.9998292551509588 0.0010525945556388498 -0.21124000519142488 0.012484139930359331 -0.0012830462291326097 0.9999212469202641 15.409204895081173
0.999749620693676 -0.017105052609907894 -0.014426125538962659 -0.027588224802661244 0.017111916398905715 0.9998535183096593 0.0003524783037492157 -0.2197881943124769 0.014417983215779142 -0.0005992487046588747 0.9998958759095778 16.374709382357626
0.9997439664366021 -0.015565497223902687 -0.01642305908732193 -0.0404939377302745 0.015573263858831227 0.9998786698120783 0.00034511971016802255 -0.22693121759843596 0.01641569451458606 -0.0006007919804748681 0.9998650729086412 17.342674007066606
0.9997166336786513 -0.01502318041783525 -0.01846500464016471 -0.053746855216276146 0.015046781700953145 0.9998861410248119 0.001139889010360955 -0.23335840291604357 0.018445777475400556 -0.0014174048981329857 0.999828857483462 18.29485876038653
0.9996955587125618 -0.013920493029262787 -0.0203717884390193 -0.06907590142869362 0.013972353568669335 0.999899488210779 0.0024055792600365584 -0.23742949410588735 0.02033625398479296 -0.002689488733285701 0.999789579573733 19.22131078551417
0.9996750618765967 -0.013019553211196319 -0.021914878420971014 -0.08668816969898084 0.01309165804989921 0.9999093389771944 0.00314997074537515 -0.24133667515388785 0.021871880383945552 -0.0034358492942848343 0.9997548778516162 20.13788266152669
0.999639863820139 -0.013072194652984304 -0.023436304926566624 -0.10479055447069208 0.013149885293289303 0.9999085308803256 0.0031639199617564903 -0.24483020635665154 0.023392801850779993 -0.0034709652411909738 0.9997203255020213 21.05882060773516
0.9996044770144977 -0.013068041685881453 -0.024902124790301097 -0.12495092864678325 0.013142003097506575 0.9999096952942544 0.002808738353558502 -0.24905134474286975 0.0248631713013604 -0.003134891234108034 0.9996859482706519 21.997807361144197
0.9995840190070208 -0.012600097366024384 -0.025942754135622744 -0.14526289773206186 0.012686407016107076 0.999914515193381 0.0031650248987540957 -0.25192830926977394 0.02590065680241207 -0.003492828646637208 0.9996584197240833 22.924525229207045
0.9995706971518968 -0.012318187862413435 -0.026583522021370983 -0.16571988612039484 0.012462798563083473 0.9999083903969832 0.005281047783610436 -0.25417162514396285 0.02651603377676288 -0.005610085694805593 0.9996326459711337 23.86218490758043
0.999563977733219 -0.012706715330757953 -0.02665321375840546 -0.18409484338221083 0.012929796857127768 0.9998826667712025 0.008214197693261911 -0.2552987582558969 0.026545710979018467 -0.008555236759649679 0.9996109909122689 24.767360550644856
0.9995676962871323 -0.012367094294862949 -0.026673498419601996 -0.20005567892914317 0.012637200842947133 0.9998703248957747 0.00998171065875267 -0.25385726022928135 0.026546594773973507 -0.01031447388488665 0.9995943626963828 25.63101406599643
0.9995623880174941 -0.011701914791157907 -0.027167952646242687 -0.21664440916271704 0.011949752007303258 0.9998882928455222 0.008978043073700856 -0.2540310791761223 0.027059857496519756 -0.009298764471141096 0.9995905647271695 26.499846544840867
0.9995515092425441 -0.0100082972686699 -0.028224357507957345 -0.23419461020495677 0.01018457106049441 0.999929477140569 0.006108621587861881 -0.2534604874371971 0.02816123014480711 -0.006393334902215514 0.9995829482266902 27.369247833842156
0.9995176834436692 -0.009654146489711574 -0.029516062389136413 -0.2523895655007419 0.009777544041469454 0.9999440405944267 0.004039221733356451 -0.25565462352686513 0.029475415449511953 -0.004325868149780298 0.9995561448707284 28.23508649243962
0.9994946641175456 -0.008918636416390223 -0.030510233119887476 -0.27102093316259923 0.009031689806078836 0.9999528420843693 0.003569619957543815 -0.2593908340771123 0.03047695817834207 -0.0038433750619425145 0.9995280803901067 29.06914730831746
0.9994557124034956 -0.008961569678362941 -0.03174853087819586 -0.2872203241011151 0.009072372666189066 0.9999532414409843 0.003347683658355385 -0.26720830153604813 0.03171704586227562 -0.0036338960593941217 0.9994902819943785 29.86606083402217
0.9994004661112091 -0.009005227314114883 -0.0334307376185779 -0.3027585484977646 0.009103170444226217 0.9999547045831294 0.002778681329728257 -0.2774706072945954 0.03340420070237344 -0.003081341118723052 0.9994371739696039 30.63228030463619
0.9993486397567266 -0.008768405139943926 -0.03500587504526974 -0.3184172906751875 0.008874965773611743 0.99995644092197 0.0028898514125226746 -0.28670525474076747 0.03497901083364785 -0.0031986450211056853 0.9993829283468529 31.367066420845916
0.9992871485014256 -0.008676077904946006 -0.03674126443223357 -0.3347388655788289 0.00883255534704716 0.9999525920728347 0.004098728200629306 -0.2966444017492465 0.036703961719865494 -0.004420325667707434 0.9993164063073618 32.09258335964271
0.9992293529789544 -0.00874250325744649 -0.03826576514399103 -0.35117393026252247 0.009004471510556524 0.9999371530104154 0.006679036026426838 -0.3050814009829811 0.0382049687616299 -0.007018451839278328 0.999245276043727 32.796299625167535
0.9991981705766327 -0.007174445328561904 -0.039389633795449644 -0.3685827518257182 0.007522795426179705 0.9999338338345666 0.008702614657850065 -0.3141481048574903 0.039324591101345244 -0.008991956802312469 0.9991860293496798 33.480271604185305
0.9991638487797566 -0.005637050139706717 -0.040494776914413354 -0.38353749632827105 0.006020521543414134 0.9999381265551414 0.009353950060867202 -0.3220430567103848 0.04043954267756942 -0.00958992842091868 0.9991359650522608 34.12936697461043
0.9991301719577348 -0.003186515517062242 -0.041578186619533254 -0.40051851570885333 0.003555599951441671 0.9999549054736355 0.008805948455447587 -0.3309148377748044 0.041548251379504776 -0.008946124192867735 0.9990964466302705 34.76045487716956
0.9990856501825469 -0.0013466384509166116 -0.042732308201193496 -0.4179997788410638 0.001696752114319936 0.9999652836570839 0.008157972350528203 -0.3406724228969885 0.042719838852479604 -0.00822301924428885 0.9990532504941508 35.38969690648728
0.9990384462604786 -0.0008544431434933351 -0.043834379434022054 -0.43753373603151635 0.0012589521148046 0.999956874210411 0.009201345495028872 -0.34855892556952867 0.043824627015228636 -0.009247683291549097 0.9989964376416554 36.037407904611655
0.999011820631543 0.00010758830133618253 -0.04444514217785379 -0.46016691555371725 0.00039721317965157714 0.9999355206362307 0.011348867416715586 -0.35694047014834096 0.04444349738873094 -0.011355306896323554 0.9989473622494585 36.68220334506242
0.9990070465974799 0.0024014951197828356 -0.04448767997742277 -0.4867465088057251 -0.0018429732132909619 0.9999190281096009 0.012591293582839428 -0.3668608781976658 0.04451431565596642 -0.012496801412514351 0.9989305809995709 37.32038755954487
0.9990329796102655 0.005000623918350134 -0.043681797255441135 -0.5152132154205646 -0.004514321504130304 0.9999268142166422 0.011224398064810171 -0.37920617053551664 0.043734729362322436 -0.011016350166329689 0.9989824390231395 37.946553994188136
0.9990910989005927 0.00614905588537908 -0.04218015184098585 -0.5410029901461998 -0.0057886625888821834 0.9999457380344992 0.008660968310567866 -0.3958157495078325 0.04223111984120494 -0.008408929679993158 0.9990724810636108 38.53728271771425
0.9991812811655014 0.006035690880462221 -0.04000422232798358 -0.5613020344273597 -0.005752902114819715 0.9999576726324403 0.007180324559131233 -0.4152605603413886 0.04004586727402139 -0.006944305516944472 0.9991737111909835 39.12557984641732
0.9993002162804 0.006391247734480702 -0.036854167937234936 -0.5792837338755302 -0.006099718312797324 0.9999492563005067 0.0080173724231574 -0.43758511107288217 0.03690353883374797 -0.007786961953392032 0.9992884929013676 39.71142924683704
0.999396339011347 0.010573016348547673 -0.033093336126987505 -0.5994200960317829 -0.010213939793073655 0.9998873232973428 0.01100073375652731 -0.46060956850918816 0.03320591821684651 -0.010656079699958921 0.9993917224796331 40.31501098029432
0.9994770393656212 0.014814708909415697 -0.028743211039573297 -0.6162254408798601 -0.014390899831302375 0.9997854835782484 0.014895933279144244 -0.4846588550189261 0.028957724064255976 -0.014474502621526414 0.9994758321194573 40.906076269500566
0.9995041033994531 0.01971295041973383 -0.02455497655075972 -0.6316484734252138 -0.019306846187014857 0.9996746704361296 0.01666730268309268 -0.503719861564361 0.02487554980237006 -0.01618495826896055 0.9995595300670519 41.49218695593117
0.9995329998787353 0.02342319542741221 -0.019624883933153623 -0.6412986408129627 -0.0230826098912333 0.999582038634708 0.01740520495409622 -0.5211467918907161 0.020024367006965124 -0.01694408318128227 0.999655902183907 42.064586452431996
0.9995423075583959 0.026902903986063112 -0.01383506985735615 -0.6475282927788699 -0.026631846073334783 0.9994567208061683 0.01941669410870025 -0.5385187667252023 0.014349919009090507 -0.01903935378371078 0.9997157510172259 42.62561109120083
0.9994829070973226 0.031365188422145605 -0.007081198735533934 -0.650130324118231 -0.031211170199328116 0.9992942094928254 0.02090324685070004 -0.552739805238859 0.007731835168793765 -0.020671425431160576 0.999756425783586 43.16057787624632
0.9994109064082961 0.03431967093735129 1.8409358916201172e-05 -0.645768660320168 -0.03431269174353692 0.9991965591470725 0.020709306457909672 -0.5660950909401946 0.0006923420148910226 -0.020697738412844335 0.9997855391468377 43.65747368020381
0.9992913647790943 0.03687183724982016 0.007565440883556501 -0.6362763372024703 -0.037020076770181494 0.9991044027573711 0.02049161552367438 -0.58212153952855 -0.006803101782987125 -0.020757167645490533 0.9997614004338597 44.14113432138056
0.9990569482720463 0.04068611520763918 0.015160941219519284 -0.625035839720817 -0.04098590854082005 0.9989591802003874 0.02001778195646244 -0.598670759558735 -0.014330715628835223 -0.02062028910281451 0.9996846674161244 44.598849911322155
0.9987447528301596 0.04447474562930582 0.023041607917784653 -0.6086284679623669 -0.04488271274957274 0.9988389433237769 0.017501639811265114 -0.6160547924928226 -0.022236474326379044 -0.01851384079688662 0.9995813007997324 45.032274439303954
0.9984343134865535 0.04608065734157709 0.031709535972756456 -0.5859870628150696 -0.04655267543695719 0.9988133089096066 0.014311616076002879 -0.6335443244443631 -0.031012417872534573 -0.015765372308123266 0.9993946582675388 45.40813915261188
0.9981186838979933 0.04602441622883625 0.0405073569186845 -0.5558358391658338 -0.046612414493303146 0.998819200566566 0.013692603648462469 -0.6515317855806402 -0.03982933176501166 -0.015554989243462073 0.9990854150876158 45.782636579033834
0.9978297782287313 0.04452574845938135 0.048509704226448534 -0.52123899677002 -0.04529079529647259 0.9988643975229197 0.014787130302764802 -0.67420482979588 -0.0477962084418695 -0.016952082034659626 0.9987132468197648 46.13428553084079
0.9973627786421239 0.045495138502522986 0.05654803402332074 -0.48788262672762495 -0.046446933153974156 0.9987984367847996 0.015632180808622713 -0.7001786337590076 -0.0557688997547616 -0.018217438043793818 0.998277493871954 46.44488412135429
0.9967055441474352 0.047776545105074 0.0655397589528116 -0.452656019725854 -0.048911130035078215 0.9986778945576333 0.01581658245725001 -0.7259220169736702 -0.0646974468156317 -0.01897009909721475 0.9977245991333408 46.73955616385151
0.9957630591726266 0.05169771568447835 0.07604785454030336 -0.41893072483750055 -0.05297891781783605 0.9984840727689718 0.01492617477921969 -0.7485602767326361 -0.07516092238675146 -0.01889186649581454 0.9969924438661919 46.995845968331686
0.9946981218200571 0.05473807443288099 0.08705969018458241 -0.3828177609589611 -0.056206152319536885 0.9983138862609895 0.01450010137603418 -0.7748878582722913 -0.08611919001644246 -0.019316513812347905 0.9960975641999403 47.21725304938252
0.9937609261321063 0.053997755660528474 0.097588237388985 -0.33943061371510796 -0.05571362416822337 0.9983349764955253 0.014942114566662406 -0.7965724245259012 -0.09661891002854976 -0.020285883991267694 0.995114701497065 47.41447454649286
0.9927108772239023 0.0527199800447399 0.10837766349869846 -0.297108656381194 -0.054466859625428465 0.9984280628921259 0.013219849924391326 -0.8169924444300201 -0.10751035040357171 -0.019026479799526336 0.9940218899111551 47.57344323093157
0.9915639034464651 0.05181401709662726 0.11881217536231277 -0.2566170467092475 -0.053287543640513545 0.9985363029106948 0.009256860277911842 -0.8349148148715255 -0.11815863521035996 -0.015509977490468336 0.9928735959443561 47.722834217219265
0.9902567434874241 0.05249186015341083 0.12898134204341993 -0.21592099747958646 -0.05364139581461773 0.9985453783831841 0.005452335705591455 -0.845464251365141 -0.1285075197517501 -0.01231795142147084 0.9916320312696832 47.912032962990644
0.9884851371183847 0.05430623366501418 0.14123727086422433 -0.1698277082549397 -0.05533999721492338 0.9984617826883495 0.0033990026565005986 -0.8539266318391334 -0.14083543021663858 -0.011175933783246259 0.9899699389879336 48.161010231024484
0.9865421095607675 0.05553293780266509 0.15378803231201524 -0.11746875001637055 -0.056566018696106335 0.9983961030771127 0.0023466762262345417 -0.8624134245626134 -0.15341105433529845 -0.011014271625684344 0.9881010749049379 48.435235210324144
0.9842811640077592 0.05604874174883574 0.16747874112229388 -0.06019603289344626 -0.05708040597676797 0.9983686736638787 0.00134859191692418 -0.8682494059527722 -0.16712994176108426 -0.01088714815750011 0.9858747651562741 48.709941248143835
0.9816696446852308 0.05522795796146316 0.18241321597676324 0.007239431023253043 -0.056257330151651554 0.9984161920073269 0.0004694057951237929 -0.87258333490664 -0.18209838414380988 -0.010722881935341615 0.9832218459204511 48.994663350706745
0.9785654225858046 0.053981481656344144 0.198735284631736 0.08139895588594576 -0.055173713072709865 0.9984766636418742 0.0004621129364262677 -0.8742872965264926 -0.19840759840601285 -0.011417171312611028 0.9800530970789196 49.28240208873429
0.9748097096166506 0.05383913501881977 0.21644255029344936 0.1576147402249725 -0.05509126274919173 0.9984812921734998 -0.00024889403708976934 -0.876555488700625 -0.21612723753799898 -0.011681469084300731 0.9762953244148163 49.55711792698362
0.9701644490657524 0.05563285007704558 0.2359786595462719 0.23665541994322828 -0.05674286726284126 0.9983866381113088 -0.0020899415288433442 -0.8789825570981069 -0.23571420997415912 -0.011362518783587341 0.9717559901452398 49.82165279439779
0.964847771320682 0.0568496606568476 0.2565870110912075 0.32496537017232835 -0.057807725694914595 0.9983204511606013 -0.0038136130478861933 -0.8818701597740396 -0.2563728632821729 -0.011153155504106031 0.9665136119552619 50.09483625575981
0.9583647756108669 0.0577678722166073 0.27964232477917916 0.4242964343692522 -0.058843478282785716 0.9982568310668214 -0.004554590213711122 -0.8852908988378952 -0.2794179699516864 -0.01209016823692859 0.9600934464415882 50.378735938270964
0.9504768573680201 0.06006924692587657 0.3049351229058 0.529588587687293 -0.061500719190434434 0.9980949206631531 -0.004918423068123492 -0.8896797073928036 -0.3046496432738378 -0.014078882064133786 0.9523604254340647 50.65065435465923
0.9411438255738808 0.06197796671653975 0.3322755350997863 0.6406721901844161 -0.06379330226067746 0.9979482310160763 -0.00545369586296817 -0.8947031078975155 -0.3319317914434285 -0.01606424145645866 0.9431665950274056 50.90173771674488
0.9304027465542078 0.06274546653044438 0.3611284198651061 0.7590440253890763 -0.06483248859483508 0.99787598003084 -0.006346408440622496 -0.9007369805964711 -0.3607595842482804 -0.01750813831826528 0.9324944972843762 51.13257394094886
0.9182753952351208 0.060919548597625446 0.39122769214927644 0.8842727658479693 -0.06287063335560646 0.9979909433180093 -0.007833295392035634 -0.9050566835571872 -0.3909188943594981 -0.01740361036956222 0.9202605785204846 51.340248481173745
0.903985213825454 0.058192829387220764 0.4235850892003435 1.0195845268456731 -0.05966148792387204 0.9981705106348254 -0.009805027165998433 -0.9095130308290964 -0.42338072705741214 -0.016408117104839033 0.905803253278225 51.536365402087064
0.8867757848769461 0.057357654923002856 0.4586270890141737 1.1601226623530339 -0.05761945891174719 0.998248215551944 -0.01343495820913408 -0.9169629570725631 -0.45859427090904503 -0.01451204910057252 0.8885272618891944 51.718207495752665
0.8666786142965555 0.05898681216807926 0.4953672733550888 1.3024957109442592 -0.057513534708994306 0.9981781583390911 -0.018236160233507742 -0.9248822845288773 -0.4955404855773995 -0.012685432788541295 0.8684922031594111 51.88558262995102
0.8444160484128902 0.06098178770475444 0.5322055606164758 1.4553632989413698 -0.05780743697578478 0.9980709413412538 -0.022642797540913816 -0.932857052940615 -0.5325597031442163 -0.011645497778987553 0.8463123211725264 52.05221806982637
0.8193279810532688 0.06347208947461937 0.5698008014393331 1.6280386814812096 -0.05898956061242045 0.9979110755413876 -0.026338508890778753 -0.9439203090334721 -0.5702822908016117 -0.012032421600075938 0.8213606574632789 52.23179904629883
0.7917560705840317 0.0666305303072048 0.6071924712348801 1.812915317229338 -0.06130300704996188 0.9976818525627288 -0.02954424467876315 -0.9554823192900176 -0.6077534582542269 -0.01383088926956489 0.7940053151472268 52.40836092821488
0.7616430174599225 0.07025035514788873 0.6441776164662554 2.016338433431394 -0.06432175140168708 0.9973926840157646 -0.032719201830928024 -0.966806187893768 -0.6447965774189327 -0.016514280893485514 0.7641757993259194 52.58882061396331
0.7281628035623396 0.07114151094130552 0.6817021467834967 2.247062322705346 -0.06425399137235054 0.9973039345925325 -0.035444134056004925 -0.9795757715355727 -0.6823857824581058 -0.017992983833879633 0.730770755046888 52.77524360642708
0.6919804965563571 0.06877078220121931 0.7186331274726041 2.5046927751151364 -0.06094404254164355 0.9974636723585909 -0.03677017818287284 -0.9914158442080542 -0.7193391523226756 -0.018352161735074604 0.6944165767717172 52.960571065519915
0.6542841395229408 0.06647333355580234 0.7533216847368128 2.782859420648104 -0.05743276362226506 0.997620268119994 -0.03814811003056596 -1.0039418417184902 -0.7540648131503285 -0.018305642905240473 0.6565448659508292 53.14772383780892
0.6142378569396553 0.06477948227782793 0.7864575473463284 3.085877183811103 -0.054504465478115965 0.9977274736736241 -0.0396125172110585 -1.0171838134883744 -0.7872363802220593 -0.01853394055963587 0.6163727562946042 53.33819612559313
0.5707756190887133 0.06296030684383778 0.818688702997685 3.4314765541602057 -0.05023446728830401 0.997865813039259 -0.041717112361266614 -1.0324851148733658 -0.8195679904377443 -0.017315280235445825 0.5727202546795527 53.53571335290187
0.5253107801735853 0.060498561883116656 0.8487570372276738 3.8105087150249286 -0.04604524308830438 0.9980288778143332 -0.04264029359191087 -1.0495339706170852 -0.8496637098419371 -0.01668181820845977 0.5270609994288156 53.732962143614145
0.47906203300161326 0.057364433706209285 0.8759046125474692 4.217299375416767 -0.042781120654375886 0.9982023023717165 -0.04197546015665344 -1.0664731951146544 -0.876737899404333 -0.017363331632292985 0.4806549390807402 53.9214699402768
0.43232058066515405 0.054239943704960776 0.9000871869103743 4.646169228952452 -0.04124027648114706 0.9983340791796977 -0.04035227309812414 -1.0851459225208604 -0.9007764179468216 -0.01967472630838177 0.4338372390834928 54.09829503722935
0.38357023809327695 0.05243320759004514 0.922022034005094 5.085313227028955 -0.042160172458311905 0.9983402214505267 -0.0392341954473498 -1.1043450630663012 -0.9225488563254288 -0.023823538274880096 0.38514418951441176 54.255924682822716
0.3343002037897421 0.051373797183104426 0.9410654104307156 5.550225942927433 -0.03999281104790891 0.9983870961639887 -0.04029616951680397 -1.1243903223155642 -0.9416177296603053 -0.024164833461664825 0.33581559227222746 54.3940336665646
0.28629504363986247 0.04764708321680032 0.9569560613989474 6.078060195769636 -0.030562051088452058 0.998708671921878 -0.040582627580138725 -1.1441893833224595 -0.9576539610007997 -0.017627934903802336 0.2873815354028704 54.51762350280627
0.2416069133937807 0.042081915938560574 0.9694612997697616 6.636439635922686 -0.020090093387698557 0.999062009258489 -0.038360002659892194 -1.163428858173658 -0.9701662164536594 -0.010208526207700325 0.24222571796707104 54.622178104341664
0.19792077811164754 0.03969362557801902 0.9794139991240463 7.1550469923453175 -0.011237596689820729 0.9992059733652188 -0.03822485071135202 -1.1807187971386657 -0.9801536012341749 -0.003440767318528076 0.19820968469765263 54.69544211531185
0.15665407669984951 0.04007378764807004 0.9868402058068269 7.654809048714214 -0.007826096186699818 0.9991955031727318 -0.03933317502910605 -1.1971857634867982 -0.9876225252958741 -0.0015614041536886544 0.15684167030886495 54.75033537225181
0.11950946751298104 0.04000487910918266 0.9920267621502098 8.170607579531637 -0.000257153969955307 0.9991890944012103 -0.04026273092486201 -1.2125265436488564 -0.9928330277778863 0.004556673913259884 0.11942284403014684 54.78489581404202
0.0848499624236388 0.03797080412963458 0.9956699764030555 8.697950281105884 0.006371125914195631 0.9992325138547512 -0.03864960556205325 -1.2290287679749463 -0.9963733700934092 0.009622956368276758 0.08454292447888061 54.80273020400564
0.05441355429195282 0.035461197975421056 0.9978886052799031 9.227379940973771 0.012539639086097816 0.9992661095302224 -0.03619391932255017 -1.2474551405634395 -0.9984397440811904 0.014482602752435663 0.05392895007885877 54.80595673532927
0.029633526288242715 0.03386141304848441 0.9989871164464984 9.761666654864467 0.01705695419363721 0.9992633784721652 -0.034376747345173354 -1.266961140403587 -0.9994152862716111 0.018058381731419118 0.029034125023533325 54.801404834084074
0.008859340404651589 0.0350090528662594 0.9993477264220935 10.299097822318895 0.019605785614427152 0.9991887566069072 -0.03517729154990241 -1.288123021667719 -0.9997685358411924 0.019904644878851026 0.008165773338221166 54.787165685108384
-0.007763813714095572 0.03458267277077976 0.9993716835795615 10.858733191102985 0.01999348358331513 0.9992073907079077 -0.03442166423781906 -1.309868025412947 -0.9997699654474635 0.019713677960406403 -0.008449088143513396 54.77049473079599
-0.022311012387908953 0.0350693386809476 0.9991358066903182 11.413310213948687 0.020138354612829774 0.9991975664979866 -0.03462181072665671 -1.3348784920505732 -0.9995482306520884 0.019348503533491098 -0.022999348062499335 54.74527954746273
-0.033761926474326326 0.037670401606909744 0.9987197170195055 11.981747188787024 0.023819013629759186 0.9990359015255273 -0.03687712099370678 -1.3592264822195583 -0.99914602882184 0.02254347590442249 -0.034626648461830584 54.70983365910673
-0.041721272815257816 0.039604995390695105 0.9983440187304087 12.54561878508659 0.027943640826828223 0.998869426158105 -0.03845806058450315 -1.3816626424741534 -0.9987384484098035 0.02629284744342305 -0.04278081160170801 54.66952800443482
-0.046945784551390216 0.03889588608471676 0.9981398716405152 13.124318904679965 0.028441816394715557 0.9988885094853502 -0.037587347582754754 -1.4050540715701514 -0.9984924418306979 0.026624343443966268 -0.047999874407689755 54.631019399055205
-0.05105787354598417 0.03566076013726453 0.9980588177734814 13.73281019699169 0.026272206617302694 0.999064394673846 -0.034352677543986986 -1.4273942181532502 -0.998350071221726 0.024467232810758913 -0.05194699038600866 54.592904977295355
-0.053479900620306706 0.028356334783983767 0.9981662278935637 14.372306757786085 0.02347010003696064 0.9993562794565264 -0.027132657722124788 -1.4448762958912453 -0.9982930705128142 0.02197600938363357 -0.05411100052367605 54.54769888667415
-0.05455637590990579 0.021790821370710204 0.9982728895204815 15.02094873371784 0.024088488972009596 0.999499598690048 -0.020501144296850078 -1.4636808717119438 -0.998220089232143 0.022928417355428114 -0.055053983788213544 54.498636383348256
-0.054555073115935465 0.018576320133956443 0.9983379509602949 15.69270388835359 0.026695291382286008 0.9994966797934852 -0.017139092736082013 -1.478202171986607 -0.9981538485701165 0.02571589804152169 -0.055023514724054826 54.44926288494993
-0.054161160666850464 0.020361716482510967 0.9983245810742667 16.37836241680248 0.03028812996446136 0.9993655241193821 -0.01873975412994416 -1.4881918194993242 -0.9980727417670924 0.029222417824004653 -0.05474351503186277 54.398124104176354
-0.053365004040121546 0.028017916114419904 0.9981819336776276 17.095197450726683 0.031721955730373536 0.9991493582428015 -0.026349145102645848 -1.4963997475908775 -0.9980710865807323 0.030258160876123916 -0.05420839263395079 54.349932823523794
-0.05211775148475919 0.03657032457927431 0.9979711174880487 17.817248154238296 0.032467513275767045 0.9988630194498318 -0.03490743412591504 -1.5061515543415174 -0.9981130199340488 0.03058234352913024 -0.05324584211377911 54.30293928467052
-0.04954358611684006 0.03758073748914118 0.9980646879057795 18.559759448159227 0.033129438826056304 0.998803798829655 -0.03596403379104579 -1.5260048120177632 -0.9982223566709775 0.031283535817185876 -0.05072935076482848 54.257482244661034
-0.047100275527068705 0.03281809003040702 0.9983509087550512 19.287518636377126 0.032031633858617826 0.9989957581394937 -0.031328096840514234 -1.549739736840936 -0.998376451283597 0.030503248778733248 -0.04810419250253608 54.21668090938565
-0.043952967280057806 0.02603142541094624 0.998694398481517 20.019516488560463 0.030785586348548864 0.9992210158325538 -0.02469026512085353 -1.579505215609408 -0.9985591541518514 0.029660182225271964 -0.04472012130919875 54.18035043723346
-0.040651288182358386 0.02354209297739374 0.9988960119188407 20.733511850434162 0.02884788566280325 0.9993332811231254 -0.022378398791615715 -1.6064921211970173 -0.998756863436696 0.02790632720252715 -0.04130332480763279 54.15162425721119
-0.03770356985740806 0.02824939879733178 0.9988895896382158 21.453541026935856 0.03509972715953037 0.9990209597799865 -0.026928257901381276 -1.6389436213498385 -0.9986723436509796 0.03404546060587359 -0.03865820273628661 54.113900358909184
-0.03505375647092977 0.034506084488273504 0.99878954955014 22.171515306411575 0.0371247039271519 0.9987589186879251 -0.033202088784450016 -1.6619708171665513 -0.9986956445862796 0.03591590837800604 -0.03629128007916804 54.0800587825643
-0.03227716219412058 0.035010872175592664 0.9988655683475154 22.90083830823371 0.0313440335569575 0.9989301936136042 -0.03400029187330494 -1.688369615081289 -0.9989873554560543 0.03021104295773184 -0.03334001383220063 54.06219043210799
-0.028520974042421595 0.03144382529510078 0.9990985136063854 23.621554640090743 0.02582832490969931 0.9991945866928277 -0.030709535263665457 -1.7165012953265235 -0.999259451630074 0.024929175168113528 -0.029310144206519936 54.05524201613104
-0.023923672439113225 0.027713105594718106 0.9993295961169811 24.380188854942517 0.028769440974052377 0.9992207792138053 -0.02702135550632503 -1.7506365172289502 -0.9992997434018848 0.02810370377111694 -0.024702321171881415 54.037688792287334
-0.01991955384737741 0.028258827315551027 0.999402146312123 25.124652332471886 0.03347293805533462 0.9990589562097753 -0.027581958505174812 -1.7847577473393985 -0.9992410989308192 0.032903505828214184 -0.020846714651175068 54.018469073661905
-0.01717340019169643 0.03307594666488663 0.9993052867257757 25.864921189060517 0.03335670223750805 0.9989152836195597 -0.032489791736737064 -1.8151146605313615 -0.9992959545308389 0.03277556869803943 -0.018258076427324906 54.005638053298895
-0.013878713450270318 0.03382703627361883 0.9993313329071174 26.61498679264241 0.029555615994112203 0.9990047733624869 -0.03340551394872114 -1.8423893996253764 -0.9994667812769868 0.02907222757053374 -0.014864679879272131 54.00458467190549
-0.010319436022847553 0.033066338972473276 0.9993998831634587 27.36155959228097 0.027847743930984173 0.9990749514121574 -0.03276804264451682 -1.874389877961599 -0.9995589089183943 0.027492884311327456 -0.011230712983567804 54.00531644029207
-0.006503273839714721 0.030181108440808284 0.9995232904353241 28.14927332754181 0.03089237331794101 0.9990734049897144 -0.029966526542900104 -1.9092775020250652 -0.999501560128926 0.030682766099971222 -0.007429614007726998 53.99941489310109
-0.0028187385900937416 0.030110829549900093 0.9995425917171238 28.914718725360043 0.03551019270862247 0.998919171693949 -0.02999190951030383 -1.9460208976328746 -0.9993653390660311 0.03540941069962369 -0.003884933377571622 53.99052065071641
0.0007122339246784145 0.031072458475057345 0.9995168808215094 29.648313281527752 0.0385200793462117 0.9987744661812066 -0.03107682724490357 -1.9796461285744542 -0.9992575725057096 0.038523603527757716 -0.0004855525080242312 53.985102619551554
0.0036931486208880886 0.03104858477197632 0.9995110534841165 30.38556668838504 0.038989210592755286 0.9987533869296058 -0.031169112178515486 -2.013632644423808 -0.9992328067625798 0.03908525911773526 0.0024779848832647933 53.987160526595666
0.006547047988822501 0.029630996437368367 0.9995394640597074 31.125922110269055 0.040058448003184165 0.9987507715957938 -0.029870001345564827 -2.047935536178026 -0.9991758888735321 0.04023555998040193 0.005351897500442314 53.991026649656945
0.009232761857770505 0.028655742827106364 0.9995466995150908 31.860327041619023 0.041826213563722014 0.9987034237145277 -0.02901791377414526 -2.082006718693152 -0.999082240842767 0.04207516920831761 0.008022229658382665 53.993180328415335
0.011766837697065867 0.028797885468426286 0.9995159945309358 32.557773423732705 0.040521095976360666 0.9987503746233506 -0.029252862605098972 -2.1140385917165467 -0.9991093945667266 0.04084569723074433 0.010585211677094355 54.00078318437308
0.014440626858449383 0.030353402500026973 0.9994349099629317 33.26864674037941 0.03766820681692602 0.9988130992706915 -0.03087877783324338 -2.1469657095956216 -0.99918595591168 0.038092829797074325 0.013280129024930996 54.013113012673614
0.016499471469099646 0.03057866841127985 0.999396173936763 33.98218385372005 0.03874247296275094 0.998762058999868 -0.031198882849824094 -2.1822941216756107 -0.999113000731137 0.03923384432527019 0.01529435286272659 54.017767254550535
0.018632299529160064 0.0302045968434128 0.9993700614606131 34.72006251051481 0.036986413851959304 0.9988385993167099 -0.0308781104572001 -2.2237952983062272 -0.9991420532660173 0.037538444887373255 0.017493500244673565 54.03100820725076
0.020694441128530253 0.030214222314303 0.9993291954487905 35.46780787727674 0.03501397196267398 0.9989081883570752 -0.030926574342878543 -2.266775126378278 -0.9991725385906984 0.035630492602971284 0.01961392676377528 54.046929512673124
0.022808449670311697 0.030259611201250213 0.9992818073764747 36.23075812847706 0.03171705625963848 0.9990167893099722 -0.030975522901487283 -2.310618833019033 -0.9992366101008643 0.03240078095890299 0.021826278367908014 54.067290859876564
0.025319022518708892 0.03198085452687502 0.9991677396926082 36.98297306781551 0.029427629074443115 0.999031167387866 -0.032722182609010345 -2.3536432599205526 -0.9992461967632207 0.03023163130516261 0.024353371899484767 54.08743814410758
0.02792513625709936 0.035706596787552426 0.9989720845503551 37.74997804808669 0.027781751071455474 0.9989480530984792 -0.03648234529419644 -2.3950331539028613 -0.9992238793545887 0.028771968243629875 0.026903768712978494 54.11015696087356
0.030833126975237223 0.03829505133922945 0.9987906724253403 38.51522310125274 0.02749766446692106 0.9988550640269467 -0.03914638574111742 -2.4351745232505912 -0.9991462339066294 0.028671416265219907 0.029744800546531846 54.133121445276366
0.03318517886887362 0.04043786825592634 0.9986308240357725 39.26344163830838 0.021465851097098906 0.9989218320612544 -0.041162976909692346 -2.474284863848382 -0.9992186753359475 0.02280246132124849 0.03228136641430977 54.166455944666204
0.03527527548941439 0.03973406797929599 0.9985874317159071 40.0209087914269 0.01720424639658892 0.9990370905410305 -0.04035970303708856 -2.516253406095471 -0.9992295376163972 0.018603643867081604 0.03455771389712317 54.20244749455555
0.03838506542901102 0.03999063405378263 0.9984624859953407 40.77727927204807 0.018911196193627338 0.998990848349123 -0.040738821451155496 -2.559479157700102 -0.9990840572296928 0.020445882291538143 0.037590058350365586 54.230259292515086
0.042038121829570084 0.04120001343513947 0.9982661745276133 41.54335127090363 0.018721600194061203 0.9989415070281744 -0.04201627330519316 -2.602267708690026 -0.9989405878225306 0.020455425422789095 0.04122229459354203 54.26462961286366
0.0451964424306221 0.04191847123092356 0.9980982533605031 42.271198866413734 0.015435087678130979 0.9989706652212393 -0.04265405134106831 -2.643934109976357 -0.998858868739719 0.017333545427878124 0.0445029048817694 54.305672751554475
0.04851183491753532 0.04032721460665444 0.9980081751343582 43.021444143894755 0.013839932380763302 0.9990615435904272 -0.04104251929904063 -2.6851842670727217 -0.9987267184493648 0.0158034135801433 0.04790818275185611 54.35092980739296
0.052675232997566476 0.040110961024412604 0.9978058080780847 43.79126945261381 0.01401334858841544 0.9990649153896684 -0.0409013557083147 -2.7290072291214154 -0.9985133679075104 0.016137089053995562 0.052063888318793265 54.395898830647475
0.057572706736070484 0.043731361732553944 0.9973830515103556 44.570536842787774 0.011394144690841594 0.9989462917424405 -0.04445761667919822 -2.7713508825353386 -0.9982762928697917 0.013923872128358206 0.05701376043646427 54.448994190252314
0.06191999453433103 0.05204400639959143 0.9967232994541448 45.35687629836052 0.009945231883769142 0.9985578225154842 -0.052757629362172806 -2.811628856960075 -0.9980315659535294 0.013179396458776934 0.06131310520056784 54.49711312032145
0.06772448020630464 0.057886468138585806 0.9960233689965491 46.134777621689 0.00884182274338856 0.9982414133918858 -0.058616574106205535 -2.8519571156290393 -0.9976648820878522 0.012776439089757279 0.06709355895185001 54.5443677263209
0.07441764541528591 0.06114259594151285 0.9953509918678873 46.8999169790102 0.005146231992011058 0.9980817755367682 -0.06169510221776073 -2.896080380377504 -0.9972138839522527 0.009713511358331591 0.07396024168404523 54.604106652767975
0.08138580151400698 0.05963643958294091 0.9948969023902939 47.68420559736903 0.0013193920872980479 0.9982009642809054 -0.059942423317660115 -2.9416647469337915 -0.9966818000327137 0.006191121267090767 0.08116070170355563 54.673499802577375
0.08876335443325092 0.05749439881997312 0.9943920057070534 48.48910545239486 0.0005316313087632311 0.9983298044638004 -0.05776953251866616 -2.986999461900906 -0.9960526011601581 0.005656467413815319 0.08858453645240699 54.747603168306995
0.09581138627659375 0.054006658839949866 0.9939333272713582 49.29918136340399 6.549074643666585e-05 0.9985266999068146 -0.054262558769123885 -3.0312088945236084 -0.9953995047068932 0.005264064414096183 0.09566669041586401 54.82937367929954
0.10192008232213373 0.04804758270059844 0.9936315849529389 50.11562308091062 -0.0015545387319503548 0.9988393905773373 -0.04813995471984956 -3.0704956213767978 -0.994791375228389 0.0033617893639323044 0.10187648474251652 54.918353694199695
0.10782136066382216 0.04033277283484055 0.993351811605569 50.92204751399679 -0.003906655239389847 0.99918620228933 -0.04014562491070586 -3.108531909124582 -0.9941626085452274 0.00044787284320546767 0.10789118212566673 55.00979407968031
0.11445878916689461 0.036877887826499985 0.9927432734458165 51.77117223440205 -0.0039887597579173276 0.999319751357557 -0.036662301377142194 -3.147227109837272 -0.9934199894194051 0.00023650820463569797 0.11452802576586725 55.11110291898988
