0.9999903441199103 -0.000308275872935248 -0.00438367801400426 -0.0013288830932107058 0.0002989610351394555 0.9999976966724788 -0.0021253875028304113 0.003863771708096109 0.004384323122645805 0.0021240564314267537 0.9999881329771035 1.2312332747396293
0.9999410300176746 0.00118125166680023 -0.010795421793155943 0.01592861014879913 -0.0013785875083772421 0.9998317650593516 -0.01829046403960288 -0.014307485506823672 0.01077199998487796 0.01830426788489344 0.9997744334566295 3.5678158440506413
0.9998692692960036 0.0035178665401854074 -0.015781917896178783 0.026134811171012778 -0.003790316724230634 0.9998437320541703 -0.01726687496678827 -0.035522104020892765 0.015718709126588657 0.01732443612341035 0.9997263556075734 5.810870874168262
0.9997780777412084 0.0073258107100845175 -0.019751652222883498 0.0466078491832284 -0.007973793839988693 0.9994258558172227 -0.03292988514722041 -0.09983334473701913 0.01949907382136612 0.03308007287555122 0.9992624754781185 7.760810452212743
0.9997643047584984 0.007044287069519647 -0.02053565071863826 0.051859409942668015 -0.007586263646788599 0.9996217570945076 -0.02643466185087732 -0.14317167238518477 0.020341669907781 0.026584220187378334 0.9994395908219724 9.55405585557682
0.9997722116981435 0.0025319878302151825 -0.021192304118002537 0.06324658662561171 -0.003004459713933384 0.9997469781780894 -0.02229243920270604 -0.18648061883588413 0.021130497817837046 0.022351032669803803 0.9995268547670763 11.192594259054406
0.9997893531088421 0.005764608689343588 -0.01969819019255451 0.06405960089938861 -0.006246603480871515 0.9996804189160167 -0.02449571351993804 -0.21476872072997738 0.019550686820571553 0.024613600357462066 0.9995058485683253 12.634189850901349
0.9998720266284638 0.008448622918719704 -0.013584959943504397 0.06808297885333103 -0.008692786373718862 0.9997999164816245 -0.018015617347101113 -0.23271896090505756 0.013430034659308311 0.01813140298249331 0.9997454107896355 14.09161409735364
0.9999344086137288 0.011050984912969138 -0.003009020233577467 0.10941775566769554 -0.011092011319705886 0.9998407868867231 -0.01397741616396752 -0.2679131197675738 0.0028540769429478735 0.014009875452356905 0.9998977835932096 15.732730980691574
0.999810384390749 0.017960300829460613 0.007524816179638772 0.18183339013065375 -0.017733018000519313 0.9994146926435655 -0.02925426807763487 -0.3072148292488606 -0.008045827304593023 0.029115283311006025 0.9995436783556301 17.359959437226866
0.9996223142841477 0.02222165276746883 0.016168702282076192 0.27779789141375383 -0.021372276625014983 0.9984733528446886 -0.050933186145650636 -0.3719200011327979 -0.0172758379556017 0.050568387430940574 0.9985711710316721 18.73967189453628
0.9994923233077265 0.022645244780453957 0.022411794612625567 0.3193619320369551 -0.02283059560768534 0.9997069443570086 0.008049180614872548 -0.25599056774430007 -0.022222951044438895 -0.008556768853125825 0.9997164208682744 20.67509701319082
0.9992708719631014 0.02068864668129783 0.03208900660042934 0.4379041921001536 -0.021734709220088664 0.999232126596686 0.0325999937451394 -0.1996847248152821 -0.03138991655331639 -0.03327366940331893 0.9989532201575891 22.764108290830503
0.9991010579653287 0.011895712019577688 0.0406886717417973 0.5831340668616657 -0.013182698432672642 0.9994165158866015 0.03150943089172861 -0.16210363098439526 -0.04029010343245186 -0.03201749222900959 0.9986749159545216 25.17188885147181
0.9986598135199705 0.01761803380888337 0.04866396762461879 0.7280143769845397 -0.017879459910309127 0.9998279361351752 0.004941966915369583 -0.1698919241152713 -0.048568526574074164 -0.0058054292163458275 0.9988029811819952 27.417666522274136
0.9972496564244379 0.018440474700157555 0.07178489851060227 0.955974197928139 -0.01879038147437597 0.9998146148909302 0.004202072649263634 -0.1607248465955248 -0.0716941024449853 -0.005539381132862288 0.9974112847422955 29.74901332736879
0.9927097512266734 0.014451791192854549 0.11965991622427478 1.3182463505336925 -0.014020723838544039 0.9998918310894819 -0.004443582290085354 -0.2006505877723142 -0.11971119046490862 0.0027334688298219834 0.9928049954677075 32.144338598831816
0.9827393261888551 0.01273739204331164 0.18455670024633647 1.8704019900606654 -0.011459280816540511 0.999902415243635 -0.007990298687548046 -0.2429643045032941 -0.18464046589263353 0.005737493693551768 0.9827893871634306 34.67091211402164
0.9704603347581973 0.012944144877998129 0.2409132370260977 2.616958579179679 -0.010408398020752071 0.9998762622857813 -0.011795141714338448 -0.27400575124715043 -0.24103610499602932 0.00893919631718181 0.9704749800265599 37.42302194322678
0.9620116178024672 0.02229358123242966 0.27209675383752796 3.482144776635342 -0.02035749278519951 0.9997433853376548 -0.009936597058897087 -0.2647351500479224 -0.27224845215462223 0.004019914108957112 0.9622185929350853 40.31644931954932
0.9592938461317421 0.020312584277139945 0.28167839053388927 4.472367813826798 -0.01986814304369001 0.9997927763927789 -0.004434091205611371 -0.2530109093609701 -0.2817100879730321 -0.0013428301487138391 0.959498631130564 43.437241792851566
0.9664207929869354 0.023023027930334 0.2559312233148387 5.372405285374393 -0.020411453535181315 0.9997090043990281 -0.01285609147795055 -0.21891015520245125 -0.2561527346078738 0.007200465847940572 0.9666095022523252 46.547962621073296
0.9783536492180993 0.03975143422434981 0.20308609144582698 6.109162560109234 -0.04199599347144641 0.9990949560235458 0.006753175598168623 -0.20792852815851556 -0.20263384118646557 -0.015135796160779398 0.9791375971131968 49.82885204695788
0.9874322711486417 0.041983510494379456 0.15236434865417345 6.7265557070705535 -0.041964815389634064 0.999113506783071 -0.0033398851705036415 -0.20913455632469646 -0.15236949879669515 -0.003096031363948174 0.9883187494053949 53.258515786169305
0.9924303798404605 0.043029818741996545 0.11502337096762859 7.203996272434382 -0.04355249782710349 0.9990490698904388 0.0020336873092784264 -0.20370229453270755 -0.11482648258457581 -0.007027848182957701 0.9933607039978866 56.84326057026165
0.9910662568101937 0.051987649494658214 0.12282084070815023 7.657671593724228 -0.05242928848746623 0.9986245725647491 0.00036438794090474147 -0.23144215518518255 -0.12263296588166764 -0.00680054188238001 0.9924287925635649 60.3016205667386
0.9803154273207257 0.05729342695359765 0.1889421239028039 8.32730746184426 -0.05755437941450715 0.9983339133208994 -0.00410985688208978 -0.28040574730400264 -0.18886279773211193 -0.0068454905808919535 0.981979624478793 63.72433081878214
0.9587161094124954 0.05479521150393618 0.27903567218048175 9.225174271521217 -0.0540650448838461 0.998484104888614 -0.01031810091497918 -0.3681358469100861 -0.2791780658910759 -0.005193946574897595 0.9602253019184088 66.75042862048294
0.9178471578981893 0.04736009214994848 0.394098485673024 10.49273629391797 -0.050706965475140996 0.9987117231125033 -0.0019229586471211971 -0.45305736049700057 -0.3936818492012617 -0.018218556177811464 0.91906620317596 69.55964498046227
0.8582488822603198 0.04587232033248267 0.5111796028073028 12.114313415977987 -0.0490750882459035 0.9987689041011736 -0.007232697574148415 -0.5350160773616744 -0.5108820723147116 -0.018878729508534513 0.8594434837495557 72.15849389511393
0.7706469121495492 0.04093710610528469 0.6359461377649008 14.512679406159886 -0.0443450913202169 0.998960383685743 -0.010567152039987097 -0.6142907333780105 -0.6357175864093826 -0.020057546464092944 0.771661094755769 75.13031689068735
0.7010582786815359 0.033555194745601036 0.7123140731430707 16.905984149927235 -0.03586252231535685 0.9992873263510762 -0.011777898254797048 -0.6609829261171297 -0.7122016353430164 -0.01728838626664186 0.7017620268403176 77.43507150157885
0.6563565536681343 0.026232798345485562 0.7539946384078988 19.46460420595622 -0.02563022697654673 0.999593758060638 -0.012466367207067047 -0.7243837650149441 -0.7540153618607666 -0.011142671904701808 0.6567622666846824 79.5874026234883
0.637851264790752 0.025099367353895 0.7697504698038684 22.080655746526844 -0.025182275985642617 0.9996140866329939 -0.01172735183530058 -0.8038046644688824 -0.7697477619201138 -0.011903762569886506 0.6382371686572766 81.70402124716284
0.6294554311090725 0.024294297499126583 0.7766567113959162 24.748922019100238 -0.028598876993159394 0.9995582440945652 -0.008088318571898921 -0.8563492520362684 -0.7765101187248142 -0.017120273701501394 0.629872155080983 83.81345646474146
0.6262783305609113 0.02684935573577758 0.779137064171905 27.404693244619583 -0.03335079844570284 0.9994145633123025 -0.007632488605533231 -0.9242554493501521 -0.7788858561515131 -0.021204780966875354 0.6268071317010304 85.89462064680745
0.6255253280467178 0.029534358861624355 0.7796446534278826 30.02043305276479 -0.040649831763494876 0.9991597359046144 -0.005235773545603304 -0.959937859412215 -0.7791441812332618 -0.028417315032459877 0.6262002882917721 87.93665297423105
0.6240864409811472 0.030068929062859028 0.7807765196831303 32.511519703086655 -0.04109642215182653 0.9991393264014605 -0.005629433750735701 -0.9903860705311266 -0.7802737969903949 -0.02857386818489605 0.6247850316606073 89.87587473990259
0.6226542296528625 0.02614806954173298 0.7820600928027497 35.00710082520548 -0.0411164639001696 0.9991541354635128 -0.0006708073535886667 -1.0093091449428933 -0.7814161162221775 -0.03173786453749332 0.6232026646788753 91.8162309585139
