0.9677231524258653 -0.029436443617451433 -0.25029062316855183 129.03283344734157 -0.028800397984529345 -0.9995659282533342 0.006204204298938864 1.5305183645814209 -0.25036460879061573 0.001204517416586971 -0.9681508724382348 -999.9791268441186
0.9657091437248607 -0.031930651933765895 -0.2576553573929382 128.44001416587028 -0.02644583638306534 -0.9993444115964962 0.024725791167416772 1.5615137715753622 -0.2582759521600843 -0.017064011191371846 -0.9659204688057212 -1002.2979892868964
0.9649786930414415 -0.02868988591241813 -0.26075469779538923 127.85286586837418 -0.023433619445169362 -0.9994551133252292 0.023245256026834325 1.5591613397355863 -0.2612795197785914 -0.016320750423510937 -0.965125196878562 -1004.595173178937
0.9630846492508088 -0.028109488947173786 -0.26772712789065106 127.29821985081807 -0.01763755708161616 -0.9989853230750851 0.041439604978356234 1.5892080375285325 -0.26862031746992077 -0.0351877949252037 -0.9626032121963142 -1006.6527553518687
0.9628900028143519 -0.026764640787350594 -0.26856376614074756 126.79268727686015 -0.01859157268543651 -0.9992847220341576 0.03293019487034454 1.5752676071811926 -0.26925303323316563 -0.026715132652502888 -0.9626988655764063 -1008.5943603653415
0.9622791837428155 -0.033753772055267355 -0.2699619517771026 126.32950853872188 -0.027773220671544297 -0.9992775270813474 0.02594363281650521 1.56347974605324 -0.27064260704625076 -0.01746730495036364 -0.9625214140521658 -1010.3646703801203
0.9624224814669795 -0.03265168504851891 -0.2695864140316314 125.90530387219867 -0.026093240188934774 -0.9992707530622883 0.027876601133749165 1.5667321136371006 -0.2703000369651924 -0.019794684585007067 -0.9625726260801291 -1011.9463629291535
0.9631383129300197 -0.028369459731852738 -0.26750656799570144 125.50288920182945 -0.024135516168546874 -0.999526163938665 0.01910299613504735 1.5522629656911726 -0.26792175541675195 -0.011942418372365407 -0.9633666548193509 -1013.456813070638
0.9655447665496841 -0.024839611888749315 -0.2590488322107088 125.09138743350036 -0.022233679407603183 -0.9996684709320588 0.012985057734137695 1.542116316070881 -0.25928549378728377 -0.006778045852255222 -0.9657769363605184 -1015.089494414863
0.968334673253564 -0.01857657138951758 -0.24896359486945965 124.65143545788186 -0.011968486052939412 -0.9995354302449151 0.02802996658424247 1.5673226292065143 -0.249368634588464 -0.02416267122077591 -0.9681071476871568 -1016.8592036669921
0.9706603805728272 -0.018480978059548663 -0.23974336077601158 124.18409644242504 -0.006432780576831376 -0.9986809917169422 0.05094012286317447 1.6047663509801358 -0.24036856059032488 -0.047903342610171255 -0.9694989555675181 -1018.8443784319984
0.9719010321674767 -0.001461503321607111 -0.2353853174686851 123.59582658930539 -0.0038277113563297987 -0.9999466323494565 -0.009595888637990792 1.5042323163340439 -0.2353587310842013 0.010227241124615634 -0.9718547583056909 -1021.3970840794564
0.9732268149883003 0.002305326808533928 -0.22983527156647462 123.07645319784473 -0.006142372080416168 -0.9993317154657602 -0.03603323090547785 1.4585690222856573 -0.22976474458226837 0.036480240303041 -0.9725622623845108 -1023.7647653365061
0.9744582653528747 -0.01244535118615584 -0.2242235543365605 122.56493602636836 -0.020797579404138084 -0.9991734640896973 -0.03492634177699356 1.4602757481222444 -0.22360355492790324 0.038697569598723495 -0.9739116737829756 -1026.2517987037174
0.9760170408429325 -0.017100220725164934 -0.21702146998708885 122.05101802609637 -0.019296399510405654 -0.999781765488616 -0.008004396442076202 1.5067531950195068 -0.21683723146669504 0.012000160316335318 -0.9761340129317501 -1028.7019419436374
0.9805967624167706 -0.015045997880275025 -0.19545743138989394 121.59875753690856 -0.01716437158211758 -0.9998108251941514 -0.009148670547239359 1.5048501335151772 -0.19528280489059782 0.012326060699903 -0.9806695133130651 -1031.0851849899027
0.9889055657676772 -0.022488169090157623 -0.14683345751116422 121.2840332017068 -0.022961017791309633 -0.9997351964710988 -0.0015259747314455435 1.5176643847999096 -0.1467602591156664 0.004880490535420712 -0.9891600513346849 -1033.5910185567677
0.9962828498575454 -0.025786139107970774 -0.08219220224347988 121.09495169222195 -0.02597458183803835 -0.9996618541777438 -0.0012240916042331356 1.5180789928571414 -0.08213284469728138 0.0033544495555739686 -0.996615745154627 -1036.401163005277
0.9993846925241442 -0.025516239048231165 -0.024065699517299026 121.0631881185816 -0.025476040849114017 -0.9996734810251455 0.00197551960857745 1.5235088621675914 -0.024108249440340252 -0.0013612053126283617 -0.9997084272071636 -1039.4146682920302
0.9999325955014088 -0.011267810107119754 0.002800162353715014 121.0860737716639 -0.011264620266976414 -0.9999358881714759 -0.0011523354388561283 1.518542666758042 0.002812967127091094 0.0011207150006631948 -0.9999954155964069 -1042.6464287475899
0.9998552060036228 -0.013284916024430745 0.010633815574722705 121.16723400350278 -0.01321715873298297 -0.9998920586654507 -0.006416987828765506 1.5095765136274089 0.010717916890913275 0.00627550985906471 -0.9999228691421799 -1046.0533889557842
0.9996776542764328 -0.014087509064993101 -0.02112178090771783 121.1504474961682 -0.014006864788153522 -0.9998940528543361 0.003961162119573458 1.5271465209360988 -0.02117534602258672 -0.00366403532664443 -0.999769063117053 -1049.6168757886571
0.9965464405953172 0.017921706306794613 -0.08108023297856082 120.86340200156945 0.016699475332344924 -0.9997368523622779 -0.015727477623253366 1.493432955602472 -0.08134076014169714 0.014319164494429399 -0.9965834848459776 -1053.2829603025018
0.9906143809013092 0.0190909198829098 -0.13534653719079687 120.41295815072823 0.019148422739150302 -0.9998162674425232 -0.0008770769083507283 1.518672700710185 -0.1353384138303616 -0.0017228277118407872 -0.9907979337920305 -1056.9807486847187
0.9845675426691274 0.024124510323451913 -0.17333424913769968 119.787572189256 0.02340126120495287 -0.9997068328516252 -0.006215249294326492 1.5094509735347217 -0.17343337307592815 0.002063092684955404 -0.9848434437777811 -1060.656067801416
0.986291683785779 0.03537819473645839 -0.16117412271267773 119.19704796797996 0.03498219926032417 -0.9993739091622676 -0.005294848499997956 1.5104437461852087 -0.1612605352525008 -0.00041596023388921355 -0.9869117826569708 -1064.2787408399683
0.995137655189389 0.042680716397653265 -0.0887660051593407 118.87426738713692 0.04263237648542576 -0.9990878443244567 -0.0024412698161660985 1.5147991837855779 -0.08878923188861321 -0.0013549062305160725 -0.9960495150993935 -1067.827557492695
0.9990243138491077 0.0409774670851453 0.016470201261869585 118.94291481992917 0.041004121511338955 -0.9991581526158512 -0.0012837758230122005 1.516873160443122 0.01640372998448865 0.0019578693945787595 -0.9998635328833786 -1071.2094255271645
0.9879117047390067 0.03599410793388488 0.15078092662440626 119.45287840448873 0.03843147233928119 -0.9991729729732785 -0.013281265511099528 1.4966053205819083 0.15017817941866857 0.018915450663018755 -0.9884779816226107 -1074.4245543043223
0.9554754520424371 0.03237211790310184 0.29328945860151356 120.43928060462785 0.03561197936827533 -0.999349367411079 -0.005712160760210777 1.5096970237723062 0.29291372018014933 0.01590244753315119 -0.9560066237702967 -1077.5385474552972
0.8948778602522869 0.02754663359121964 0.4454602094554349 122.21399920010653 0.03371903325754754 -0.9994137277462515 -0.005935283356196901 1.5094268735759169 0.44503555141860884 0.020331841287326367 -0.8952820640465228 -1081.2214469705664
0.8412389323847103 0.01902437960856739 0.5403287255187733 124.13467967526086 0.026092757461321163 -0.9996447921674545 -0.005427476444081664 1.5106761694894608 0.5400335421511309 0.018664470873708514 -0.8414365162498638 -1084.17103097732
0.8063664973048492 0.008840217731426714 0.5913500846155099 126.31310458748747 0.01490548853482226 -0.9998744448090695 -0.005377827562683584 1.511165996093966 0.5912282963761527 0.013150861881133244 -0.8063970215693611 -1087.0525481013
0.7929471054973491 0.010847324560609032 0.6091939128333876 128.5666866956525 0.015880395726284767 -0.9998697889338082 -0.0028667418856413826 1.515403502281724 0.6090834925648148 0.011947415090265326 -0.7930161148159025 -1089.9339091537704
0.7879625709558062 0.010647091191934232 0.6156310796425635 130.8918123025469 0.017664152691086153 -0.9998298382583393 -0.005317164470921852 1.5111868709878635 0.615469710450826 0.015064327978886858 -0.7880165617168986 -1092.8339133792456
0.7867564164006712 0.014962287372564756 0.6170822240260657 133.1468114133461 0.022034857091769097 -0.9997497790267459 -0.0038528442635294238 1.513521095235979 0.6168701697483191 0.01662856856600964 -0.7868892453084656 -1095.659989160595
0.787072607266524 0.018770325426405297 0.6165747203494994 135.34693782601778 0.027897895887937355 -0.9995973476565442 -0.00518169499565743 1.5110108307480636 0.6162291929921061 0.021279507545736372 -0.7872793432212668 -1098.4200934243
0.7875214635585408 0.017920581292561688 0.6160266205292998 137.49364637217442 0.025715732981617497 -0.9996620964725684 -0.0037939363841558355 1.513468834596473 0.6157504734158403 0.018829382416998042 -0.7877161981614714 -1101.0843635447745
0.7870551475205504 0.01509087561150689 0.6166980300233518 139.5729531971338 0.024441893134795327 -0.9996785910269173 -0.006731159069953443 1.5085296890805344 0.6163982386585737 0.020371060741056015 -0.7871710305028332 -1103.6552145664073
