0.9999877976506274 -0.0017012962458771055 -0.004637902643605722 0.008157085386747073 0.0016912040402530704 0.9999961957080807 -0.002179081976411862 -0.003225938358298844 0.004641592263656102 0.002171211746803108 0.9999868706442142 1.295098359088083
0.999940780628839 -0.0005297457216608121 -0.010869894427240942 0.0049420058765184335 0.0003172029488177816 0.9998089130990004 -0.019545758365552897 -0.027927313883464523 0.010878171614671422 0.019541152915467958 0.9997498730807902 3.8960174907317198
0.9998781191265248 0.0034682358192843223 -0.01522229392392532 -0.01356946341100769 -0.003734840415505164 0.9998395243224713 -0.017520746835826755 -0.021343675355220432 0.015159085034237713 0.017575464230462228 0.9997306163152195 6.380097137769754
0.9997557336510041 0.0058882427148257265 -0.021302620253729726 -0.03343148118916839 -0.00662324329481071 0.9993793479120876 -0.03459843370830901 -0.03994611799862636 0.021085674762763906 0.03473107491198351 0.9991742324315901 8.6303064443402
0.9997554904772359 0.0025593227223635728 -0.021963814054616053 -0.04378602548056913 -0.003151073937779077 0.9996318184795957 -0.0269499205233672 -0.028517712713460725 0.021886753840202194 0.02701254061320323 0.9993954635958472 10.631514388314569
0.9997365265737704 -0.007776064471119664 -0.021596533415249433 -0.04380705615487795 0.007321042507820498 0.9997512198464537 -0.021068952326297116 -0.021783557341294304 0.02175499415797853 0.02090529207808602 0.9995447408657191 12.445816117105862
0.9997705629000719 -0.005829425688965941 -0.02061163153689316 -0.055789022766544585 0.005353512347780131 0.9997195223411951 -0.023069819146183605 -0.025947089573176613 0.02074033423110606 0.02295418144984217 0.9995213574956526 14.086285130383825
0.9998424433095358 -0.0034522729677305838 -0.017411788195850476 -0.0614292378893499 0.003200482349272336 0.9998902091754232 -0.014468120398417453 -0.010369223868774917 0.017459824442212387 0.014410114728460138 0.9997437187219346 15.734307714128361
0.9999426944433759 0.0009119563495086543 -0.010666591064690574 -0.057709821905204545 -0.000988522858645692 0.9999737700882123 -0.0071750929003314735 0.008097731469985416 0.010659767909419075 0.007185225896730265 0.9999173675244037 17.52464868532909
0.9998903535375426 0.014030987290811151 -0.004734162884229207 -0.05599953773535005 -0.01413300153010724 0.9996525137438642 -0.022251068138977127 0.004970670042007594 0.004420313373427664 0.02231553631935638 0.9997412053468945 19.385333245684972
0.999841782036844 0.017787847558003753 -5.807445846482474e-05 -0.03337858778791 -0.01777011662886159 0.9986883672032365 -0.04801841488358283 -0.039553677059130266 -0.0007961459578257032 0.04801184949768601 0.9988464488896316 20.990697369892235
0.9997401231744864 0.02220085143616854 0.00517767424366787 0.006325885974030773 -0.02225867139615941 0.9996873548536036 0.011390526479687513 0.03429333138832302 -0.00492317608279068 -0.011502814495411191 0.9999217207341501 23.18271201999364
0.9997115593346783 0.02236670677159511 0.008748060403339654 0.055306788924165975 -0.02269941885072323 0.9989422646732641 0.03998860129199978 0.06652169207724014 -0.007844393951506238 -0.04017564284046463 0.9991618403471428 25.44196946636247
0.999829850924291 0.012581262299121694 0.013490034828418618 0.125703286942445 -0.013087144556067352 0.9991885269578287 0.03809218086713043 0.04496685925426894 -0.012999840309782452 -0.03826224555363003 0.9991831687519134 27.84467463634248
0.9997017147261382 0.01424173146054922 0.01984073231075989 0.2054120152789663 -0.014488971475464336 0.9998184639708717 0.012373714418529604 -0.009478983357735886 -0.019660907385082967 -0.0126574953262385 0.999726580887426 30.337702387677016
0.9989628759992866 0.015994599039292554 0.0426303316525672 0.3439236832232401 -0.016544445052259972 0.9997840327839929 0.012576530844761003 0.003156518553132256 -0.042419968330355474 -0.013268782602361707 0.999011754533 32.769457492115286
0.9961723252415352 0.011460527507381633 0.08665653311855537 0.6041546360347322 -0.01192886311495639 0.9999168985075984 0.004888589134906355 0.0033931010433687096 -0.08659330602107396 -0.00590359112725811 0.9962262528984778 35.252789090859686
0.9889139185411331 0.008098946747866646 0.14826890698052272 1.0536053465757842 -0.008823314704445829 0.9999521337473122 0.004228395892487125 -0.0035583230548721003 -0.1482275643503931 -0.005489742778356039 0.9889380424935517 37.911175582646486
0.9794274691760428 0.00916084545712122 0.2015884707366081 1.6772951720691653 -0.009391350953620368 0.9999558827978543 0.00018704338725450374 -0.021073957420836852 -0.2015778637417297 -0.0020763835082959134 0.9794702922911173 40.713776963380894
0.9726368085076286 0.020345256748559994 0.23143834873229657 2.4353081552299916 -0.02164919049338375 0.9997608367331394 0.0030954621033708694 -0.028962332500153103 -0.2313200192094882 -0.008021213280258625 0.9728446478500223 43.811272778790766
0.9708772426252604 0.016260685280229177 0.2390250402501622 3.2889735163135962 -0.01870438066440588 0.9997933811595776 0.007958714309549064 -0.02672347374673949 -0.2388462390248905 -0.012197749944861164 0.9709807871425408 47.08910375840169
0.9775173095922866 0.015572318337125784 0.21027936738793265 4.062596445481952 -0.015554426847731138 0.9998775102280144 -0.0017390645953607791 -0.03784208257220684 -0.2102806915836553 -0.0015708092931585222 0.977639792206345 50.40330697340145
0.986449343811189 0.03200391848655062 0.1609143912022373 4.638628940332283 -0.035238676259523836 0.9992293807167988 0.017288158022230646 -0.011162920611903895 -0.1602370986693058 -0.02272430227380752 0.986816942647528 53.78860946274057
0.9945841312935643 0.030786543275600972 0.09927031042649107 5.045959232899 -0.031149034688024414 0.9995125379816373 0.0021033438884933997 -0.01664398219989914 -0.09915716523296039 -0.005184126797114582 0.9950582804099047 57.28807979542226
0.9975135154695033 0.03378194458431593 0.061851165516768246 5.300750013650694 -0.03439729270905584 0.999368511213881 0.008910951040311992 -0.018455781085541148 -0.061511077945098684 -0.011016306743074782 0.9980456043066256 60.95991060286146
0.9966185451441004 0.04354186465603353 0.06968200267744257 5.554782779478366 -0.04418385226295581 0.9989937595678581 0.007697762251841103 -0.04164773506063067 -0.06927671090683195 -0.010750551927982079 0.9975395545837658 64.63607799520065
0.9888932286977092 0.050642395118245385 0.1397337827889668 6.0325208887721615 -0.05175740137205027 0.9986501927751598 0.004354752961189658 -0.06556882964193213 -0.1393246339993008 -0.011538643197015214 0.9901795322435902 68.06683888181797
0.9689906165938771 0.04810652824045889 0.24236944298668142 6.8022857377715535 -0.05044812082846399 0.998720686968667 0.003460711735155054 -0.0732096051922145 -0.2418928937730517 -0.01558048014302117 0.9701778582201384 71.04015638662423
0.9263880169063075 0.03903321294280336 0.3745419207775902 8.0167435440721 -0.049362483391716276 0.9986183442080753 0.01802076148578047 -0.04309835031556908 -0.37332102454296223 -0.035182536839838977 0.9270348438627908 73.99537254401056
0.8654491020979524 0.03651417433358341 0.4996644541595803 9.625784943850134 -0.04829314768105738 0.9987763334354932 0.01065868923514243 -0.05096408283196026 -0.4986638382366516 -0.03335492230379859 0.8661534653819731 76.74506113461682
0.7784419754885477 0.028763481107062575 0.6270572166494052 11.973071661703022 -0.04457988544689614 0.9989604661144585 0.00951950386991041 -0.07310698017585396 -0.6261315553548118 -0.03536452028504383 0.7789150313699031 79.670916645215
0.7084476905560558 0.01961684451350849 0.7054906442732838 14.293364734980333 -0.03913373302402117 0.9991676320604247 0.011514946042995775 -0.08507918973432449 -0.7046775295732102 -0.035766219454973186 0.7086256817675334 81.93730051525635
0.6664721966510504 0.012691283662888981 0.7454218553343603 16.852249336768026 -0.02985002760120154 0.999507599927018 0.009671273977265365 -0.09768812375134053 -0.7449320686769614 -0.028696498168311612 0.6665228608604085 84.1546912266029
0.6502744444312692 0.012641841151269198 0.759594188216259 19.632375540165906 -0.029740760488541088 0.9995186818436992 0.008825633745036999 -0.09417089269817995 -0.7591170094821831 -0.02832999290053529 0.6503374335043972 86.4861222961078
0.6443153998856339 0.011658635972480586 0.7646710022470342 22.403535977389257 -0.03142482260801394 0.9994429096132845 0.011240593747247408 -0.07663995185417201 -0.7641139613920662 -0.031272138254314887 0.6443228285376282 88.77992183289328
0.6428037237317827 0.01521102711721471 0.7658798844535624 25.101088749322553 -0.037494495854802884 0.9992292300473845 0.011623622477955975 -0.068567709515308 -0.7651127600145974 -0.03618798796500345 0.6428785997292911 91.00903582036293
0.6431578802242404 0.01789797620561201 0.7655243977517722 27.754431264459754 -0.04448152272737439 0.9989118708386492 0.014016719783489154 -0.06003165777444118 -0.764440537413684 -0.04306665468060098 0.6432541706147762 93.21022671073953
0.6433033421003589 0.017968107145425714 0.7654005207524543 30.330690232565026 -0.04412844667595981 0.9989327639199431 0.013638671534858739 -0.060727312030020714 -0.7643385965895498 -0.042549739045960086 0.643409690221279 95.33213441234534
0.6429437161730722 0.014889419094642769 0.7657686876809425 32.836965811428854 -0.043716817346906564 0.9988944642356576 0.017282627127305893 -0.051702930809350255 -0.7646647747311396 -0.04458872635979157 0.6428838369153415 97.39334916984157
