0.999946 -0.00359651 -0.00978817 0.000759021 0.0035178 0.999961 -0.00804676 -0.000601546 0.00981673 0.00801189 0.99992 0.0935917
0.999946 -0.00359651 -0.00978817 0.000759021 0.0035178 0.999961 -0.00804676 -0.000601546 0.00981673 0.00801189 0.99992 0.0935917
0.999946 -0.00359651 -0.00978817 0.000759021 0.0035178 0.999961 -0.00804676 -0.000601546 0.00981673 0.00801189 0.99992 0.0935917
0.999946 -0.00359651 -0.00978817 0.000759021 0.0035178 0.999961 -0.00804676 -0.000601546 0.00981673 0.00801189 0.99992 0.0935917
0.999946 -0.00359651 -0.00978817 0.000759021 0.0035178 0.999961 -0.00804676 -0.000601546 0.00981673 0.00801189 0.99992 0.0935917
0.999946 -0.00359651 -0.00978817 0.000759021 0.0035178 0.999961 -0.00804676 -0.000601546 0.00981673 0.00801189 0.99992 0.0935917
0.999946 -0.00359651 -0.00978817 0.000759021 0.0035178 0.999961 -0.00804676 -0.000601546 0.00981673 0.00801189 0.99992 0.0935917
0.999946 -0.00359651 -0.00978817 0.000759021 0.0035178 0.999961 -0.00804676 -0.000601546 0.00981673 0.00801189 0.99992 0.0935917
0.999946 -0.00359651 -0.00978817 0.000759021 0.0035178 0.999961 -0.00804676 -0.000601546 0.00981673 0.00801189 0.99992 0.0935917
0.999946 -0.00359651 -0.00978817 0.000759021 0.0035178 0.999961 -0.00804676 -0.000601546 0.00981673 0.00801189 0.99992 0.0935917
0.999946 -0.00359651 -0.00978817 0.000759021 0.0035178 0.999961 -0.00804676 -0.000601546 0.00981673 0.00801189 0.99992 0.0935917
0.999946 -0.00359651 -0.00978817 0.000759021 0.0035178 0.999961 -0.00804676 -0.000601546 0.00981673 0.00801189 0.99992 0.0935917
0.999946 -0.00359651 -0.00978817 0.000759021 0.0035178 0.999961 -0.00804676 -0.000601546 0.00981673 0.00801189 0.99992 0.0935917
0.999946 -0.00359651 -0.00978817 0.000759021 0.0035178 0.999961 -0.00804676 -0.000601546 0.00981673 0.00801189 0.99992 0.0935917
0.999946 -0.00359651 -0.00978817 0.000759021 0.0035178 0.999961 -0.00804676 -0.000601546 0.00981673 0.00801189 0.99992 0.0935917
0.999946 -0.00359651 -0.00978817 0.000759021 0.0035178 0.999961 -0.00804676 -0.000601546 0.00981673 0.00801189 0.99992 0.0935917
0.999946 -0.00359651 -0.00978817 0.000759021 0.0035178 0.999961 -0.00804676 -0.000601546 0.00981673 0.00801189 0.99992 0.0935917
0.999946 -0.00359651 -0.00978817 0.000759021 0.0035178 0.999961 -0.00804676 -0.000601546 0.00981673 0.00801189 0.99992 0.0935917
0.999946 -0.00359651 -0.00978817 0.000759021 0.0035178 0.999961 -0.00804676 -0.000601546 0.00981673 0.00801189 0.99992 0.0935917
0.999946 -0.00359651 -0.00978817 0.000759021 0.0035178 0.999961 -0.00804676 -0.000601546 0.00981673 0.00801189 0.99992 0.0935917
0.999946 -0.00359651 -0.00978817 0.000759021 0.0035178 0.999961 -0.00804676 -0.000601546 0.00981673 0.00801189 0.99992 0.0935917
0.999946 -0.00359651 -0.00978817 0.000759021 0.0035178 0.999961 -0.00804676 -0.000601546 0.00981673 0.00801189 0.99992 0.0935917
0.999946 -0.00359651 -0.00978817 0.000759021 0.0035178 0.999961 -0.00804676 -0.000601546 0.00981673 0.00801189 0.99992 0.0935917
0.999946 -0.00359651 -0.00978817 0.000759021 0.0035178 0.999961 -0.00804676 -0.000601546 0.00981673 0.00801189 0.99992 0.0935917
0.999946 -0.00359651 -0.00978817 0.000759021 0.0035178 0.999961 -0.00804676 -0.000601546 0.00981673 0.00801189 0.99992 0.0935917
0.999946 -0.00359651 -0.00978817 0.000759021 0.0035178 0.999961 -0.00804676 -0.000601546 0.00981673 0.00801189 0.99992 0.0935917
0.999946 -0.00359651 -0.00978817 0.000759021 0.0035178 0.999961 -0.00804676 -0.000601546 0.00981673 0.00801189 0.99992 0.0935917
0.999946 -0.00359651 -0.00978817 0.000759021 0.0035178 0.999961 -0.00804676 -0.000601546 0.00981673 0.00801189 0.99992 0.0935917
0.999946 -0.00359651 -0.00978817 0.000759021 0.0035178 0.999961 -0.00804676 -0.000601546 0.00981673 0.00801189 0.99992 0.0935917
0.999946 -0.00359651 -0.00978817 0.000759021 0.0035178 0.999961 -0.00804676 -0.000601546 0.00981673 0.00801189 0.99992 0.0935917
0.999946 -0.00359651 -0.00978817 0.000759021 0.0035178 0.999961 -0.00804676 -0.000601546 0.00981673 0.00801189 0.99992 0.0935917
0.999946 -0.00359651 -0.00978817 0.000759021 0.0035178 0.999961 -0.00804676 -0.000601546 0.00981673 0.00801189 0.99992 0.0935917
0.999946 -0.00359651 -0.00978817 0.000759021 0.0035178 0.999961 -0.00804676 -0.000601546 0.00981673 0.00801189 0.99992 0.0935917
0.999649 -0.0035036 -0.02625 -0.00253341 0.00294098 0.999766 -0.0214413 -0.0151353 0.026319 0.0213566 0.999425 0.536156
0.999641 0.0221642 0.015036 0.0040684 -0.0229303 0.998339 0.0528486 -0.0180501 -0.0138397 -0.0531744 0.998489 0.984609
0.974572 0.00410902 0.224037 0.0693104 -0.00440011 0.99999 0.000800072 -0.0117135 -0.224032 -0.00176552 0.97458 1.56209
0.996745 0.0805883 0.00215012 0.335483 -0.0804315 0.995906 -0.0412435 0.054179 -0.00546506 0.0409363 0.999147 2.38785
0.831316 0.0826778 0.549616 0.512002 -0.0619105 0.996495 -0.0562589 0.00565092 -0.552341 0.0127419 0.833521 3.03653
0.529149 0.414996 0.740121 1.16175 -0.550083 0.831898 -0.0731752 -0.192952 -0.646073 -0.368407 0.66848 3.62646
