0.9999869228195567 -0.0017757847469268124 -0.004795912677042261 0.006609368601281987 0.0017667219184371284 0.9999966470974302 -0.0018932742960955317 0.011653804810579173 0.004799258644431079 0.0018847764933604925 0.9999867072786685 1.2503209905313524
0.999929957842638 -0.00030034799306414683 -0.011831703169916009 0.00033863600864473143 6.864670807534156e-05 0.9998083179242802 -0.019578628579407422 -0.0036614274318825463 0.011835315646293879 0.01957644504255001 0.999738309810646 3.6820146463111905
0.999874352460652 0.0034379784594619858 -0.015474482075427232 -0.01730006823590586 -0.003694348430347689 0.9998558947890823 -0.01656929223590101 0.019281846787777418 0.015415287252128361 0.01662437847366865 0.9997429664465247 6.153925346911438
0.9997426952789348 0.007529881580763739 -0.021397292347133706 -0.04878127964646342 -0.008267597915292699 0.9993670286512818 -0.03460041718561291 -0.019725645329168293 0.021123211430085147 0.03476841854452232 0.9991721408299925 8.383235335396005
0.9997459339693888 0.004753465592995455 -0.022033430884199286 -0.058920087280348886 -0.0053197980997461355 0.9996551240692695 -0.02571638913668838 -0.022056995400038616 0.021903590113278616 0.02582706887952746 0.999426433137146 10.429099398902336
0.9997509775131497 -0.004831769748980482 -0.021786164476383187 -0.061297215693670096 0.0044181655221268564 0.9998098538584095 -0.018993049808881484 -0.007044518148716074 0.02187379196477542 0.018892065231636307 0.9995822262807406 12.265524209269822
0.9997962566113989 -0.0031641702977592613 -0.01993572903503293 -0.07473118034613557 0.0027643432231186735 0.9997951261213429 -0.020051538358693277 -0.0009510631786149725 0.019995091207000673 0.01999234379286553 0.9996001713271598 13.904527225372572
0.9998731043162344 -0.0014683544404797185 -0.015862509267191998 -0.08349962826636807 0.0013066179782049061 0.9999471076081847 -0.010201702577591346 0.021879439210582226 0.015876649976416978 0.01017968178577927 0.9998221372145457 15.59607378743415
0.9999654281742781 0.0011186406139385618 -0.008239605537137502 -0.0804827033577703 -0.0011444732380052806 0.9999944430884214 -0.0031311297134406814 0.0466025175068162 0.008236057141513178 0.0031404514725989242 0.999961151709058 17.428720801762086
0.999942054990184 0.010566628415424743 0.0020574318789916015 -0.06069988028497386 -0.010527120815133665 0.9997762121660092 -0.018349531719559352 0.04595929761502125 -0.002250864134045395 0.018326809621804725 0.9998295162975189 19.290471477944312
0.9997550594574638 0.01929492861623343 0.010840978687171746 -0.027952804686995635 -0.018855396154281553 0.9990503492662025 -0.03927943058319729 0.03549226347094099 -0.01158857735299542 0.039065398510313036 0.99916945485446 20.862839692152168
0.9996732529359711 0.018149929620093163 0.017999094954989314 0.04115464062853035 -0.0185155947891737 0.9996212175353747 0.020361586448383148 0.13515319905034412 -0.01762271585244958 -0.020688197308550562 0.9996306509797017 22.684829009974557
0.9995118631844697 0.016466670621030063 0.02654965371085428 0.12681755475217105 -0.017745385755299384 0.9986572804496647 0.048669677308064443 0.20502074624967928 -0.025712577426298313 -0.04911705369353911 0.9984620064872558 24.81533767999784
0.9993979204917073 0.007098079558359652 0.03396194610782983 0.2542362860953282 -0.008662828893636534 0.9988969315996508 0.04615057352142672 0.25727362753851196 -0.03359690331574489 -0.046416993734840574 0.9983570056749264 27.17752446556021
0.9990276491989974 0.011258055301749921 0.042626427562537934 0.3849719183664496 -0.011991055407491534 0.9997839331750878 0.016979445078129672 0.27912675559941635 -0.04242606187399451 -0.017474070955833233 0.9989467884317396 29.455812032317343
0.9978310598732335 0.014490934024186294 0.06421206104278111 0.5793257778552545 -0.015636061566443732 0.9997269130805273 0.017367004380864488 0.3400441625282665 -0.06394286145415708 -0.01833336012795433 0.997785146399496 31.915472192024428
0.9940487854121044 0.011261233361591697 0.10835218892063328 0.9130508290192032 -0.012406861203571196 0.999873974022916 0.009904840568735303 0.3900058027814861 -0.10822699300910138 -0.011190205306093335 0.994063226001952 34.440806591864245
0.9851575735817197 0.01155994686158227 0.1712627304556711 1.4260491829418211 -0.013373805090686012 0.9998659945581504 0.009441094408559919 0.44359481264051526 -0.17113064176812595 -0.011591400035905723 0.9851801575819668 37.10128663339853
0.9734794949381537 0.01527341183970266 0.22826387323824907 2.1285213295347925 -0.017013496611502567 0.9998392556164961 0.005657195532720998 0.4966035907663855 -0.22814077642544023 -0.009390730483827074 0.9735828677174678 39.90826852403094
0.9656866615641926 0.027116320097767925 0.2582904892971398 2.9374983314929373 -0.030237759225914616 0.999509756131564 0.008119440547953305 0.5684508345807259 -0.2579436946195735 -0.015650961062232616 0.9660331763577399 42.84465514447927
0.9635074019899028 0.022166171693545164 0.26676234206333466 3.850738545513362 -0.026863770202304665 0.9995414433102286 0.013972864982430302 0.6370009728809628 -0.2663302914825512 -0.02062920109339519 0.9636610461677169 45.991493502747645
0.9700054946051121 0.02310059588993806 0.24198285663537672 4.723746058013072 -0.02524597232924765 0.9996646262824763 0.005768521531691465 0.694020486093836 -0.24176844566038405 -0.011704590084257708 0.9702633772609949 49.30240382211327
0.9803236157275053 0.045541755667857085 0.19207174945221578 5.365918482819015 -0.051962310362486365 0.9982416712582378 0.02852164205207268 0.767396009363424 -0.1904350985210919 -0.0379409311198754 0.9809663393802099 52.627713204633935
0.9880504293301301 0.0493555261490159 0.1460150031301352 5.903070134618746 -0.052233588074002996 0.9985076632837403 0.015940471779492652 0.8194984901384569 -0.14501034920809902 -0.023376877511576393 0.9891539416189692 55.93153205537318
0.9923505514442983 0.05194216590964902 0.11199283213137456 6.353205825831591 -0.054851497920776884 0.9982283668405807 0.023053000035294834 0.9251207700256763 -0.11059699916380493 -0.029019631896266367 0.9934415759069861 59.58391473039517
0.9906899412208763 0.06232069967944439 0.1210354111623357 6.8011001289611315 -0.06538747896116702 0.9976276594114893 0.021529764797793963 1.0021562429369935 -0.11940652393765601 -0.02924352182295933 0.9924146807018246 63.17996149154691
0.980575258775814 0.06963845617774721 0.18336479296178804 7.446770446162475 -0.07388033421827397 0.9971323198178857 0.016396127298553654 1.0412363727872578 -0.18169716038654912 -0.029624688956582067 0.9829081949560086 66.64543393759251
0.9590784517459974 0.06844498886828601 0.2747431653295761 8.375727642888904 -0.07405252009601519 0.9972034283264253 0.010077043288904684 1.0974745027879953 -0.2732851032601729 -0.030010098847511466 0.9614648440287502 69.78547769544184
0.9197650364629183 0.061952154537130794 0.3875489752903076 9.612787232319615 -0.07468957623547096 0.9970466035534684 0.01787561311538139 1.1287195117962794 -0.3852969567776587 -0.04538723268379002 0.9216757858418386 72.62557061519907
0.859692930566891 0.0592023707727529 0.5073688445580677 11.235386926952742 -0.07344649317374335 0.9972664052644766 0.00808267105224121 1.09594491280508 -0.5055033904671473 -0.04421307754211376 0.8616910850185585 75.32858397225255
0.7695609396296832 0.05171818260926995 0.636475600305201 13.621992620925406 -0.06861115955219164 0.9976416836080676 0.0018920656848867878 1.070313544543001 -0.6348767352653373 -0.04512538880991983 0.7712945159299187 78.25952183593478
0.699777744559038 0.043295792933959173 0.7130473915063973 16.009864842138903 -0.06148597192752383 0.9981079131108267 -0.0002627578146435464 1.0095920901292654 -0.7117096201935046 -0.043658539826260126 0.7011157881721409 80.57356835826288
0.6578158121704383 0.03712329345493071 0.7522633969173281 18.574294243008495 -0.0519450153373501 0.9986424920733357 -0.003858549876747332 0.9517676532351282 -0.7513854354724592 -0.03653811856962521 0.6588511920390223 82.7665022521917
0.6397123704396163 0.0384398606470157 0.7676525647843282 21.255804266240197 -0.05357880965828667 0.9985492772053516 -0.005352770148394929 0.8935970354619349 -0.7667446734488057 -0.037705677372227166 0.6408438870987001 84.97253810989321
0.6318520423326396 0.03881240194454175 0.7741166540356551 23.978585457365096 -0.05750683954132533 0.9983402495024378 -0.003116027818605501 0.8480171436410283 -0.7729527540581157 -0.04254813366874509 0.6330353041618333 87.15981180441578
0.6300735853001004 0.04282207264144752 0.7753538206533566 26.644518999317558 -0.06362339416154832 0.9979681373459602 -0.0034147558603883762 0.7821464019361836 -0.7739246351050119 -0.04717909427821177 0.6315178479193165 89.296871338898
0.6304607560093297 0.04626630244616661 0.774841057501533 29.30954389191074 -0.07183434390456014 0.9974159617883721 -0.0011073416656552546 0.7369185343843602 -0.7728900712054271 -0.05496206353224884 0.6321551308059835 91.44279998662725
0.630437691571733 0.04685916496109023 0.774824196643886 31.84652128607451 -0.07251639516066642 0.9973663539111927 -0.0013147314484808056 0.688354355253677 -0.7728451911467075 -0.05535860136445721 0.6321753995343093 93.47196251578085
0.6298722931820472 0.04410825384450196 0.775445263203257 34.34945230603844 -0.07246885995246173 0.9973683948605525 0.002132901887517741 0.6626349616803465 -0.7733105188853729 -0.05753908998290002 0.631411192888722 95.46739470019064
