1 0 0 0 0 1 0 0 0 0 1 0
0.9998727442038557 0.0013671236935853528 0.015893170405201593 0.013421419076621532 -0.0013696957369139437 0.9999990500860603 0.0001509506762480419 -0.006104837171733379 -0.01589294895529747 -0.00017270027997004153 0.999873697757721 0.33513307571411133
0.9993657518294796 0.00387933501881566 0.03539827909342082 0.03447573632001877 -0.003926623509021565 0.9999914335832369 0.0012664700609893193 -0.005294352769851685 -0.035393066704273224 -0.0014046626030274345 0.9993724829346284 0.6898244619369507
0.9982569484388186 0.005344815379154712 0.058775058826442975 0.061869584023952484 -0.005543451643388708 0.9999794601410185 0.0032170698662734826 -0.0045308917760849 -0.05875665694475174 -0.0035372791807975063 0.9982661116959015 1.052605390548706
0.9961532465688876 0.0054800695248881925 0.08745665974955574 0.10618788003921509 -0.006056446911280267 0.9999616240792142 0.0063264458035722625 -0.006744813174009323 -0.08741863816976547 -0.006831786085323338 0.9961481995699977 1.4151110649108887
0.992711125352784 0.002808838479519562 0.12048557673818773 0.1752016246318817 -0.0039675337251035 0.9999481820208159 0.009378068517912643 -0.013988573104143143 -0.12045298516750336 -0.009787743550014882 0.9926708301288372 1.7655103206634521
0.9878443013896643 -0.00035523453938909595 0.1554460454547043 0.2618841528892517 -0.0014515373414969793 0.9999327051842791 0.011509482659856535 -0.02271074801683426 -0.15543967485427856 -0.011595212442107317 0.9877772957540998 2.115497589111328
0.9808587603035832 -0.0014036503223862139 0.1947154422072357 0.3686445355415344 -0.0013227992061580485 0.9999029201911642 0.013871489925900923 -0.03397161513566971 -0.19471600651741028 -0.013863541420213177 0.9807616519479723 2.464982271194458
0.9709414481555427 -0.0005155270902014609 0.23931661027667292 0.4981235861778259 -0.003622965673683698 0.9998513965342346 0.0168527284532224 -0.03947363421320915 -0.23928974568843842 -0.017230048853070556 0.9707953187706835 2.8084874153137207
0.9579911253964504 -0.0017589542193453987 0.2867924610509392 0.7368515133857727 -0.005110788501697189 0.9997177037233868 0.023203356397557256 -0.037735071033239365 -0.286752313375473 -0.023694345842118825 0.9577117275897677 3.124014377593994
0.9416745670658102 -0.005950965636900878 0.33647212303814544 1.0097532272338867 -0.0043814745003029065 0.9995420372997006 0.02994055924961519 -0.03670751675963402 -0.3364962339401245 -0.02966850860223924 0.9412172858385155 3.405222177505493
0.9219170964500165 -0.010531102701324319 0.3872440605505886 1.3052784204483032 -0.0030712860483403936 0.9994003022053665 0.03449054403391647 -0.026640482246875763 -0.3873750567436218 -0.03298675910352955 0.9213318699438275 3.638779401779175
0.8980726235242997 -0.01138368267216151 0.43969989976700324 1.6121686697006226 -0.005438424516965162 0.9993012270356503 0.036979376247792364 -0.009461551904678345 -0.43981361389160156 -0.035601441810938494 0.8973832070168974 3.837211847305298
0.8697461104088404 -0.012305372790792132 0.493346127234744 1.940385103225708 -0.008171150903961588 0.9991929891866458 0.03932790287208826 0.009725676849484444 -0.4934318959712982 -0.03823649456855982 0.8689436295992223 4.016818046569824
0.8376792633061605 -0.01609140122393949 0.545925314672697 2.2860634326934814 -0.008612118823587311 0.9990523882218894 0.0426621467298937 0.030858702957630157 -0.546094536781311 -0.040438771327223844 0.8367469289912783 4.178022861480713
0.8013106672307657 -0.02123778449278445 0.5978713977861467 2.640089511871338 -0.007731105117808168 0.9989186116427434 0.04584570337005865 0.05312640592455864 -0.5981985330581665 -0.04135885875683876 0.8002799665551947 4.314985275268555
0.7623522742936899 -0.025586987319013522 0.6466562306157648 3.009702444076538 -0.007279689684327018 0.9988158210645351 0.04810341937852519 0.07069715112447739 -0.6471213102340698 -0.041379208610880625 0.7612632613520702 4.441461086273193
0.7216678417974443 -0.030208406366955716 0.691580102223589 3.4067022800445557 -0.006109392843048622 0.9987305344328031 0.0500000066758122 0.08131571114063263 -0.6922125816345215 -0.04030853067976703 0.720567140807649 4.564284324645996
0.6803996760909072 -0.03344771556924936 0.7320775481511339 3.8300657272338867 -0.005896321899289292 0.9986756953756778 0.05110835039671421 0.08956746757030487 -0.732817530632019 -0.039090670211326284 0.6793014059644022 4.68691873550415
0.6380649897514559 -0.03329482888551009 0.7692622797371963 4.269292831420898 -0.007983456497235863 0.9987248814818435 0.049848198170328026 0.09247414022684097 -0.7699410915374756 -0.03794776164045288 0.636985567415195 4.796009063720703
0.5967407611245719 -0.033830768367993626 0.8017206748666716 4.721718788146973 -0.008967589772075568 0.9987673348445576 0.04882048469939549 0.09255543351173401 -0.8023840188980103 -0.03632267501160835 0.5957017940388631 4.889135837554932
0.5572343911705246 -0.0351692414590724 0.8296101121938766 5.194055080413818 -0.008851045641622313 0.9987942860393256 0.048286470198684525 0.08893801271915436 -0.8303080797195435 -0.034249798683203325 0.5562512395782555 4.967710494995117
0.5198980895292671 -0.03675672876564051 0.853437057755652 5.680049419403076 -0.008796424988214091 0.9987904572846088 0.0483755833086955 0.08249739557504654 -0.8541829586029053 -0.03265756882310633 0.5189459294543859 5.03348445892334
0.48446684270123797 -0.03449671598317872 0.8741292839093501 6.164570331573486 -0.00993055342226512 0.9989410089758598 0.04492608588176165 0.07001188397407532 -0.8747532963752747 -0.03044578479004656 0.4836111974825599 5.089917182922363
0.4501725517928996 -0.03185088864807117 0.8923733622296512 6.656033515930176 -0.01040417672157501 0.9991087105054852 0.04090908181892853 0.05553048849105835 -0.8928809762001038 -0.027700556177920443 0.4494399396990154 5.138803482055664
0.41815963818523016 -0.030078657471294533 0.907875462905122 7.158451557159424 -0.009710447021545221 0.9992465119685252 0.03757840248787806 0.042586181312799454 -0.9083216786384583 -0.024529648443748275 0.4175524941170963 5.18165397644043
0.3895498944200426 -0.02872823091375583 0.9205572281688137 7.66042423248291 -0.008558684772774772 0.9993573371146498 0.03480913680402546 0.032825957983732224 -0.9209656119346619 -0.021438655172629772 0.38905367790064815 5.214627742767334
0.364599236951646 -0.02638625126278607 0.9307905848468225 8.162459373474121 -0.008013672951195927 0.9994724729975222 0.031472289545292 0.02224724553525448 -0.931130051612854 -0.01893382404305477 0.36419544938826043 5.2426981925964355
0.34356211587025953 -0.0256768387085555 0.9387788800155994 8.677597045898438 -0.0074066511506387656 0.9995210036207579 0.030048806182278853 0.010270987637341022 -0.9391007423400879 -0.017276838338164957 0.3432073562757587 5.274035453796387
0.32665072186368604 -0.02586069331408067 0.9447912671748881 9.20224666595459 -0.0069681074772380835 0.9995325418451748 0.02976820671958086 -0.003200450912117958 -0.9451194405555725 -0.016307213378840557 0.32631782767171913 5.315502166748047
0.31286063804021325 -0.026940814218877174 0.9494169141451861 9.75107192993164 -0.00663035278281876 0.9995113329003672 0.030547195550594593 -0.01868060976266861 -0.9497759342193604 -0.01585198359957052 0.3125291150094398 5.375214576721191
0.3006894401941054 -0.027309638507382245 0.9533310330122521 10.328020095825195 -0.006824868416134944 0.999502746774594 0.030784925628494417 -0.03455377370119095 -0.953697681427002 -0.015763061086667696 0.3003535400584987 5.455238342285156
0.28990508903168255 -0.02737412164341585 0.9566638578315965 10.91927433013916 -0.007025966982157517 0.9995030471306003 0.030729059003983664 -0.05012012645602226 -0.9570296406745911 -0.015629999413899864 0.289568692957781 5.5474677085876465
0.2796360717454185 -0.02762523225262925 0.9597085711763156 11.526951789855957 -0.00716130810859239 0.9994981538274028 0.030857209335395076 -0.06461209803819656 -0.9600793719291687 -0.015501557787884979 0.27929790846689784 5.648521900177002
0.2698389552549756 -0.028318775438041517 0.9624889621944871 12.150364875793457 -0.007209717599940602 0.9994800210645034 0.03142842639806731 -0.07753420621156693 -0.9628784656524658 -0.015419886835298158 0.2694944652249376 5.753294467926025
0.26046272211185695 -0.029186061573449072 0.9650426554775359 12.783490180969238 -0.007052527029656419 0.9994587859205022 0.032130378252293465 -0.09007027745246887 -0.9654581546783447 -0.015174755544720808 0.2601159265328299 5.859100341796875
0.25166466823449696 -0.030059704420372355 0.9673475311944423 13.432779312133789 -0.006874462517034441 0.9994367833105645 0.032845314773544965 -0.102785125374794 -0.9677900671958923 -0.01491600002007265 0.25131628943341866 5.966190338134766
0.24324586401472814 -0.031324505554400334 0.9694587591793357 14.105457305908203 -0.006939106514681936 0.999396669924502 0.034032924209063904 -0.11339294165372849 -0.9699398279190063 -0.015005544819470695 0.242881729014913 6.0788092613220215
0.23458181776678622 -0.032686165602119246 0.9715467228648439 14.799225807189941 -0.007145649545310495 0.999349602007226 0.03534688189225743 -0.12194639444351196 -0.9720700979232788 -0.015234067730443446 0.23419567504109473 6.1940765380859375
0.22541896775906967 -0.034635882623837724 0.9736460834590287 15.503561973571777 -0.007165314109414511 0.9992819030146423 0.03720675056184316 -0.13212554156780243 -0.9742355942726135 -0.015363586668352691 0.2250089084867506 6.307560443878174
0.21585312429065517 -0.03483900096898053 0.9758041270493489 16.22095489501953 -0.0071821348418388276 0.9992795956339182 0.03726586985549618 -0.1425757110118866 -0.9763994216918945 -0.015052310538891334 0.21544739407045022 6.418580055236816
0.20608270175144128 -0.034067260897146776 0.977941356360951 16.94547462463379 -0.007024437352322277 0.9993165098765997 0.03629214664197712 -0.15590183436870575 -0.9785093665122986 -0.014348672118551065 0.20570255287245232 6.5217509269714355
0.19554989571464976 -0.03165416339996298 0.9801827623921824 17.67267608642578 -0.006878322895154165 0.9994101105984359 0.03364734470971423 -0.17267900705337524 -0.9806696176528931 -0.013321748277299261 0.19521681523316659 6.614758014678955
0.1837237831377081 -0.029444107361935867 0.9825367699822436 18.40425682067871 -0.0065434849873255985 0.9994924591850464 0.031175788289040295 -0.19140668213367462 -0.9829561114311218 -0.01215694871461892 0.18343787393499156 6.695073127746582
0.16887567830311312 -0.025586365781960246 0.9853052582809879 19.147302627563477 -0.006333429086809672 0.9996142206524542 0.027043451577407958 -0.2131069302558899 -0.9856170415878296 -0.010807341887691502 0.168648475076008 6.764791965484619
0.15007668595576895 -0.019630888235389617 0.9884794869279003 19.90672492980957 -0.006230085949524011 0.9997642643051613 0.02080088790372847 -0.23873156309127808 -0.9886547327041626 -0.009280039980705257 0.1499189972652637 6.819907188415527
0.1271320497154953 -0.014503178013426508 0.9917797676273667 20.676422119140625 -0.005759515717624675 0.9998654355711729 0.01535970460465809 -0.26660290360450745 -0.9918690919876099 -0.007664881600583984 0.1270314061940816 6.849831581115723
0.10043797122888076 -0.010408495511367216 0.9948888857048955 21.479333877563477 -0.004845374213203413 0.9999283165620766 0.010950378016846604 -0.295052170753479 -0.9949315190315247 -0.005920442644554991 0.10038033742619756 6.843747615814209
0.07088489462170333 -0.00734137832697699 0.9974574344331084 22.298032760620117 -0.0035112987549316965 0.9999648475810504 0.007609367129287732 -0.3248714804649353 -0.9974783062934875 -0.004041760407044043 0.07085662809465099 6.791874885559082
0.041114636635263935 -0.004457577967596646 0.9991444406029726 23.14010238647461 -0.0020594831340887687 0.9999875044294542 0.004546087664087602 -0.35064372420310974 -0.9991523027420044 -0.002244631973316924 0.04110494453640712 6.692786693572998
0.012986723814250645 -0.00034027490668871174 0.9999155568050351 23.9848690032959 -0.0006633356816540432 0.9999996926408696 0.000348921666684307 -0.37447309494018555 -0.9999154210090637 -0.0006678110314402713 0.012986494391112824 6.556028366088867
-0.01435561261862972 0.004977644991706963 0.9998845090938826 24.868511199951172 0.0007531154575961992 0.9999873487092187 -0.00496734178638325 -0.39521554112434387 -0.9998966455459595 0.0006817192807191813 -0.01435918049155549 6.389186859130859
-0.04080436495951645 0.007518986537922608 0.9991388389533423 25.759227752685547 0.0020439013952542606 0.9999702026198763 -0.00744177031617569 -0.4142240881919861 -0.9991650581359863 0.0017384846000449428 -0.04081851821955862 6.181807994842529
-0.06601535176170259 0.007968727710874278 0.9977867878664335 26.662899017333984 0.0029568318751084788 0.999965271095536 -0.007790497735743217 -0.43718886375427246 -0.9978142380714417 0.0024359954681477114 -0.06603662504035857 5.938140869140625
-0.09119871005670976 0.007862338467938604 0.9958016951820561 27.572603225708008 0.003564783124212545 0.9999649918752974 -0.007568737768353609 -0.4658517837524414 -0.9958263635635376 0.002859557920624395 -0.09122354373782793 5.66768217086792
-0.11678055416777244 0.007546722192273123 0.9931290446435536 28.46772003173828 0.003938019011222593 0.9999667608725157 -0.007135615879309429 -0.5031937956809998 -0.9931499361991882 0.0030776599156376316 -0.11680639290794215 5.377135276794434
-0.14088483496302828 0.005678254991534917 0.9900096945234047 29.3616943359375 0.0037852222636490795 0.9999793495464887 -0.00519677307452979 -0.5458217263221741 -0.9900187253952026 0.0030152601688340774 -0.14090341669384543 5.065876483917236
-0.1642209840297406 0.008883024401766332 0.9863835888087332 30.245407104492188 0.003367761931149127 0.9999586805658607 -0.008444585298143525 -0.6014112830162048 -0.986417829990387 0.001935127043203408 -0.16424411872511158 4.738755226135254
-0.18602032682133185 0.01995543012645685 0.9823432207831223 31.10613250732422 0.002953635522493947 0.9998005791179353 -0.019750748489778532 -0.6622397899627686 -0.9825414419174194 -0.0007725568138884087 -0.18604216120561823 4.410662651062012
-0.20592953559632132 0.03385688212365595 0.9779809513214698 31.942142486572266 0.0023785949052404776 0.9994156901384522 -0.03409808297799724 -0.7258212566375732 -0.9785639047622681 -0.004695581855229863 -0.2058897394772119 4.086771488189697
-0.22515265456380362 0.05037799608582712 0.9730202361275346 32.7255744934082 0.0022042747472902774 0.9986861717541891 -0.05119678697207321 -0.7929240465164185 -0.9743210077285767 -0.009382288598336508 -0.2249678905871333 3.7763671875
-0.24332072550414807 0.05924825628132824 0.9681346277614697 33.48530578613281 0.0014051337828974164 0.9981530766943831 -0.06073218510768955 -0.8662541508674622 -0.9699448943138123 -0.013417041084193282 -0.2429545900122232 3.4537580013275146
-0.2620238907679493 0.0621097479827137 0.9630606189084757 34.22712707519531 0.0010374791291797303 0.9979443484531425 -0.06407719980492574 -0.9377850890159607 -0.965060830116272 -0.015790602830832334 -0.2615497137686802 3.1316299438476562
-0.28061253561221733 0.06088546522508276 0.9578881123072195 34.957374572753906 0.0009398271205818681 0.9980029972514969 -0.06315993363713462 -0.9978275299072266 -0.9598206877708435 -0.016823219709408033 -0.2801093702356514 2.8015027046203613
-0.2979524557870601 0.054859910724917686 0.9530029919601761 35.699424743652344 0.0007458511554697608 0.998360280047918 -0.05723772973495171 -1.0449156761169434 -0.9545804262161255 -0.016343324602614118 -0.29750482994900196 2.455645799636841
-0.313572218841891 0.04644565539652173 0.9484278082200537 36.44591522216797 -0.0005562476076513834 0.9987939022466086 -0.04909605211586583 -1.0797148942947388 -0.9495642185211182 -0.0159227179446646 -0.3131681699977804 2.096402406692505
-0.3273814483681896 0.04496145297015563 0.9438219810853936 37.19525909423828 -0.0009749074087651924 0.9988507026552621 -0.047921055536592094 -1.1056710481643677 -0.9448917508125305 -0.016608602841683973 -0.3269613413438872 1.727376937866211
-0.3385817210415851 0.04440828149380867 0.93988839010073 37.935791015625 -0.002079808214815404 0.9988478536077308 -0.04794324782833952 -1.1243977546691895 -0.9409346580505371 -0.018187496003796877 -0.3380992840881589 1.3509602546691895
-0.3476760349825163 0.047201180074487974 0.936425875500052 38.67832946777344 -0.0021396473955441614 0.998689495106716 -0.05113402772622221 -1.135682225227356 -0.9376122951507568 -0.019781697913818674 -0.3471194225131793 0.9761099815368652
-0.3562157154083252 0.05595100784862986 0.9327271201492542 39.433753967285156 -7.713244477314252e-05 0.9982039359307749 -0.059908188417915786 -1.1454004049301147 -0.9344037175178528 -0.0214121807152452 -0.3555715968514477 0.6068999171257019
-0.3659780209826735 0.0585409460716789 0.9287804001452218 40.19106674194336 0.0009985464927975835 0.9980436587398114 -0.06251313420742785 -1.1540417671203613 -0.930622935295105 -0.02195100156088814 -0.36532047945408763 0.23279514908790588
-0.37444580455208687 0.05820447521188414 0.9254201891600944 40.93537902832031 0.0007424145765386539 0.9980464437900668 -0.06247191930408374 -1.16795814037323 -0.927248477935791 -0.022705302711666597 -0.3737575165262257 -0.14028742909431458
-0.3810229812223227 0.0571583683679597 0.9227970845080884 41.67906188964844 -0.00023131236029049623 0.9980812873688694 -0.0619170066244335 -1.1859943866729736 -0.9245655536651611 -0.0238052565641107 -0.38027868202533455 -0.5163180828094482
-0.38467009929107654 0.05821837126703492 0.9212163621140987 42.4228630065918 -0.0007128847669103482 0.9979899939825586 -0.06336793375683998 -1.204745888710022 -0.9230538606643677 -0.025032471047222504 -0.3838554157587293 -0.887479305267334
-0.38565087424668576 0.05956127186366276 0.9207203680034647 43.162200927734375 -0.0010094041958756683 0.9978863778630098 -0.06497592696488404 -1.2219864130020142 -0.9226442575454712 -0.02598740059055249 -0.38477561113815284 -1.245760440826416
-0.3840325278144885 0.05741741658954427 0.9215325670465849 43.916316986083984 -0.00168468536253151 0.9980193586275286 -0.06288509959240807 -1.2323006391525269 -0.9233180284500122 -0.025702414866516587 -0.3831751471620546 -1.5978251695632935
-0.3800215028190532 0.05806416590569754 0.9231534128064378 44.6777229309082 -0.0013599003607243643 0.9979916570904456 -0.06333112543450183 -1.241929054260254 -0.924976646900177 -0.025322584855245855 -0.37917930888109197 -1.9312026500701904
-0.37434828452064295 0.0591840843633259 0.9253975682188553 45.45289993286133 -0.000861049090563823 0.9979385472331124 -0.06417178256464405 -1.25139582157135 -0.927287757396698 -0.024819408326405945 -0.37352560586834826 -2.2494099140167236
-0.36762320733917164 0.0606717348309469 0.9279936251947938 46.245452880859375 -0.00042085364943797443 0.9978586586988871 -0.0654061944603777 -1.2617741823196411 -0.9299747347831726 -0.02443538450939986 -0.3668104669343535 -2.5533509254455566
-0.36097592129864964 0.06360522341711566 0.9304035462203228 47.056671142578125 0.0005339088271226304 0.997685332149516 -0.0679976667021047 -1.2724934816360474 -0.932574987411499 -0.024048768710706048 -0.3601743262454171 -2.842489242553711
-0.35545875302065433 0.06762461508704984 0.9322423969420863 47.885475158691406 0.0019425469016114139 0.9974305793085041 -0.0716126662759414 -1.285658597946167 -0.9346899390220642 -0.0236444258243107 -0.35467681416943897 -3.119894027709961
-0.35179734734937185 0.07114455610476704 0.9333686605310416 48.732242584228516 0.003332477394097366 0.9971964387415785 -0.07475367926946311 -1.2993602752685547 -0.9360702633857727 -0.023187716996517782 -0.35104816298144215 -3.393789052963257
-0.34960268254629767 0.07302476468563955 0.9340478210220974 49.59584426879883 0.004293378371572176 0.9970721992013319 -0.07634511271356095 -1.3106344938278198 -0.9368882179260254 -0.022680235498497403 -0.3488926385911313 -3.6722822189331055
-0.3484439064705285 0.07319449047705173 0.9344674593496222 50.48164367675781 0.004550311345533908 0.9970668280162248 -0.07640102252965363 -1.3229697942733765 -0.9373185634613037 -0.022369351858065656 -0.34775490261309727 -3.96553373336792
-0.3473192470092634 0.07269136204489232 0.9349252928177352 51.39321517944336 0.00452739603010649 0.9971093747101597 -0.07584433507594007 -1.3352972269058228 -0.9377360343933105 -0.022109419779341444 -0.3466443717980283 -4.274823188781738
-0.3461854637302739 0.07218033513841379 0.935385285871716 52.31601333618164 0.004452476020517376 0.9971510848931772 -0.07529872245175434 -1.3485078811645508 -0.9381555318832397 -0.021902541384848817 -0.3455205728541575 -4.595232963562012
-0.34508478319378355 0.07216619887931278 0.9357929905189338 53.26463317871094 0.004621358238024342 0.9971581933946893 -0.0751943608297041 -1.3589451313018799 -0.9385601282119751 -0.02162379442184248 -0.3444376146942254 -4.929141521453857
-0.34385020463856364 0.07274267571734161 0.9362026709181928 54.251163482666016 0.004813300599302517 0.9971183675770412 -0.07570796990502658 -1.3713431358337402 -0.9390121698379517 -0.021525977314194256 -0.3432095069802905 -5.2816948890686035
-0.3426676725993545 0.07284402025053935 0.9366283052028789 55.27412414550781 0.005005389958423867 0.9971167586227311 -0.07571713092823006 -1.3819516897201538 -0.9394433498382568 -0.02125762419380961 -0.3420443090338203 -5.650140285491943
-0.34116249639009766 0.07325110073620897 0.9371458919100907 56.324951171875 0.005162177639159049 0.9970900797770361 -0.07605731951355314 -1.39180326461792 -0.9399901628494263 -0.02111019078710008 -0.3405478656279399 -6.027041435241699
-0.3395646700094801 0.07410096948065648 0.9376592470795739 57.391334533691406 0.00540866370966675 0.9970292330724477 -0.07683413897688637 -1.401854157447815 -0.940567135810852 -0.02101867586628059 -0.33895669556167185 -6.407217502593994
-0.33736289228079386 0.07432238269981706 0.9384361749065214 58.44977569580078 0.005734980720854654 0.9970222773121348 -0.0769005960579216 -1.4107800722122192 -0.9413571953773499 -0.020561495057277668 -0.3367845717072555 -6.779714107513428
-0.3343510202159532 0.07409624678204646 0.9395313777278497 59.51504898071289 0.0059872962470403635 0.9970514948481612 -0.07650187817894541 -1.4174522161483765 -0.9424296021461487 -0.019953227576601784 -0.3338088081581745 -7.147103309631348
-0.33070547371535497 0.0744143265051195 0.9407956394128506 60.58428192138672 0.006306855235369779 0.9970384316778791 -0.07664601017252662 -1.4221832752227783 -0.9437129497528076 -0.019413792961723964 -0.3301953832153899 -7.507119655609131
-0.3269984215328847 0.07478906280125526 0.9420608228895102 61.677486419677734 0.0063192398993755505 0.997014277464959 -0.0769582811563103 -1.4298330545425415 -0.9450037479400635 -0.019212128371817183 -0.32649470924588364 -7.86928653717041
-0.32389630826966 0.07639409808469824 0.9430032605404223 62.76063919067383 0.006518015497898155 0.9968911745330329 -0.07852087485522413 -1.4407958984375 -0.94607013463974 -0.01928611145696979 -0.3233873063436832 -8.222723007202148
-0.32124981106527173 0.07828509417389036 0.9437531546279871 63.839508056640625 0.006737062068432054 0.9967409519520343 -0.08038720607669594 -1.4512872695922852 -0.946970522403717 -0.01946625096541088 -0.32073025042933523 -8.571107864379883
-0.3196666244067181 0.08084439068578117 0.9440749369339183 64.90557861328125 0.006871561131107651 0.9965251079420436 -0.08300914882217522 -1.465324878692627 -0.9475051760673523 -0.020047986099580584 -0.31911135001214674 -8.913894653320312
-0.31974027345252587 0.08485076762847538 0.943698289691942 65.93421173095703 0.007305376075957215 0.9961733309671056 -0.08709377647970691 -1.4829399585723877 -0.9474770426750183 -0.020953316147244383 -0.3191365870414362 -9.245420455932617
-0.32122680073515575 0.08750423990455301 0.9429508450468455 66.93806457519531 0.007724665667884656 0.9959308333736386 -0.0897891975843183 -1.5029641389846802 -0.9469707608222961 -0.021558717084769974 -0.320595622652478 -9.574610710144043
-0.3236572667004154 0.08461033314406241 0.9423836956308063 67.91356658935547 0.007370426390999996 0.9961889285923027 -0.08690980563736403 -1.5225293636322021 -0.9461456537246704 -0.02118321931812428 -0.3230473822387161 -9.908960342407227
-0.3266486182101662 0.08107936419864128 0.9416617585194191 68.88034057617188 0.007156367522114682 0.9964972807211001 -0.08331839834317913 -1.540573000907898 -0.94511878490448 -0.020476962260949527 -0.3260846966500104 -10.2544527053833
-0.32953844671485655 0.08132916761347139 0.9406327361801035 69.83646392822266 0.007639278721307319 0.9964800478605284 -0.0834815255279964 -1.5555979013442993 -0.9441112279891968 -0.02032461619728987 -0.32899977672094494 -10.604390144348145
-0.3327751602527407 0.08255520689627968 0.9393856165273469 70.78111267089844 0.007255611220613467 0.9963552836961571 -0.08499153796803541 -1.5715605020523071 -0.9429782629013062 -0.021467254813889447 -0.3321612616903469 -10.962249755859375
-0.3358686611376811 0.08493956054802733 0.9380711681904417 71.72753143310547 0.0073793567298555685 0.9961323747135827 -0.08755471285133404 -1.5906306505203247 -0.94187992811203 -0.022484522637425286 -0.3351964499635969 -11.32872200012207
-0.3390232484266562 0.08786909327993767 0.9366655304666897 72.66285705566406 0.007811891872265164 0.995857231758725 -0.09059440921512985 -1.6126199960708618 -0.9407455921173096 -0.023396480618487203 -0.3383051711959979 -11.695743560791016
-0.3420063602020047 0.0901158257134971 0.9353666953323507 73.58855438232422 0.008229570118055918 0.9956401714021182 -0.09291369058938626 -1.635988712310791 -0.9396616220474243 -0.02407940738850889 -0.34125688648335384 -12.066720008850098
-0.3447913080395999 0.08825831867495651 0.9345209665427231 74.47755432128906 0.00807171365848336 0.995811920896819 -0.09106872016148114 -1.6573113203048706 -0.9386446475982666 -0.02385651614788964 -0.34405967119855774 -12.427616119384766
-0.3466927907092021 0.08007664838451112 0.9345543627863545 75.34504699707031 0.00809473837147523 0.9965675137499522 -0.08238728793849596 -1.6751919984817505 -0.9379438161849976 -0.020998105261238464 -0.3461509645319438 -12.777400016784668
-0.34788286564222837 0.07223235839877282 0.9347512765912582 76.19544219970703 0.008829331125637996 0.9972358157906777 -0.07377483555724502 -1.6923198699951172 -0.9374964237213135 -0.017411772780953183 -0.3475590190471358 -13.114704132080078
-0.3489190644236029 0.07004851607816368 0.9345312593093585 77.02552795410156 0.008883128043139787 0.9974049769241612 -0.07144463752130217 -1.7041983604431152 -0.9371107816696167 -0.01662683619452765 -0.34863588124198763 -13.442342758178711
-0.34933722267897593 0.07614119742105904 0.9338982975659682 77.85588073730469 0.009185032940253912 0.9969232475445525 -0.07784386848295134 -1.7142137289047241 -0.9369520545005798 -0.01861587395152453 -0.348961753411853 -13.76742935180664
-0.34939396161433933 0.08198834388763637 0.9333819286962042 78.68781280517578 0.008647357747415985 0.9964039939782873 -0.08428723206598 -1.7217093706130981 -0.9369360208511353 -0.021378162427825753 -0.3488465206340159 -14.096049308776855
-0.3492710146818041 0.08045061141506929 0.9335617482767408 79.5225830078125 0.007325803152511856 0.9965114365080535 -0.08313458004689123 -1.727541208267212 -0.9369931221008301 -0.022197409003965163 -0.34864191765912267 -14.428542137145996
-0.3489970146821033 0.07826018841337365 0.9338503387347964 80.34337615966797 0.006509096234978862 0.9966852507866999 -0.0810934233647056 -1.7339063882827759 -0.9371012449264526 -0.022222840261831633 -0.3483495695578753 -14.751070022583008
-0.3482005828061858 0.07757347793374351 0.9342048768489424 81.162841796875 0.00720198877759004 0.9967621201831479 -0.08008368463194028 -1.7384196519851685 -0.9373924136161804 -0.021157053789250924 -0.34763185364591465 -15.066357612609863
-0.34699364594317217 0.07477267238382057 0.9348821065332324 81.96192932128906 0.007826862296085313 0.9970129667136566 -0.0768369118437274 -1.7427459955215454 -0.9378348588943481 -0.019344725863650325 -0.34654238528842995 -15.36967945098877
-0.34588615327542094 0.07310770574879866 0.9354240185127584 82.7804183959961 0.009094997255348902 0.9971742678939784 -0.07457077064523003 -1.7512727975845337 -0.938232421875 -0.01728531811729106 -0.3455736859100611 -15.672338485717773
-0.34485291901573234 0.07913105082255238 0.93531534328799 83.57890319824219 0.011548228257118875 0.9967224914934446 -0.08006845887021963 -1.760515570640564 -0.9385856986045837 -0.016810606422024144 -0.3446364786693401 -15.956298828125
-0.34339006752876067 0.08430696854574679 0.9354013217119199 84.3725357055664 0.013638611541939238 0.9963055849905856 -0.08478942291698058 -1.7616784572601318 -0.939093828201294 -0.016358269898233413 -0.34327126160472865 -16.237173080444336
-0.3416090525088702 0.08173538487114103 0.936281237297388 85.14668273925781 0.012869711364120184 0.9965245926470387 -0.08229889384179337 -1.7570888996124268 -0.9397540092468262 -0.016064377062414148 -0.3414737155799745 -16.519533157348633
-0.3393967243679157 0.08052738737916915 0.9371900684206974 85.90862274169922 0.011800807443590022 0.9966149580520606 -0.08135984861762408 -1.7562178373336792 -0.940569281578064 -0.016553666151443602 -0.3391981316213908 -16.799028396606445
-0.33556500450399085 0.07989162925279986 0.9386231330198748 86.66886138916016 0.010526427909224978 0.9966529671113068 -0.0810676051141269 -1.7544639110565186 -0.9419582486152649 -0.01732310343661503 -0.33528284839005096 -17.072080612182617
-0.32972512410282917 0.075828219830011 0.9410267881131854 87.4242172241211 0.008751918941539039 0.9969717951183635 -0.07726971275819028 -1.7526085376739502 -0.9440364241600037 -0.01724197556866436 -0.32939029343525306 -17.33753776550293
-0.3226398776905057 0.0707135363461222 0.9438766353957218 88.17011260986328 0.006714357623895273 0.9973512897464211 -0.0724246309757981 -1.7535440921783447 -0.9464979767799377 -0.017029549206615036 -0.3222601018629234 -17.586502075195312
-0.31426571717059204 0.0725756758089354 0.9465568337574819 88.91463470458984 0.006894739697972108 0.9972217135806929 -0.07417120247159148 -1.7558231353759766 -0.9493100047111511 -0.016783202718644308 -0.31389297913419156 -17.81145668029785
-0.30478259447261813 0.07306632126300841 0.9496151201187218 89.66531372070312 0.007138043521740078 0.9972001914204247 -0.07443668139012745 -1.7569252252578735 -0.9523952007293701 -0.015908610300663706 -0.3044508021594403 -18.018695831298828
-0.2940808732482445 0.07077555808580704 0.9531564803425322 90.45433044433594 0.00719069398353378 0.9973901329497284 -0.07184150752849613 -1.758156418800354 -0.95575350522995 -0.014273356591561592 -0.2938222843962812 -18.218734741210938
-0.2833470684816497 0.0708027112312688 0.9564002083882235 91.24793243408203 0.006936837900516746 0.9973961372504743 -0.07178252195839424 -1.7595397233963013 -0.9589923620223999 -0.01370497474788146 -0.2831004349857995 -18.401418685913086
-0.2727010706222721 0.07146737132984235 0.959440736533746 92.05797576904297 0.006890330229464281 0.9973566892960235 -0.07233324470854269 -1.757673740386963 -0.9620741605758667 -0.013114489933713225 -0.27247267429331146 -18.57303237915039
-0.2623445413091545 0.07217731493287172 0.9622711110378697 92.89596557617188 0.00647518189325641 0.9973079625470438 -0.07303999963332526 -1.7530544996261597 -0.9649525284767151 -0.012930764717018373 -0.26210566103036825 -18.739530563354492
-0.25135062844302425 0.07767809018241476 0.964774065799519 93.77223205566406 0.006173404462512355 0.9968827746314948 -0.0786549563443219 -1.7532837390899658 -0.9678764343261719 -0.01381403210448251 -0.2510466487078382 -18.898632049560547
-0.24087475954416337 0.08568805790147052 0.9667661895726427 94.63780975341797 0.005411743773457683 0.9961980983159795 -0.08694835302552538 -1.759609341621399 -0.9705411195755005 -0.01571177328482798 -0.24042270783213748 -19.047292709350586
-0.2298914733326498 0.0915657820418929 0.9688991803640232 95.5420150756836 0.005066235421386678 0.9956632277981985 -0.09289304669020468 -1.7651143074035645 -0.9732030630111694 -0.016446647117888014 -0.22935836762827222 -19.184255599975586
-0.21957994975371253 0.09072357814220505 0.9713669906277842 96.49642944335938 0.005107427817571453 0.995760012193693 -0.09184728534057984 -1.7785531282424927 -0.9755811095237732 -0.015206636192003242 -0.21911230738214194 -19.317625045776367
-0.2100285029765523 0.08924597237755136 0.9736134606672635 97.48267364501953 0.005331103966730311 0.9959147969448267 -0.09014018906186402 -1.7958253622055054 -0.9776807427406311 -0.013741574316056715 -0.2096462724082695 -19.45121955871582
-0.20161474132041857 0.0927723573600914 0.9750614135850473 98.50846862792969 0.005560376905006437 0.9955965836448829 -0.09357645104441725 -1.8150174617767334 -0.9794490933418274 -0.013444683248010625 -0.2012428005676803 -19.582569122314453
-0.19439365998630453 0.10197165358107842 0.9756090217002433 99.53913879394531 0.00572671522700946 0.994683073661116 -0.10282422538911133 -1.836971640586853 -0.9809069037437439 -0.014401341855110439 -0.19394403757656864 -19.708566665649414
-0.18876733125324563 0.11377327994944367 0.9754088905490699 100.5931396484375 0.006100934088867582 0.9933826600323998 -0.11468907984965782 -1.8650864362716675 -0.9820029139518738 -0.015698646815454964 -0.18821232459399084 -19.834857940673828
-0.18477068851967005 0.12175748469345371 0.9752101764133567 101.6411361694336 0.006609739511990509 0.9924273952300225 -0.12265476604009111 -1.898441195487976 -0.982759416103363 -0.01621711942571924 -0.1841762680429202 -19.9588623046875
-0.18132547906797214 0.12426348093563491 0.9755407031025232 102.71334838867188 0.006874214975014059 0.992120637063803 -0.12509769362641465 -1.937002182006836 -0.9833990931510925 -0.015977321874823147 -0.1807509541616028 -20.09787940979004
-0.1777863704536422 0.12469106485056566 0.9761373468435977 103.80020141601562 0.006868851386957198 0.9920728971895806 -0.12547562014205638 -1.9744220972061157 -0.984045147895813 -0.015602913388437445 -0.17723353164021827 -20.251216888427734
-0.17304363509300202 0.12208040153694741 0.9773188453453313 104.8935546875 0.006955736269276258 0.992415111731448 -0.12273454845942681 -2.0061256885528564 -0.984889566898346 -0.014440461112776859 -0.1725802875120941 -20.405908584594727
-0.16804760624462745 0.11886304057620473 0.9785865632196267 105.96573638916016 0.006851874178777195 0.9928207664713912 -0.11941534840403566 -2.030916452407837 -0.9857550859451294 -0.013362310720445914 -0.1676555787563565 -20.555543899536133
-0.1626602356001916 0.11674103937645358 0.9797515801085346 107.04924774169922 0.00666843435050396 0.993083304538731 -0.11722245589339321 -2.044180154800415 -0.986659586429596 -0.01253402347512278 -0.16231364778740076 -20.70012855529785
-0.15694162056420158 0.12111806744744608 0.9801529281839967 108.14447021484375 0.007013366337715321 0.9925631573198235 -0.12152863001196224 -2.05259370803833 -0.9875829815864563 -0.012198728656272473 -0.1566239166926664 -20.83230209350586
-0.15105544290330286 0.12834439396563285 0.9801581339144458 109.22354125976562 0.007426772228522616 0.991655095345064 -0.12870526892382256 -2.062258005142212 -0.9884973764419556 -0.012162220267228907 -0.1507480851384777 -20.95108413696289
-0.14543358365521453 0.13190833069991165 0.9805352011570236 110.27589416503906 0.00703522341410745 0.9911851035893753 -0.13229755847540398 -2.072216033935547 -0.989342987537384 -0.01234222319305922 -0.14507959874231258 -21.065690994262695
-0.13961459286974787 0.13298839290260162 0.9812348242203899 111.29885864257812 0.006458030866106912 0.9910414041702236 -0.1333986151758843 -2.088820219039917 -0.9901848435401917 -0.012287548912764401 -0.13922268924163816 -21.174072265625
-0.13404320978758832 0.1323028726763956 0.982104004670862 112.3041763305664 0.006239492168005789 0.9911407752419804 -0.1326686463498501 -2.105208396911621 -0.9909558296203613 -0.011655501597327866 -0.13368120103172032 -21.273616790771484
-0.1281855142947883 0.12819759519271873 0.9834296276999196 113.29647827148438 0.006031263119538777 0.9916926229284238 -0.12848859406375224 -2.1265721321105957 -0.9917318820953369 -0.010539053749004768 -0.12789382331707433 -21.364744186401367
-0.12213444962922004 0.12543921735077046 0.9845548146119797 114.29924774169922 0.005771688310519718 0.9920542028877766 -0.12567871235703854 -2.1448874473571777 -0.9924967885017395 -0.009667156622303552 -0.1218879872747678 -21.449308395385742
-0.1166027337975093 0.13025496990710017 0.9846001035561022 115.30047607421875 0.005689102343897662 0.9914338893495888 -0.13048528573941406 -2.1633293628692627 -0.9931623339653015 -0.009613450757918862 -0.1163449415086566 -21.522865295410156
-0.11155686248439611 0.13391203989185152 0.9846941738766405 116.30096435546875 0.005477822819178052 0.9909470113697197 -0.13414179685275618 -2.1789963245391846 -0.9937429428100586 -0.009570458169379181 -0.11128049055603739 -21.59078025817871
-0.1068328319499372 0.13684064958982023 0.9848154264510469 117.30406951904297 0.005391458560339402 0.9905491172947317 -0.13705248525012792 -2.194643497467041 -0.9942623972892761 -0.009332113799326747 -0.10656094076767886 -21.652515411376953
-0.10198877026146302 0.13729792979896593 0.9852652376986104 118.31101989746094 0.005212202836830937 0.990489939457395 -0.13748646260756425 -2.209655523300171 -0.9947718977928162 -0.008886672513841176 -0.10173447018154924 -21.714365005493164
-0.0965674743985212 0.13414226716529207 0.9862457019888763 119.32079315185547 0.004743576560670704 0.9909273977115656 -0.13431457498892918 -2.2218780517578125 -0.9953151345252991 -0.008292087468694254 -0.09632767233927142 -21.775833129882812
-0.09018158861779213 0.13184422289647196 0.9871597809973802 120.32928466796875 0.004176646905122372 0.9912399060424782 -0.13200760723970512 -2.234586238861084 -0.9959166049957275 -0.007781637554440501 -0.08994225235752573 -21.829437255859375
-0.08411492933654241 0.13081758704912316 0.9878316854205682 121.3602066040039 0.0037609734229628877 0.9913795991375728 -0.1309671803499622 -2.2505733966827393 -0.9964489340782166 -0.0073010861189066745 -0.08388182310475312 -21.87735939025879
-0.07879433914816047 0.13251700723694654 0.9880439102477225 122.40823364257812 0.0036415340115419914 0.9911570887233311 -0.13264414270885796 -2.2685365676879883 -0.9968842267990112 -0.00685361166514159 -0.07858012843038775 -21.916580200195312
-0.0733892502511928 0.13281247436557253 0.9884203825108138 123.4368667602539 0.003492838128213993 0.9911211705274495 -0.1329160323152088 -2.2850563526153564 -0.9972972273826599 -0.0063022155445571215 -0.07320153191692924 -21.946786880493164
-0.06891134845174118 0.13014287892397497 0.989097597534625 124.43851470947266 0.00313571298584836 0.9914778729011156 -0.1302375995906896 -2.302485704421997 -0.9976178407669067 -0.0058733222010198816 -0.0687321652637185 -21.973861694335938
-0.06480905455461539 0.12872694948771032 0.9895600646769707 125.4390640258789 0.0028413663365700614 0.9916646075159186 -0.12881462939300437 -2.3174545764923096 -0.9978936314582825 -0.0055366518199306824 -0.06463460760969042 -22.000391006469727
-0.060753938248389705 0.12942385599051476 0.9897264089845379 126.42176818847656 0.002635939179985891 0.9915754041580863 -0.12950383660617903 -2.3310389518737793 -0.9981492757797241 -0.005259009586559282 -0.06058326559164939 -22.02676010131836
-0.05640761349418888 0.1218674392255271 0.9909421769866961 127.39644622802734 0.0021423920761540205 0.9925349459901369 -0.12194136769299199 -2.3406903743743896 -0.9984055161476135 -0.004755435053751866 -0.056247617623922386 -22.05464744567871
-0.052739984392331296 0.11389812777583724 0.9920915925575802 128.35765075683594 0.0016921384522666783 0.9934829829151661 -0.11396791408318595 -2.3481783866882324 -0.9986068606376648 -0.004331909820916635 -0.05258901014919437 -22.090225219726562
-0.048938727422915385 0.11058264027360407 0.9926612705775276 129.2952117919922 0.0014547159548161936 0.9938589871417148 -0.11064434615133321 -2.356583595275879 -0.9988006949424744 -0.003970753220883694 -0.04879905931492079 -22.12044334411621
