1 0 0 0 0 1 0 0 0 0 1 0
0.9998396039771649 0.0009763910683666366 0.017883960333351077 0.018301965668797493 -0.0009685267957177009 0.9999993964855759 -0.00044839729077157843 -0.003976333886384964 -0.01788438856601715 0.0004310042814403125 0.9998399615478419 0.17972026765346527
0.9991537360170106 0.002551821027064201 0.041052318207659276 0.04752514511346817 -0.0025477453205496187 0.9999967168329789 -0.0001515994459925351 -0.006549216341227293 -0.041052572429180145 4.688030378695654e-05 0.9991570115089417 0.4102320075035095
0.997701063472352 0.003479126200410656 0.06767950200288597 0.09011702239513397 -0.0035654111785956566 0.9999930062507278 0.0011541566480183798 -0.007012682501226664 -0.06767500936985016 -0.00139280854684605 0.9977064750600562 0.6394284963607788
0.9952997187531594 0.0026567286716504706 0.09680626686667883 0.15054264664649963 -0.0030344979586434673 0.9999883207597712 0.003755304905046047 -0.006169872358441353 -0.09679516404867172 -0.004031412347252239 0.9952961592674399 0.9224729537963867
0.9924368311874687 0.00024249455966837035 0.12275626074982299 0.2167801558971405 -0.0011293720684553837 0.9999737797015619 0.007155172707802817 -0.007562454789876938 -0.12275130301713943 -0.0072396945389126555 0.9924110992481161 1.2155730724334717
0.9882320986099558 -0.0033637143017661965 0.15292467835937118 0.29963555932044983 0.0019306702573439888 0.9999528396849324 0.009518445625604933 -0.005270170979201794 -0.1529494822025299 -0.00911118634900343 0.9881919854384513 1.498775839805603
0.9830708665163002 -0.003434036239876295 0.1831934597796586 0.3871631622314453 0.0013541283191598752 0.9999332113120042 0.01147749896656871 -0.003836431773379445 -0.18322063982486725 -0.011035127512975862 0.9830098684491588 1.8481563329696655
0.9777590036392212 -0.0029347153783897545 0.20971107763304767 0.48260700702667236 -0.00010372269420863556 0.9998952395841506 0.014476220204791604 -0.001320648705586791 -0.2097315788269043 -0.014176006282348164 0.9776562578008523 2.2184293270111084
0.9741466492234672 -0.002723798913392035 0.22590006495990672 0.6477890014648438 -0.0018074731889402493 0.9998013104163923 0.019849492436411226 0.0027092506643384695 -0.2259092628955841 -0.019744625141052796 0.9739481872734963 2.603282928466797
0.9707455834300234 -0.002408806260346681 0.24009826654106925 0.849717378616333 -0.003573537758205028 0.999693994966281 0.02447774990041461 0.00858952198177576 -0.2400837540626526 -0.02461966877820554 0.9704399598383162 3.0681509971618652
0.9628194047668615 -0.004630469789901385 0.2701060993535998 1.0482255220413208 -0.003046258488140635 0.9996034323830115 0.02799503796554929 0.014120432548224926 -0.27012860774993896 -0.027776978883561343 0.9624234794636877 3.4376983642578125
0.9539316430314173 -0.004271025080307911 0.2999935860690369 1.247789978981018 -0.004905117928647507 0.9995430071635261 0.029828039624907557 0.01953580230474472 -0.2999838888645172 -0.029925415507678466 0.9534747768757903 3.7890851497650146
0.9426238497978119 -0.004756231099709756 0.3338227564266999 1.4605127573013306 -0.006216365700840831 0.999475101382897 0.03179360538198126 0.026897553354501724 -0.33379876613616943 -0.03204457574625419 0.9420995222129562 4.126020908355713
0.9319339775257909 -0.005713992026606794 0.36258290453847114 1.6991620063781738 -0.006936585619788688 0.9994119819258365 0.033578725897306316 0.033909235149621964 -0.36256158351898193 -0.03380824406848948 0.9313463787938154 4.490511894226074
0.9178316497076189 -0.007366669705527306 0.3969014370714169 1.9390826225280762 -0.006976770750581479 0.9993740019912235 0.03468256315898989 0.04354454204440117 -0.3969084918498993 -0.03460184582271819 0.9172057284894564 4.793490886688232
0.9013712006476453 -0.009128578619153185 0.4329510968734977 2.190824031829834 -0.006818380349990494 0.99935466864083 0.03526628972478213 0.05351348966360092 -0.43299365043640137 -0.03474004323116642 0.9007272771907964 5.052468776702881
0.8807330504269295 -0.011668479493473733 0.47346923543398317 2.457510232925415 -0.006013804555381058 0.9993403328266012 0.03581508028808009 0.058389484882354736 -0.47357481718063354 -0.03439087595964696 0.8800818775883563 5.281959533691406
0.8557412637368031 -0.013499015470120689 0.5172279114254368 2.7578580379486084 -0.006128676392725518 0.9993250460596244 0.03622091005089452 0.06302626430988312 -0.5173677206039429 -0.03416564880980477 0.8550809211419619 5.504281997680664
0.8294341780023196 -0.013767257622526584 0.5584347309649912 3.0725364685058594 -0.007794028985821044 0.9993136622067835 0.036212723133429096 0.06481269001960754 -0.5585500597953796 -0.03438852810212123 0.8287576367568086 5.720495700836182
0.8003597481503562 -0.014460290466180678 0.5993456434093205 3.4142496585845947 -0.008929173107477206 0.9993106549288918 0.03603408598393763 0.06285000592470169 -0.5994535684585571 -0.03419189297562131 0.7996789054667062 5.930679798126221
0.768756780449678 -0.015725583315931446 0.6393478994779743 3.7889902591705322 -0.00976128626907724 0.999292694093204 0.03631593306876934 0.05686617270112038 -0.6394667625427246 -0.03415897642897603 0.7680595046985559 6.1465044021606445
0.7362626133383685 -0.017880863803271294 0.6764596430517802 4.195987224578857 -0.01000026873985993 0.9992541542810123 0.03729764421241063 0.05280884727835655 -0.6766220331192017 -0.0342256378062995 0.735534631165649 6.34583854675293
0.7030329550960879 -0.017496181992372205 0.7109420107709761 4.608832836151123 -0.011126173302084541 0.9993043373377714 0.03559513458527994 0.04785456135869026 -0.7110702395439148 -0.032934618145186834 0.7023492471376365 6.525900363922119
0.6676369601937608 -0.01751433575795837 0.744281011699951 5.0593695640563965 -0.01119523727848204 0.999374004670265 0.03355953438582989 0.04141511023044586 -0.7444028854370117 -0.03073798724705057 0.6670229279902173 6.697423458099365
0.6328433308993127 -0.018220432017094106 0.7740654863255705 5.531465530395508 -0.009970961204319284 0.9994484015849325 0.031677471161808926 0.03687557578086853 -0.7742156982421875 -0.027765053140152762 0.6323125766995297 6.853793621063232
0.6014511264260705 -0.018866034357728607 0.7986867844086292 6.025132656097412 -0.008181319586514024 0.9995232371416247 0.02977099891434864 0.031133070588111877 -0.7988677024841309 -0.024440112831753735 0.601010031921053 6.996312618255615
0.5744615692812829 -0.017818206140636565 0.8183375714773251 6.5135908126831055 -0.0075390003562185726 0.9996054413001274 0.027057344916090433 0.022963203489780426 -0.818496823310852 -0.02171285317032101 0.5741006082618583 7.133786201477051
0.5496443798863595 -0.01841612328374115 0.8351957860412482 7.005153179168701 -0.006624063738468244 0.9996295161334589 0.02640121017411695 0.015661370009183884 -0.8353725075721741 -0.020043666374167657 0.5493187411081664 7.273090362548828
0.5304119249914265 -0.020001518847422708 0.847504051738379 7.524079322814941 -0.005802049621178806 0.9996125359965342 0.02722257771865172 0.007826980203390121 -0.847720205783844 -0.019356441194540608 0.5300903810530713 7.431362628936768
0.5154259358968147 -0.02241824155406462 0.8566407830485296 8.05988597869873 -0.004904824726554846 0.9995641596111411 0.029109686921582275 -0.003977864049375057 -0.856920063495636 -0.019205561475978072 0.5150913605585004 7.593934535980225
0.5018211002466053 -0.02385826621769395 0.8646423710054487 8.608419418334961 -0.004953445509270571 0.9995238832892807 0.030454961465827123 -0.02000092715024948 -0.8649572730064392 -0.01956590046881934 0.5014639769976981 7.7748637199401855
0.4897667724238133 -0.024874241704445813 0.8714985336103004 9.185850143432617 -0.005139246158238714 0.9994931518673932 0.03141561940958559 -0.0357302650809288 -0.8718383312225342 -0.01986517300875623 0.4893907247372571 7.9816694259643555
0.4785185666683063 -0.026188984318423834 0.877686796568524 9.777922630310059 -0.005150812899231555 0.999454225888553 0.03263060493081741 -0.04942105710506439 -0.8780623078346252 -0.02013515109733921 0.4781225167361409 8.202411651611328
0.46881861235503663 -0.02724113150867774 0.8828742926375204 10.3136625289917 -0.005076295774684159 0.9994247331454034 0.0335328858673543 -0.059935349971055984 -0.8832798600196838 -0.02020257106764234 0.4684106094535281 8.410013198852539
0.45767639037464214 -0.029058301679447923 0.8886438564210296 10.927526473999023 -0.004588066033797661 0.9993753035002138 0.035042158536561785 -0.0661822035908699 -0.8891069889068604 -0.020115125454557625 0.45725716310240117 8.64846420288086
0.44646670956510803 -0.030593244308397008 0.894277114363223 11.54980754852295 -0.004131349861063838 0.9993342338244102 0.03624982238393392 -0.07208400964736938 -0.8947907090187073 -0.019878909992506744 0.44604306313129527 8.883152961730957
0.4366198415096214 -0.032124764396499646 0.8990723706059672 12.20460319519043 -0.004313554612604631 0.9992759939382514 0.037799947957332276 -0.08360801637172699 -0.8996357917785645 -0.020382405800266623 0.4361651700666904 9.138663291931152
0.4249642676805081 -0.03457023665711865 0.9045497396205958 12.898641586303711 -0.004509054635145837 0.9991772464866645 0.04030511515948132 -0.09303945302963257 -0.905198872089386 -0.02120689713350521 0.42445873153456937 9.395703315734863
0.41230977320897644 -0.03765873273583674 0.9102650749855147 13.63204288482666 -0.004437020213789722 0.9990504722358221 0.04334166230569476 -0.1018802598118782 -0.9110329151153564 -0.02190905450914682 0.4117511625761878 9.655929565429688
0.3999416550698953 -0.03960060104491516 0.9156847000428943 14.392561912536621 -0.004367368893628265 0.9989724823111554 0.04511007288470263 -0.10913145542144775 -0.916530191898346 -0.02204052949499047 0.39935774681802094 9.914273262023926
0.3875473857127769 -0.040655226907327605 0.920952889550349 15.15347957611084 -0.0040341323041631905 0.9989427007757816 0.045795675284546325 -0.11524567753076553 -0.9218409657478333 -0.02146324034976721 0.3869736292585735 10.155445098876953
0.3742994547644827 -0.03963752361493589 0.9264603127885694 15.921448707580566 -0.004080180119535148 0.9990059228071533 0.04438973750815217 -0.12450355291366577 -0.927298903465271 -0.020395180186470796 0.3737656566270573 10.387043952941895
0.36027050736674937 -0.038940558421543446 0.9320347641345551 16.70158576965332 -0.0038543645631984313 0.999057670028022 0.04323065902642187 -0.13502326607704163 -0.9328399300575256 -0.019167133078560106 0.3597809197598991 10.608962059020996
0.3439350848734719 -0.03592022516395657 0.9383061090591693 17.501907348632812 -0.004173014819352172 0.9991996864019138 0.039780966448062394 -0.14666849374771118 -0.9389841556549072 -0.017597635835822967 0.3435099424120551 10.8155517578125
0.32492444060013526 -0.03196230467143616 0.9451996906567646 18.33355712890625 -0.004883056043938294 0.9993587194807148 0.035472327294963205 -0.16046305000782013 -0.9457273483276367 -0.016141288703444223 0.32455998987457946 11.00818157196045
0.30343307570881706 -0.029021071046986216 0.9524107290847833 19.151872634887695 -0.005283594683359594 0.9994694730392626 0.032138331114803964 -0.17722934484481812 -0.952838122844696 -0.014783985150510492 0.3031187653718277 11.170186042785645
0.27901259157533964 -0.026680150210981315 0.9599167085128044 20.018539428710938 -0.005398064319378115 0.9995545832363663 0.029350874659700293 -0.19937102496623993 -0.9602722525596619 -0.013370955677803553 0.278744292276242 11.306344985961914
0.25433847888282735 -0.024752893926786354 0.9667984690947088 20.918460845947266 -0.005159572883375596 0.999623463209723 0.026950654031203003 -0.2255794107913971 -0.967101514339447 -0.011842855355725157 0.25411499328849274 11.413850784301758
0.22947051786806494 -0.02278775565505175 0.973048870729501 21.83941650390625 -0.00477780293352334 0.9996874990123605 0.02453833409760871 -0.2554962933063507 -0.9733039140701294 -0.010279859500001765 0.22928992194723108 11.491813659667969
0.2036769494575541 -0.019865265145860518 0.9788365649714484 22.78130340576172 -0.004421941827807696 0.9997652335492161 0.021210128150115398 -0.28407761454582214 -0.9790281653404236 -0.008648373000116893 0.20354130052613328 11.533591270446777
0.17766260016393254 -0.015593420384374078 0.9839678771442399 23.72300910949707 -0.004063278086086142 0.9998542877021656 0.016578835326980335 -0.31382131576538086 -0.9840830564498901 -0.006943574004131259 0.17757334956823811 11.536619186401367
0.15125624518139347 -0.014241305287841705 0.9883920232973836 24.609098434448242 -0.0030720252875202636 0.9998846483250601 0.014877017916737758 -0.3453434705734253 -0.9884898066520691 -0.005286607018827105 0.15119504385744165 11.515458106994629
0.12497679980118415 -0.013813891213045045 0.992063532688063 25.498554229736328 -0.0020108361590602947 0.9998975169316491 0.01417629272308079 -0.37883591651916504 -0.9921576380729675 -0.003766584830632913 0.12493621131958443 11.455411911010742
0.10024475792201093 -0.013744174484333543 0.9948678671416022 26.382522583007812 -0.001131696300924294 0.9999023652285236 0.01392775848761525 -0.41557055711746216 -0.9949621558189392 -0.0025220730578595085 0.10021941610673313 11.363810539245605
0.0747058608130402 -0.014245125876266612 0.9971039315833485 27.276952743530273 -0.0003795081218210816 0.9998975404122273 0.014313470450636022 -0.4540896713733673 -0.9972055554389954 -0.0014477090890324673 0.07469279608182333 11.245833396911621
0.05252838968497131 -0.01764059482955605 0.998463582597903 28.15719223022461 0.0002413371482699253 0.9998441554501406 0.0176522896485763 -0.4931061863899231 -0.9986193776130676 -0.0006862799901495194 0.05252446031882663 11.119278907775879
0.03280435994131281 -0.012836936597667069 0.9993793662110009 28.966861724853516 0.00028422721482249114 0.9999175907295721 0.012834520677772094 -0.5218489170074463 -0.9994617700576782 -0.00013697742707899363 0.032805306338286044 10.992693901062012
0.018882770198441978 -0.0037064883418022575 0.999814827248976 29.721181869506836 0.00016519966298574051 0.9999931473901685 0.0037040289098355123 -0.5623182058334351 -0.999821662902832 9.522674551424443e-05 0.018883253056766636 10.853307723999023
0.0218889296746152 -0.003915098385623933 0.999752754111988 30.487144470214844 0.00020832340560350895 0.9999923373965197 0.003911475550391407 -0.6036345362663269 -0.9997603893280029 0.00012265388847813863 0.021889578130883214 10.756434440612793
0.020704036855037633 0.002628107345095663 0.9997822066457127 31.22797393798828 0.0002452811299969923 0.9999965302787576 -0.0026337505349907885 -0.6450681090354919 -0.9997856020927429 0.0002997569692164779 0.020703319817755306 10.670482635498047
0.010092567869571578 0.01234645098087896 0.9998728382266171 31.9727783203125 0.0001438671004649391 0.9999237576719648 -0.012348532488876785 -0.6754632592201233 -0.999949038028717 0.0002684771990394616 0.010090021792454884 10.601720809936523
-0.008865015942042365 0.014291460457018818 0.9998585801904876 32.80622100830078 -0.00015418812009189778 0.9998978123598037 -0.014293387339975601 -0.7164828777313232 -0.999960720539093 -0.00028087741879241623 -0.008861906389018848 10.490979194641113
-0.026078907928634543 0.010314939602651677 0.9996066116986777 33.692527770996094 -0.0005394289053948093 0.9999464401343335 -0.010332520570343565 -0.7608081698417664 -0.9996597170829773 -0.0008086775627483417 -0.02607194728357931 10.366004943847656
-0.04051054554879374 0.0027523036606213087 0.9991752832887031 34.5423583984375 -0.0009071282579896506 0.9999956473437982 -0.002791341625846405 -0.8030716180801392 -0.9991787075996399 -0.0010194589511637667 -0.04050787431323699 10.242436408996582
-0.05457067690021966 -0.00727579073873626 0.9984834193726582 35.42455291748047 -0.0015158899968376396 0.9999729290844075 0.007203795301973993 -0.8335478901863098 -0.9985087513923645 -0.0011204750053501675 -0.05458022715678856 10.092268943786621
-0.06783289891078681 -0.009761292274059929 0.9976489215801935 36.303138732910156 -0.0020024661356807805 0.9999514485100687 0.009647666771314192 -0.856367826461792 -0.9976946711540222 -0.0013433290403580544 -0.06784915543337533 9.945680618286133
-0.08122594168232222 -0.010290557277787101 0.996642598001693 37.158660888671875 -0.0027168435226290755 0.9999452882880935 0.01010323608357265 -0.8814989924430847 -0.9966920018196106 -0.0018870771145070853 -0.08124945519058802 9.775676727294922
-0.09153023523165027 -0.0073691917990497124 0.9957750540327693 37.97065734863281 -0.0031169418063254073 0.9999698869578312 0.007113728953930955 -0.9001168608665466 -0.9957973957061768 -0.002452651486516161 -0.09155044367008491 9.6089506149292
-0.10055510491374742 -1.0847255380301568e-05 0.9949314955273824 38.77998352050781 -0.0029950853746613243 0.9999954705309294 -0.00029180252472079185 -0.915702223777771 -0.9949269890785217 -0.0030092469219917956 -0.10055467918288663 9.43939208984375
-0.11170148930329482 0.0010296769135220846 0.9937412605268391 39.59764099121094 -0.0031369606077861073 0.9999940948589038 -0.001388765451735597 -0.9282171130180359 -0.9937368631362915 -0.0032724543551104768 -0.11169759954060332 9.27328872680664
-0.12078192170095425 -0.000599938659284923 0.9926789028837011 40.41228103637695 -0.0035926694065917947 0.9999935528278795 0.00016722945535152522 -0.9397868514060974 -0.9926725625991821 -0.0035461687997060537 -0.12078329734934723 9.09928035736084
-0.1284935438586956 -0.0024119801509395015 0.991707404137089 41.22264099121094 -0.004305872874740491 0.9999889557814379 0.001874219427680325 -0.952039361000061 -0.9917010068893433 -0.004029340892056421 -0.1285025096986061 8.920565605163574
-0.13246767596434417 -0.0016784578628310232 0.9911858805680337 42.001888275146484 -0.0047189337272465215 0.9999883007330154 0.0010626971039305946 -0.9703810214996338 -0.9911760687828064 -0.004536567370458711 -0.1324740439261145 8.760371208190918
-0.13243168801871708 0.00019179579860462148 0.9911921540610193 42.80152130126953 -0.004844696195362985 0.9999879432320109 -0.0008407899474809077 -0.9896594882011414 -0.9911803007125854 -0.004913372025365514 -0.13242916039509556 8.60089111328125
-0.12872657011326893 -0.002147989804337183 0.9916777839077776 43.62784957885742 -0.004894794313011153 0.9999868334887243 0.0015306095747710871 -1.011682391166687 -0.9916680455207825 -0.004657028772635685 -0.12873539241847798 8.457324981689453
-0.12099641493894087 -0.0017121421191763145 0.9926514547367798 44.47313690185547 -0.004483683384712556 0.9999892392298102 0.001178272824402249 -1.033573031425476 -0.9926428198814392 -0.004308167969671595 -0.12100278746004278 8.342622756958008
-0.11153489189977783 -0.0009545095042251608 0.9937600104587729 45.32738494873047 -0.00399274604794278 0.9999918656717511 0.0005123671751477918 -1.0515114068984985 -0.9937524795532227 -0.003910684648480295 -0.1115377989356845 8.251816749572754
-0.10073626193126417 0.00018337540661502588 0.9949131830176167 46.18496322631836 -0.003517303343786138 0.9999936890118348 -0.000540442383397656 -1.0701863765716553 -0.9949069619178772 -0.0035538534351576 -0.10073497621758021 8.1893892288208
-0.091705460972765 0.0018252284872764951 0.9957845187589998 47.07379150390625 -0.0030419488351340895 0.9999931450784236 -0.002113086239125893 -1.0895029306411743 -0.9957815408706665 -0.0032229069413891587 -0.09169927544595957 8.145367622375488
-0.08538194231364127 0.005060889747586825 0.9963354308032812 47.97247314453125 -0.002518302342564699 0.9999828079896477 -0.005295225543236654 -1.1071035861968994 -0.9963451027870178 -0.0029611905853904608 -0.08536773229007721 8.116379737854004
-0.08233693683930632 0.00791209531843786 0.9965731672168032 48.89767837524414 -0.0021410090297460105 0.999964811489245 -0.00811591358810293 -1.1210869550704956 -0.9966022372245789 -0.0028019115669492 -0.08231709826617006 8.096693992614746
-0.08138567607314462 0.009283464127375567 0.9966394917815187 49.805442810058594 -0.001906491880802913 0.9999533894412183 -0.009470016841033296 -1.1319128274917603 -0.9966808557510376 -0.00267080871105152 -0.08136418040624926 8.0690336227417
-0.08117438727125048 0.008881935948881828 0.996660295695924 50.73945236206055 -0.0018749290296044552 0.9999571299042048 -0.009064022980208242 -1.14389169216156 -0.9966981410980225 -0.0026044339868163124 -0.08115425912066776 8.031357765197754
-0.08075492067740031 0.007764231565698419 0.9967037142444471 51.70491409301758 -0.0018870952189951884 0.9999666701677773 -0.007942547133845065 -1.154681921005249 -0.9967321753501892 -0.0025222746059828383 -0.08073757819128558 7.982019901275635
-0.08033221468924268 0.006348753289425198 0.9967479454759338 52.67417907714844 -0.0019444002778080949 0.9999768135710287 -0.006526026069369986 -1.1651909351348877 -0.9967662692070007 -0.0024623270009756226 -0.08031800401902212 7.921899318695068
-0.07978110492384882 0.003543931982357626 0.996806055714422 53.64917755126953 -0.002037710418493377 0.9999909663530766 -0.003718347315879382 -1.1738932132720947 -0.9968103170394897 -0.002327856029739228 -0.07977316569890958 7.850560665130615
-0.07939297367560716 0.003332143463786144 0.9968378460219531 54.64811325073242 -0.0020293943267146036 0.9999918387281294 -0.003504318072089063 -1.18296480178833 -0.996841311454773 -0.0023011952192251994 -0.0793855606456173 7.769334316253662
-0.07890605386701122 0.003075990358154944 0.9968773420675326 55.69746780395508 -0.0019782848945677084 0.9999927980568633 -0.003242190091373453 -1.1909537315368652 -0.9968801140785217 -0.002227935711589149 -0.07889939679416935 7.682332992553711
-0.07858688268764702 0.002243084044492808 0.9969047964246202 56.763877868652344 -0.0019823202411277108 0.9999951623557921 -0.0024063040969850673 -1.2001500129699707 -0.9969053268432617 -0.0021652885075487127 -0.07858205648543581 7.590822696685791
-0.07758914837000752 0.0018683993113427083 0.9969837375529812 57.901641845703125 -0.0019522883249264988 0.9999960908317292 -0.002025978217745656 -1.2107465267181396 -0.996983528137207 -0.00210359351662838 -0.07758519302265787 7.497353553771973
-0.07573197111930874 -3.077956070383567e-05 0.9971282394277791 59.045711517333984 -0.0019340010546339964 0.999998146631741 -0.00011601910189937975 -1.2210209369659424 -0.9971263408660889 -0.0019372334105101363 -0.07573188984122847 7.407264232635498
-0.07276355764914566 -0.0026996685479318897 0.997345585736692 60.18036651611328 -0.0019041380837698518 0.9999948973966625 0.0025679199193192823 -1.2312841415405273 -0.9973474144935608 -0.001712232796943755 -0.07276833003310035 7.324917793273926
-0.06937792003396481 -0.005549934736881899 0.9975749873381049 61.29765319824219 -0.0018804842393967125 0.9999834344256238 0.005432553673036241 -1.2387382984161377 -0.9975886940956116 -0.0014990248511404236 -0.06938721120849767 7.249585151672363
-0.06584591196354239 -0.006744204530387009 0.9978070140517556 62.46040725708008 -0.0018306888793757636 0.9999762927133271 0.006638058558497407 -1.2462921142578125 -0.9978281259536743 -0.00138958526495081 -0.06585670126801091 7.178939342498779
-0.06286779272240484 -0.007441449463128087 0.9979941460556464 63.62572479248047 -0.0018023597678887698 0.9999714478138131 0.00734265463544306 -1.252379298210144 -0.9980202317237854 -0.0013371279328783653 -0.06287940635602496 7.114223003387451
-0.060815101763267654 -0.007432888483414047 0.9981213478414164 64.8241195678711 -0.001794017122408488 0.9999714549921422 0.0073373568272980805 -1.258366584777832 -0.9981474280357361 -0.0013444246550110422 -0.06082669911637617 7.05222225189209
-0.06046002562228692 -0.005575596783497047 0.998155055067969 66.01730346679688 -0.0017931441512252858 0.9999834041268568 0.005477195608019427 -1.2686703205108643 -0.9981690049171448 -0.0014586845295596826 -0.060469020803274764 6.992863178253174
-0.061553592273387636 -0.0029202775935093517 0.9980995579820638 67.20126342773438 -0.0018268670727968894 0.9999944041284166 0.0028131584774794167 -1.2820990085601807 -0.9981021285057068 -0.0016502351460113834 -0.061558580476722025 6.926943778991699
-0.06409130425433585 -0.0014115371882633884 0.9979430767072979 68.33489990234375 -0.0018883580689285084 0.9999974004843327 0.0012931671035418396 -1.301045298576355 -0.9979422688484192 -0.0018015930036558436 -0.0640937998878428 6.856325626373291
-0.06741245589683942 -0.0035814092265747006 0.9977187451419645 69.4062271118164 -0.0020324665485486892 0.9999919757768571 0.0034522411497922775 -1.3180986642837524 -0.9977231025695801 -0.0017951058995024916 -0.06741919328491264 6.7785797119140625
-0.07081469479641855 -0.006353206707977985 0.9974693087302268 70.50664520263672 -0.0021208622882706724 0.9999784549113834 0.006218619813687352 -1.3366373777389526 -0.9974872469902039 -0.001675125321305454 -0.07082664103322767 6.686957836151123
-0.07460757197135148 -0.005430216364192615 0.9971981489135144 71.64300537109375 -0.00208324312150876 0.999983797466166 0.00528952343660951 -1.3549602031707764 -0.9972108006477356 -0.001682767769648541 -0.07461767939774244 6.587240695953369
-0.0780651270870436 -0.004998106940779103 0.9969357319446029 72.74134826660156 -0.002342437906282524 0.9999856005942261 0.004829972038389894 -1.3753587007522583 -0.9969455003738403 -0.001958207720832994 -0.07807571287198556 6.478016376495361
-0.08186189935628718 -0.0040704277609113736 0.9966353837262258 73.82618713378906 -0.002540323899411903 0.9999892782954751 0.003875467774500735 -1.3955981731414795 -0.9966404438018799 -0.002214523483358405 -0.0818713600873151 6.357536792755127
-0.08550424001890988 -0.002091327757863453 0.9963355978926435 74.80817413330078 -0.0026318555435012048 0.999994784641141 0.001873145003972669 -1.411851406097412 -0.9963343143463135 -0.0024620495246310825 -0.08550929809155505 6.243708610534668
-0.08858810995586763 -0.0010063372862405724 0.9960678200394931 75.76991271972656 -0.002698298314184902 0.9999960735580242 0.0007703236137245814 -1.4264593124389648 -0.9960646629333496 -0.0026194465798041328 -0.0885904766106651 6.129467010498047
-0.0923796764910243 -0.0033570283085628504 0.9957182234870193 76.71524810791016 -0.002921313075044063 0.999990971947727 0.003100402143704155 -1.4371130466461182 -0.9957195520401001 -0.002622390397568064 -0.09238864515952727 6.006224632263184
-0.09468964113989475 -0.010848497754865332 0.9954477414061239 77.69562530517578 -0.0029467994132274244 0.9999393149574868 0.010617139470395335 -1.4530889987945557 -0.9955024719238281 -0.0019280516004275966 -0.09471585865044974 5.882096767425537
-0.09537483899064991 -0.018973004836352864 0.9952606104340781 78.66554260253906 -0.002965052289504111 0.9998193197379857 0.018775771855739684 -1.4688011407852173 -0.9954370260238647 -0.0011602635853968646 -0.0954138668215272 5.765594959259033
-0.09676008632196087 -0.02219579027212735 0.9950601984868576 79.63270568847656 -0.0030722994939413883 0.9997532123159504 0.02200171970126997 -1.481000304222107 -0.9953029751777649 -0.0009282346722069845 -0.09680440189695716 5.647615432739258
-0.09770195752582733 -0.017207556550173107 0.9950669460314349 80.55482482910156 -0.0031035133992792507 0.9998509121062682 0.01698556285765336 -1.4867583513259888 -0.9952108860015869 -0.0014286808777987936 -0.09774079649344003 5.537351131439209
-0.09853619326123386 -0.011046101035888642 0.9950721072935103 81.50592803955078 -0.0032452558742103454 0.999936610671972 0.010778740768962423 -1.4930340051651 -0.9951281547546387 -0.00216716760629565 -0.09856579856124537 5.427208423614502
-0.09889718125853708 -0.014478548451401608 0.9949923423911625 82.44786834716797 -0.0037160912785955125 0.9998925632289501 0.01418049334602562 -1.5020012855529785 -0.9950907230377197 -0.0022950714423038143 -0.09894035524288824 5.313045024871826
-0.09899017358741524 -0.017623633333730095 0.9949322773651004 83.38594818115234 -0.00399816392939728 0.999842096394267 0.01731280591848379 -1.5121841430664062 -0.9950803518295288 -0.0022641047569383344 -0.09904500820547657 5.201245307922363
-0.0989128413986835 -0.020434379764349614 0.994886268320207 84.3017578125 -0.003895271404683487 0.9997894433239747 0.0201478138390056 -1.5203776359558105 -0.9950884580612183 -0.001882474434179368 -0.0989716077345344 5.097029685974121
-0.09802577180980876 -0.02471498887828564 0.9948769484500349 85.23526000976562 -0.0037763553742818923 0.9996936058649581 0.024462560773993128 -1.5331724882125854 -0.9951767325401306 -0.001359047551179271 -0.09808907278993573 4.995295524597168
-0.09685920011241089 -0.028121113991912597 0.9949007830998998 86.13237762451172 -0.003535500615767767 0.9996042121498014 0.027909857714628214 -1.5517385005950928 -0.9952918291091919 -0.0008141457939941643 -0.09692028142027453 4.897909164428711
-0.09653520721765574 -0.022464305995624857 0.9950760810123348 87.0842056274414 -0.0028291487759113942 0.9997474596505221 0.02229530154618875 -1.5693880319595337 -0.9953255653381348 -0.0006629366983829932 -0.09657437963616244 4.810835838317871
-0.09579217242785143 -0.017220478074283323 0.9952524436750811 88.06549072265625 -0.0021452293641701786 0.9998516357022416 0.017093580304411864 -1.580864429473877 -0.9953990578651428 -0.0004976135474247072 -0.09581489685425826 4.724917888641357
-0.09451954346937042 -0.01987503679176751 0.9953246072698613 89.02430725097656 -0.002289386958868281 0.9998024251936678 0.019747042350539767 -1.5855011940002441 -0.9955203533172607 -0.0004122017382959947 -0.09454636824041485 4.627879619598389
-0.09241524393387612 -0.020963353672199595 0.9954998878920137 90.01716613769531 -0.0024893198043381415 0.9997801016879703 0.02082239712070455 -1.587717890739441 -0.995717465877533 -0.0005538106677048793 -0.09244710492623875 4.533652305603027
-0.08760819921428853 -0.021198538894132462 0.9959294268529328 91.01021575927734 -0.002573413629811047 0.9997750265427674 0.021054019578215195 -1.590814471244812 -0.9961516857147217 -0.0007184335911144743 -0.08764303878929347 4.452064037322998
-0.08038281202255382 -0.024634762593825674 0.9964596538861843 91.95950317382812 -0.0026344577106433564 0.9996963363751795 0.02450226471891586 -1.5959858894348145 -0.9967606067657471 -0.000655569864861906 -0.08042330013123555 4.387547969818115
-0.07333567934155116 -0.02962017143369903 0.9968673807892525 92.92521667480469 -0.0027652146356824947 0.9995610705042283 0.029496783978846176 -1.6054080724716187 -0.9973034858703613 -0.0005933855863872114 -0.07338539710574032 4.331159591674805
-0.06399646819117422 -0.028386921677252024 0.9975462783762417 93.88859558105469 -0.0023480410383125427 0.9995968675833347 0.028294636808335487 -1.6228582859039307 -0.9979473352432251 -0.0005315227690783075 -0.064037322113073 4.296281337738037
-0.052847118190804565 -0.02936651824295746 0.9981707087305197 94.86591339111328 -0.0019006563757683614 0.9995686620523674 0.029307016412974847 -1.6408721208572388 -0.9986007809638977 -0.00034838815715940163 -0.05288013823104265 4.282989978790283
-0.04101267049998336 -0.03351562885387457 0.9985963389111888 95.83854675292969 -0.0015013417793338646 0.9994381880019534 0.03348222228543901 -1.6554096937179565 -0.9991574883460999 -0.00012603905527510968 -0.0410399478869945 4.289139747619629
-0.029744777812553358 -0.03406197317310651 0.9989769854890559 96.8274154663086 -0.0010890939171210728 0.9994196876752571 0.03404464178398574 -1.6729156970977783 -0.9995569586753845 -7.532945507885682e-05 -0.029764614191988725 4.318168640136719
-0.018414859506517778 -0.035700367717316196 0.9991928530502242 97.83514404296875 -0.0006873652424490354 0.9993625381448783 0.03569376176647482 -1.6880124807357788 -0.9998301863670349 -2.951482781701569e-05 -0.01842765887623865 4.367654800415039
-0.007304540641400736 -0.03665968844114252 0.9993011749314744 98.88554382324219 -0.00028276479144885916 0.9993278556836646 0.036658601529325756 -1.7016230821609497 -0.9999732971191406 -1.4792942796636567e-05 -0.007309996609962677 4.430109024047852
0.002419588704824227 -0.031945368666229185 0.9994866719279313 99.97740173339844 9.188984350518362e-05 0.9994895897328897 0.031945240294453364 -1.7228760719299316 -0.999997079372406 1.4548331773984666e-05 0.0024212892591121415 4.516842842102051
0.010640132417484127 -0.021387416834205464 0.9997146436965467 101.0361328125 0.00039035148815658866 0.9997712512345996 0.021384473290656215 -1.7461152076721191 -0.9999433159828186 0.00016270647201587635 0.010646047150083382 4.596993923187256
0.02014729466148779 -0.016538093872430663 0.9996602427419172 102.11113739013672 0.0007251315709763673 0.9998631825667411 0.016526836016083506 -1.7716319561004639 -0.9997967481613159 0.00039191416893909203 0.020156530542547735 4.706516265869141
0.031001592607951767 -0.01864551556014412 0.9993454224309132 103.1683349609375 0.001100075382898448 0.9998260122849129 0.018620357433899067 -1.8003368377685547 -0.9995187520980835 0.0005220945916751402 0.031016711896909577 4.818978786468506
0.04253649990624986 -0.021803004488991418 0.9988570067249358 104.20552825927734 0.0014793304971486565 0.9997621439402706 0.021759765087597818 -1.8348383903503418 -0.9990938305854797 0.0005520553965208397 0.04255863694623052 4.940911293029785
0.05361548597661425 -0.019662608554833125 0.9983680505539745 105.3041000366211 0.001827542035198304 0.999806345666612 0.019592792630073623 -1.8660188913345337 -0.9985600113868713 0.0007740824884665543 0.05364103790209995 5.075877666473389
0.06135238751419747 -0.012971148488881028 0.9980319200999725 106.369140625 0.0020653042645350783 0.9999150840623626 0.012868663467649734 -1.901165246963501 -0.9981140494346619 0.0012717163728752368 0.06137396805256046 5.2007246017456055
0.06759595960830289 -0.006418433033636081 0.9976921072604786 107.40773010253906 0.002271852541165381 0.9999777026848233 0.0062792121092651865 -1.9384664297103882 -0.9977101683616638 0.001842160063867851 0.06760903717202638 5.3253173828125
0.07287614658392005 -0.0009010947790812039 0.9973406098964122 108.44547271728516 0.0022795699049894813 0.99999712790282 0.0007369269977361426 -1.971301555633545 -0.9973384141921997 0.00221980330639783 0.07287799358352887 5.458860397338867
0.07804061479316005 -0.00023801727776866927 0.996950154329776 109.52826690673828 0.002395199858875402 0.9999971471743939 5.124912369681642e-05 -2.004642963409424 -0.9969472885131836 0.0023838952616460907 0.07804095917238918 5.604467868804932
0.08345363626617353 0.0008190018619584037 0.9965113241768765 110.64163208007812 0.002469943868812191 0.9999964219697556 -0.0010287136793331632 -2.0337610244750977 -0.9965085983276367 0.0025471768565170083 0.08345131228625213 5.752196788787842
0.09024535684106727 -0.001022454345339676 0.9959190501236733 111.68840026855469 0.0025117337416148966 0.999996567545821 0.0007990377419058482 -2.066685438156128 -0.9959163665771484 0.002429373936943008 0.09024761153257765 5.89542293548584
0.09670160436221575 -0.003479974178350484 0.9953073246394281 112.69009399414062 0.0025983671011435006 0.9999913708744671 0.003243899501723574 -2.0976688861846924 -0.9953100085258484 0.002272483454452051 0.09670980930202866 6.03405237197876
0.10294619498254454 -0.0031900597907494783 0.9946817906852001 113.71106719970703 0.002513031953479364 0.9999924888883351 0.002947001088323159 -2.127026319503784 -0.9946837425231934 0.0021962846896010912 0.10295344384187999 6.18270206451416
0.10908660045360552 0.005279655367099557 0.9940182604438118 114.73600769042969 0.001855808532123998 0.9999830843573118 -0.005514998591491672 -2.1488466262817383 -0.9940305352210999 0.0024463199361699772 0.10907495356484809 6.343454837799072
0.11520733801285132 0.014356060598979318 0.9932377500800641 115.77238464355469 0.0012326495103050505 0.9998927232213056 -0.014595226752849603 -2.1655681133270264 -0.9933407306671143 0.002905791171319172 0.1151772799046249 6.5089945793151855
0.12162150983824915 0.017281388915495233 0.992426085500384 116.84849548339844 0.0014631116954552104 0.9998442076520249 -0.01758986673314783 -2.180551290512085 -0.992575466632843 0.0035913364124622316 0.12157727922647865 6.6781415939331055
0.12761791599192307 0.018706001101527467 0.9916470411972887 117.82701110839844 0.0016718437382583495 0.9998166962689029 -0.019075264142682756 -2.1940362453460693 -0.9918220043182373 0.0040922241248528834 0.12756324252062967 6.837552070617676
0.13447112268374717 0.01847188164039842 0.9907453325255423 118.79322052001953 0.0016384117439895984 0.9998207558183543 -0.01886346545529579 -2.2089569568634033 -0.9909161329269409 0.004159840079942578 0.134416752201993 7.009355545043945
0.1407129054117897 0.014880512141945638 0.9899385900985778 119.72867584228516 0.0016580281103017736 0.9998820694598967 -0.015265657008280163 -2.2291388511657715 -0.9900490641593933 0.0037894211608275885 0.14067164619162398 7.181232452392578
0.1473281697111961 0.013013887742511235 0.9890020776074224 120.69363403320312 0.0017008984651598752 0.9999086480392191 -0.013410779710241698 -2.2497639656066895 -0.9890862107276917 0.003657977756316988 0.14729257614993774 7.3679280281066895
0.15315806403476273 0.016812089389635704 0.9880586625463529 121.70723724365234 0.0016879015453680202 0.999849357017144 -0.017274351686179995 -2.271073818206787 -0.9882002472877502 0.004313452137066465 0.15310661937833459 7.566595077514648
0.15907553818260922 0.01890199485878862 0.9870853996484474 122.7217788696289 0.0018388097868440312 0.9998092531158262 -0.019441984667331845 -2.2908074855804443 -0.9872646927833557 0.0049078066071823745 0.15901044236802164 7.769922733306885
0.1644796302680085 0.021594704685894202 0.9861440275558909 123.72846221923828 0.001624854030000955 0.9997529895458854 -0.02216372581245964 -2.313241481781006 -0.9863791465759277 0.005247821785384632 0.16440392201522158 7.979428291320801
0.17146610956650843 0.02168120537130789 0.984951436600777 124.76979064941406 0.0016629858871919923 0.99975004942972 -0.022296461825878505 -2.3313162326812744 -0.9851886034011841 0.00546104790170765 0.1713871958721942 8.20323657989502
0.17775784281571205 0.018025685959561007 0.9839091175353826 125.81536865234375 0.0022198014472919747 0.9998223216239059 -0.01871826429374936 -2.344299077987671 -0.9840717315673828 0.005511401161097135 0.1776862455141588 8.429824829101562
0.18465238290365882 0.014975913015016037 0.9826897804897129 126.837646484375 0.002948225422727241 0.9998709518215002 -0.015791735760019597 -2.3571481704711914 -0.9827994704246521 0.005813172595205418 0.18458440032159196 8.656577110290527
0.19185564156851953 0.013996698887041067 0.9813234008626134 127.87367248535156 0.0033125019893996688 0.999883394991206 -0.014909038154835162 -2.3793468475341797 -0.9814175963401794 0.006111018731051687 0.1917869040467739 8.898345947265625
0.19753960899326373 0.01758511218945691 0.9801371821463822 128.904296875 0.0027041724012697027 0.9998255147344303 -0.018483356239670606 -2.406388521194458 -0.9802911877632141 0.006301655054018529 0.19745759346070724 9.151211738586426
0.20248299343421827 0.019217663675517443 0.979097247277603 129.89712524414062 0.0022495985532678398 0.9997956955083365 -0.020089161273393358 -2.42738676071167 -0.9792832136154175 0.006270289007674401 0.20239838503711205 9.399620056152344
0.20655294838299199 0.016700283225098936 0.978292868537522 130.9112091064453 0.002693437114256847 0.999840824580585 -0.01763680720497488 -2.4420080184936523 -0.9784317016601562 0.006277904687076008 0.20647508374320012 9.649209022521973
0.21012087248782052 0.015233858159125067 0.977556698607537 131.89930725097656 0.003067818573924408 0.9998633683938136 -0.01624088835100041 -2.4548070430755615 -0.9776706099510193 0.006411516309433929 0.2100454313118938 9.890748023986816
0.21435318418313898 0.01544683681587804 0.9766340923051525 132.86647033691406 0.003308778319522032 0.9998577493913284 -0.01654036748905989 -2.46991229057312 -0.9767506122589111 0.006776945806517443 0.21427157130708707 10.133678436279297
0.21878121694374641 0.009098214055541388 0.9757314803600746 133.79649353027344 0.0044566508021845475 0.9999367644167474 -0.010323199862965211 -2.480772018432617 -0.975763738155365 0.006607016885954858 0.21872684033418022 10.367012977600098
0.2227633617821425 0.001949104249488888 0.9748706036750424 134.75209045410156 0.005727134115756982 0.9999781368057893 -0.0033079851779844877 -2.4898455142974854 -0.9748557209968567 0.006320112636645447 0.22274733026509352 10.60629653930664
