0.991149 0.00520775 0.132651 0.0116467 -0.00583095 0.999974 0.00431007 0.000424569 -0.132625 -0.0050454 0.991153 0.0553321
0.991149 0.00520775 0.132651 0.0116467 -0.00583095 0.999974 0.00431007 0.000424569 -0.132625 -0.0050454 0.991153 0.0553321
0.991149 0.00520775 0.132651 0.0116467 -0.00583095 0.999974 0.00431007 0.000424569 -0.132625 -0.0050454 0.991153 0.0553321
0.991149 0.00520775 0.132651 0.0116467 -0.00583095 0.999974 0.00431007 0.000424569 -0.132625 -0.0050454 0.991153 0.0553321
0.991149 0.00520775 0.132651 0.0116467 -0.00583095 0.999974 0.00431007 0.000424569 -0.132625 -0.0050454 0.991153 0.0553321
0.991149 0.00520775 0.132651 0.0116467 -0.00583095 0.999974 0.00431007 0.000424569 -0.132625 -0.0050454 0.991153 0.0553321
0.985206 0.00268253 0.171352 0.0166719 -0.00351647 0.999983 0.00456351 0.000726333 -0.171337 -0.00509856 0.985199 0.0687719
0.976893 0.0043764 0.213685 0.0231762 -0.00549655 0.999974 0.00464821 0.00140343 -0.213659 -0.00571533 0.976892 0.0846839
0.965115 0.00494955 0.261779 0.0292588 -0.00725626 0.999943 0.00784577 0.00110243 -0.261725 -0.00947161 0.965096 0.0997134
0.950991 0.0016246 0.309213 0.0371124 -0.00670318 0.99986 0.0153625 0.000190199 -0.309145 -0.0166824 0.950869 0.115359
0.934046 -0.00588494 0.357105 0.0457421 -0.00222393 0.999749 0.0222924 0.000806433 -0.357147 -0.0216163 0.933798 0.129321
0.912833 -0.0106381 0.408195 0.056024 -0.000252486 0.999646 0.0266167 0.000827368 -0.408333 -0.0243996 0.912507 0.14547
0.888018 -0.010409 0.459691 0.0684292 -0.00316506 0.999582 0.0287481 0.00200667 -0.459798 -0.0269838 0.887614 0.163475
0.861306 -0.011553 0.507955 0.0853653 -0.00563239 0.999463 0.0322823 0.00272334 -0.508055 -0.030666 0.860778 0.184196
0.830188 -0.0160715 0.557252 0.0998264 -0.00469161 0.999348 0.0358113 0.00331797 -0.557464 -0.0323446 0.829571 0.196351
0.794722 -0.0197073 0.606653 0.117451 -0.00484082 0.999235 0.038802 0.00358533 -0.606954 -0.0337735 0.794019 0.21431
0.75839 -0.0238975 0.651362 0.140348 -0.00357721 0.99916 0.0408226 0.00471702 -0.651791 -0.0332895 0.757668 0.234046
0.719425 -0.025859 0.694089 0.16172 -0.00262111 0.999198 0.039943 0.00687391 -0.694566 -0.0305553 0.71878 0.250404
0.677089 -0.0266579 0.735418 0.184202 -0.00452574 0.999174 0.0403855 0.00836611 -0.735887 -0.0306729 0.676409 0.267988
0.635054 -0.026284 0.772021 0.211762 -0.00952701 0.999078 0.0418512 0.0104149 -0.772409 -0.0339328 0.634218 0.287948
0.594688 -0.0263008 0.803527 0.241311 -0.0131134 0.999014 0.0424047 0.0116305 -0.80385 -0.0357545 0.593757 0.305234
0.554287 -0.0281145 0.831851 0.273174 -0.0160127 0.998884 0.0444295 0.0124908 -0.832172 -0.0379469 0.553218 0.323137
0.517567 -0.0299186 0.855119 0.311503 -0.0178381 0.998794 0.0457421 0.0144384 -0.855457 -0.0389282 0.516409 0.342508
0.477927 -0.0292194 0.877913 0.348614 -0.0227035 0.998702 0.0455991 0.014943 -0.878106 -0.0417248 0.476643 0.364928
0.442134 -0.0277036 0.896521 0.393933 -0.024057 0.998797 0.0427282 0.0182664 -0.896626 -0.0404592 0.440936 0.386181
0.409877 -0.0279761 0.911712 0.442206 -0.0213942 0.99896 0.0402715 0.0202853 -0.91189 -0.0360117 0.408852 0.405189
0.383111 -0.0263869 0.923326 0.489431 -0.0190216 0.999155 0.0364465 0.0222279 -0.923507 -0.0315262 0.382285 0.417987
0.358809 -0.0245215 0.933089 0.543791 -0.0179876 0.999288 0.0331782 0.025149 -0.933238 -0.0286886 0.358112 0.436929
0.340116 -0.024906 0.940054 0.60146 -0.0160281 0.99935 0.0322761 0.026474 -0.940247 -0.0260449 0.339496 0.454637
0.326421 -0.0255137 0.94488 0.662362 -0.0149213 0.999372 0.0321399 0.0293693 -0.945107 -0.0245899 0.325836 0.474836
0.315596 -0.0269264 0.948511 0.728085 -0.014025 0.999356 0.0330363 0.0325583 -0.94879 -0.023729 0.315015 0.496869
0.305013 -0.0293641 0.951896 0.795992 -0.0148553 0.999256 0.0355852 0.0343609 -0.952232 -0.0249946 0.304349 0.51875
0.295013 -0.0310027 0.95499 0.864624 -0.0166108 0.999156 0.0375678 0.037106 -0.955349 -0.0269462 0.294249 0.539498
0.285157 -0.0325935 0.957926 0.937876 -0.0167016 0.999101 0.0389662 0.040972 -0.958335 -0.0271104 0.284357 0.562055
0.275356 -0.0346459 0.960718 1.01349 -0.0180491 0.998988 0.0411991 0.0435343 -0.961173 -0.0286845 0.274452 0.585257
0.264945 -0.0349723 0.963629 1.09329 -0.0179191 0.998991 0.0411825 0.0494279 -0.964097 -0.0281785 0.264051 0.607334
0.254618 -0.0358443 0.966377 1.17555 -0.018067 0.998962 0.0418132 0.054138 -0.966873 -0.0281059 0.253706 0.629985
0.243947 -0.0380659 0.969041 1.25457 -0.0196732 0.998829 0.0441886 0.058287 -0.969589 -0.0298438 0.242913 0.651466
0.23359 -0.041694 0.971441 1.33964 -0.0204734 0.998648 0.0477847 0.0626609 -0.97212 -0.0310508 0.232421 0.66952
0.221874 -0.0449437 0.974039 1.42362 -0.0212146 0.998478 0.0509038 0.0676215 -0.974845 -0.0319581 0.220583 0.68916
0.209294 -0.0474371 0.976701 1.50962 -0.0212054 0.998368 0.0530334 0.0721677 -0.977623 -0.0318109 0.207946 0.707311
0.195873 -0.0474682 0.97948 1.59466 -0.0223763 0.998351 0.0528575 0.0769043 -0.980374 -0.0322705 0.194487 0.724777
0.182108 -0.0464858 0.982179 1.67933 -0.0233415 0.998396 0.0515811 0.0806729 -0.983001 -0.0323188 0.180731 0.740178
0.165953 -0.0451113 0.985101 1.76657 -0.0244657 0.998457 0.0498445 0.0851321 -0.98583 -0.032373 0.164593 0.75567
0.145817 -0.0443846 0.988316 1.85033 -0.0272046 0.998435 0.0488528 0.0871596 -0.988937 -0.0340103 0.144381 0.76838
0.120773 -0.0433193 0.991735 1.93987 -0.0315548 0.998375 0.0474521 0.0903097 -0.992179 -0.0370249 0.11921 0.780129
0.0908815 -0.0420471 0.994974 2.03152 -0.0345312 0.998374 0.0453449 0.0950142 -0.995263 -0.0384787 0.0892818 0.788685
0.0558841 -0.0413105 0.997582 2.13231 -0.038433 0.998314 0.0434938 0.0995639 -0.997697 -0.0407707 0.0542022 0.800216
0.0214426 -0.0408829 0.998934 2.22331 -0.0395693 0.998346 0.0417082 0.10232 -0.998987 -0.0404214 0.0197894 0.803036
-0.0116962 -0.0396578 0.999145 2.31468 -0.0407961 0.9984 0.0391507 0.105419 -0.999099 -0.0403033 -0.0132954 0.802404
-0.0441121 -0.037887 0.998308 2.40456 -0.04247 0.998448 0.0360157 0.108018 -0.998123 -0.0408094 -0.0456527 0.798205
-0.076718 -0.0353029 0.996428 2.49705 -0.0454505 0.998458 0.0318755 0.110769 -0.996016 -0.0428427 -0.0782043 0.792619
-0.108191 -0.0307847 0.993653 2.58779 -0.0429011 0.998734 0.0262709 0.113616 -0.993204 -0.0397865 -0.109374 0.782959
-0.139571 -0.0253438 0.989888 2.68151 -0.0373444 0.999096 0.0203142 0.115254 -0.989508 -0.0341315 -0.140391 0.769283
-0.169828 -0.0193116 0.985285 2.77334 -0.0310484 0.999416 0.014237 0.117296 -0.984985 -0.0281736 -0.170328 0.753565
-0.198058 -0.0137525 0.980094 2.86341 -0.023794 0.999674 0.00921893 0.117974 -0.979901 -0.0214944 -0.198321 0.733948
-0.225525 -0.00833478 0.974202 2.95372 -0.0149702 0.999875 0.00508888 0.118108 -0.974122 -0.0134363 -0.225622 0.71157
-0.251696 0.0016276 0.967805 3.04658 -0.0101075 0.99994 -0.00431028 0.118595 -0.967754 -0.010867 -0.251664 0.687872
-0.276198 0.017129 0.960948 3.13377 -0.00381209 0.999814 -0.0189175 0.116697 -0.961093 -0.00888819 -0.276081 0.661164
-0.300785 0.0337817 0.953094 3.22284 -0.00331346 0.999329 -0.0364662 0.114033 -0.953686 -0.0141265 -0.300471 0.632976
-0.326732 0.0478162 0.943907 3.30655 -0.00479619 0.998623 -0.0522482 0.11024 -0.945105 -0.0215983 -0.326053 0.607962
-0.350996 0.0579111 0.934585 3.38998 -0.000972453 0.998063 -0.0622097 0.105965 -0.936377 -0.0227442 -0.350259 0.575529
-0.37462 0.061612 0.925129 3.47327 0.00116489 0.99782 -0.0659814 0.100458 -0.927178 -0.0236403 -0.373875 0.542391
-0.397212 0.0610496 0.915694 3.55387 0.00440558 0.9979 -0.0646192 0.0949353 -0.917716 -0.0216334 -0.396647 0.507778
-0.417901 0.0565488 0.906731 3.6377 0.00703803 0.998232 -0.0590116 0.0901238 -0.908466 -0.0182794 -0.41756 0.470603
-0.435454 0.0545519 0.898556 3.71908 0.0146541 0.998459 -0.0535155 0.082883 -0.900092 -0.010136 -0.435583 0.429102
-0.449034 0.0551965 0.891808 3.80304 0.0182576 0.998449 -0.0526039 0.0773235 -0.893328 -0.00733863 -0.449345 0.386342
-0.460481 0.0591783 0.885695 3.88424 0.0218455 0.998229 -0.0553396 0.0718954 -0.887401 -0.0061344 -0.460958 0.345392
-0.470247 0.0613207 0.880402 3.96497 0.0222467 0.99809 -0.0576352 0.0652185 -0.882254 -0.00751672 -0.470713 0.303216
-0.481374 0.0607984 0.874404 4.04461 0.0162545 0.998039 -0.0604465 0.0597065 -0.876365 -0.0148843 -0.481418 0.261836
-0.492277 0.0598007 0.868382 4.14387 0.016963 0.998107 -0.0591181 0.0528327 -0.870273 -0.0143721 -0.49236 0.21362
-0.501681 0.06075 0.862917 4.22185 0.0179107 0.998047 -0.0598503 0.0483375 -0.864867 -0.0145704 -0.501789 0.170819
-0.508455 0.0638464 0.858718 4.30467 0.0217431 0.997881 -0.061319 0.0421372 -0.860814 -0.0125067 -0.508766 0.122008
-0.512013 0.0665359 0.856397 4.38939 0.0228882 0.997698 -0.0638299 0.0353374 -0.858673 -0.0130803 -0.512357 0.0739275
-0.511977 0.0688673 0.856234 4.47198 0.0229741 0.997522 -0.066494 0.0297191 -0.858692 -0.0143721 -0.51229 0.0278871
-0.508553 0.0690732 0.858255 4.56292 0.0240087 0.997527 -0.0660557 0.0240785 -0.860696 -0.0129873 -0.508954 -0.0250639
-0.501999 0.0683093 0.862166 4.66411 0.0231662 0.99758 -0.0655496 0.0162204 -0.864558 -0.0129327 -0.502367 -0.0803353
-0.494938 0.0672064 0.866326 4.75606 0.0212658 0.997643 -0.0652442 0.00978145 -0.868668 -0.0138687 -0.4952 -0.131705
-0.487676 0.066977 0.870452 4.86001 0.0198713 0.997646 -0.065631 0.00278962 -0.872798 -0.0147097 -0.487859 -0.187041
-0.481046 0.0657563 0.874226 4.95443 0.0179572 0.997713 -0.0651636 -0.00434151 -0.876512 -0.0156481 -0.481127 -0.237583
-0.47678 0.0635606 0.876722 5.05298 0.0123488 0.997768 -0.0656207 -0.0103763 -0.878936 -0.0204602 -0.476501 -0.290184
-0.475226 0.0606898 0.877768 5.15393 0.00898629 0.997901 -0.0641307 -0.0189987 -0.879818 -0.0225887 -0.474773 -0.342155
-0.475778 0.0581335 0.877642 5.25861 0.00517475 0.997981 -0.0632993 -0.0255696 -0.87955 -0.0255748 -0.475118 -0.395497
-0.476705 0.0571497 0.877204 5.3619 0.00408133 0.998018 -0.0628028 -0.0324158 -0.879054 -0.0263582 -0.475993 -0.449495
-0.477011 0.0568121 0.877059 5.4686 0.00397059 0.998038 -0.062489 -0.0395651 -0.878888 -0.0263255 -0.476301 -0.505202
-0.477755 0.0560996 0.8767 5.57124 0.00355662 0.998074 -0.061928 -0.0472237 -0.878486 -0.0264683 -0.477034 -0.559259
-0.477823 0.0555672 0.876697 5.67428 0.00463236 0.998143 -0.06074 -0.0527999 -0.878444 -0.0249618 -0.477193 -0.612656
-0.478609 0.055046 0.876301 5.77087 0.00368745 0.99815 -0.0606861 -0.0590925 -0.87802 -0.0258136 -0.477927 -0.661188
-0.478856 0.0529862 0.876293 5.87669 0.00200031 0.99824 -0.0592668 -0.0679788 -0.877891 -0.0266274 -0.478119 -0.718141
-0.478391 0.0527879 0.876559 5.98821 0.00159186 0.998242 -0.059247 -0.0758779 -0.878146 -0.0269479 -0.477634 -0.778837
-0.477936 0.0522427 0.876839 6.0921 0.00115547 0.998266 -0.0588476 -0.0829593 -0.878394 -0.0271122 -0.477168 -0.83327
-0.476514 0.0501751 0.877734 6.19746 0.000142148 0.998374 -0.0569943 -0.0914558 -0.879167 -0.0270339 -0.475747 -0.888782
-0.474243 0.0484508 0.87906 6.32653 0.000299649 0.998493 -0.0548719 -0.0985828 -0.880394 -0.0257592 -0.473543 -0.955443
-0.471636 0.047295 0.880524 6.43704 0.00111614 0.998592 -0.0530389 -0.10603 -0.881793 -0.0240322 -0.471024 -1.01235
-0.469008 0.0464547 0.881971 6.54438 0.00162883 0.99866 -0.0517347 -0.114256 -0.883192 -0.0228274 -0.468455 -1.0692
-0.466616 0.0473676 0.883191 6.65801 0.00227372 0.998626 -0.0523574 -0.119815 -0.884457 -0.0224227 -0.466082 -1.12824
-0.46539 0.0478971 0.883809 6.76801 0.00216051 0.998593 -0.05298 -0.126491 -0.885103 -0.0227469 -0.464839 -1.18664
-0.466618 0.0486337 0.883121 6.87561 -0.000346073 0.998477 -0.0551692 -0.134842 -0.884459 -0.0260486 -0.46589 -1.23978
-0.469404 0.0508581 0.881518 6.98032 -0.000923016 0.998311 -0.0580878 -0.141016 -0.882983 -0.0280803 -0.468564 -1.29448
-0.474521 0.0506879 0.878783 7.08365 -0.00221912 0.998269 -0.058778 -0.151478 -0.880241 -0.0298415 -0.473587 -1.3453
-0.480069 0.050036 0.875802 7.18964 -0.000612946 0.998353 -0.0573734 -0.156282 -0.87723 -0.02808 -0.479248 -1.40137
-0.48556 0.0476653 0.872903 7.29398 0.000856383 0.998538 -0.0540493 -0.163058 -0.874203 -0.0254967 -0.484891 -1.45632
-0.490357 0.0450721 0.870355 7.39606 -0.00189268 0.998604 -0.0527799 -0.171153 -0.87152 -0.0275283 -0.489587 -1.51365
-0.496222 0.047701 0.866884 7.5009 -0.00151909 0.99844 -0.0558095 -0.178937 -0.868194 -0.0290108 -0.495376 -1.56881
-0.500989 0.0492254 0.864053 7.60429 -0.000424962 0.998367 -0.0571237 -0.186913 -0.865454 -0.0289855 -0.50015 -1.62698
-0.505164 0.049939 0.861577 7.704 -0.00217721 0.998248 -0.0591372 -0.194077 -0.86302 -0.0317499 -0.50417 -1.68458
-0.508632 0.0495904 0.859554 7.80522 -0.00406364 0.998191 -0.0599934 -0.202668 -0.860974 -0.0340075 -0.50751 -1.74323
-0.512404 0.0500291 0.857286 7.90372 -0.00235133 0.998216 -0.0596588 -0.207232 -0.858741 -0.0325851 -0.511372 -1.79927
-0.514732 0.0428449 0.85628 8.00389 -0.000436918 0.998737 -0.0502355 -0.21603 -0.857351 -0.0262319 -0.514063 -1.85767
-0.516673 0.0339042 0.855511 8.10133 -0.00201645 0.999165 -0.0408151 -0.22121 -0.85618 -0.0228132 -0.516174 -1.91566
-0.518807 0.0326849 0.854266 8.19745 -0.00116688 0.999241 -0.0389404 -0.226931 -0.854891 -0.0211994 -0.518375 -1.96947
-0.519551 0.0379991 0.853594 8.29649 -0.000286441 0.999003 -0.0446466 -0.231329 -0.854439 -0.0234407 -0.519022 -2.02949
-0.521141 0.0438038 0.852346 8.39103 0.000510748 0.998698 -0.0510128 -0.237133 -0.853471 -0.0261495 -0.520484 -2.08521
-0.521255 0.0471743 0.852096 8.4962 0.00518155 0.998628 -0.0521169 -0.242872 -0.853385 -0.022751 -0.520784 -2.14802
-0.520313 0.0487692 0.852582 8.5892 0.00859553 0.998617 -0.051877 -0.248103 -0.853932 -0.0196639 -0.520013 -2.20739
-0.520612 0.045353 0.852588 8.68886 0.00786952 0.998801 -0.0483254 -0.255123 -0.853757 -0.0184493 -0.520344 -2.26396
-0.519381 0.0404413 0.853585 8.78349 0.00571527 0.999022 -0.0438542 -0.259928 -0.854524 -0.0178986 -0.519104 -2.32178
-0.518611 0.0335504 0.854352 8.88114 0.00233582 0.999282 -0.0378239 -0.265832 -0.855007 -0.0176203 -0.518317 -2.37879
-0.518639 0.0280809 0.854532 8.97394 -0.00684815 0.999292 -0.0369942 -0.270642 -0.854966 -0.0250386 -0.518079 -2.43021
-0.517271 0.0229511 0.855514 9.07928 -0.013899 0.999283 -0.0352118 -0.275776 -0.855709 -0.0301048 -0.516581 -2.49065
-0.516034 0.0234757 0.856246 9.17107 -0.0123915 0.999315 -0.0348663 -0.278515 -0.856478 -0.0286023 -0.51539 -2.54269
-0.512346 0.0267786 0.858362 9.27033 -0.00787641 0.999325 -0.0358776 -0.282999 -0.858743 -0.0251425 -0.511789 -2.60228
-0.50734 0.0300031 0.861224 9.36329 -0.00580458 0.999252 -0.0382312 -0.286892 -0.861727 -0.0243952 -0.506786 -2.65584
-0.498944 0.0323851 0.866029 9.45704 -0.000149486 0.999298 -0.0374548 -0.291122 -0.866634 -0.0188173 -0.498589 -2.71043
-0.490895 0.0352419 0.870506 9.55233 0.007065 0.99931 -0.0364724 -0.295595 -0.87119 -0.011754 -0.490805 -2.76403
-0.482185 0.0344679 0.875391 9.64649 0.00262382 0.999278 -0.0379006 -0.298343 -0.876065 -0.0159782 -0.481927 -2.8116
-0.472611 0.0323459 0.880677 9.73942 0.000693105 0.99934 -0.0363322 -0.302303 -0.881271 -0.0165606 -0.472321 -2.85595
-0.461084 0.0292608 0.886874 9.83702 0.000807916 0.99947 -0.0325557 -0.30626 -0.887356 -0.0142944 -0.460863 -2.90617
-0.450061 0.0286712 0.892537 9.93372 0.000981674 0.9995 -0.0316122 -0.310426 -0.892997 -0.0133512 -0.449864 -2.95365
-0.438565 0.0278179 0.898269 10.0379 0.00174536 0.999545 -0.0301021 -0.314169 -0.898698 -0.0116339 -0.438414 -3.00308
-0.427106 0.0290158 0.903736 10.1321 0.00396051 0.999535 -0.0302199 -0.318486 -0.904193 -0.00932783 -0.427023 -3.04516
-0.415106 0.0329811 0.909175 10.233 0.00378585 0.999397 -0.0345255 -0.322833 -0.909765 -0.0108897 -0.41498 -3.09015
-0.403436 0.0423077 0.914029 10.3311 0.00708236 0.999045 -0.0431168 -0.327338 -0.914981 -0.0109214 -0.40335 -3.13249
-0.39092 0.0464159 0.919253 10.4289 0.0059059 0.998834 -0.0479227 -0.331101 -0.920406 -0.0133049 -0.390738 -3.17208
-0.3794 0.0432139 0.924223 10.526 0.00466008 0.998985 -0.0447966 -0.336337 -0.925221 -0.0126889 -0.379216 -3.21059
-0.368123 0.0396115 0.928933 10.627 0.00362185 0.999146 -0.0411702 -0.341809 -0.92977 -0.0117912 -0.367952 -3.24842
-0.359084 0.0405041 0.932426 10.7255 -0.000392625 0.999051 -0.0435495 -0.346787 -0.933305 -0.016004 -0.358728 -3.28264
-0.352259 0.0449262 0.934824 10.8231 -0.00511642 0.99874 -0.0499258 -0.352099 -0.935889 -0.0223698 -0.351585 -3.31655
-0.347441 0.0499863 0.936368 10.9165 -0.0113938 0.998279 -0.057519 -0.357369 -0.937632 -0.0306533 -0.346274 -3.34812
-0.344601 0.0510808 0.937358 11.0158 -0.0170592 0.998013 -0.0606576 -0.363104 -0.938594 -0.0368932 -0.343045 -3.38078
-0.341493 0.0510464 0.938497 11.117 -0.0184144 0.997969 -0.0609817 -0.36971 -0.939704 -0.0381066 -0.339859 -3.4156
-0.336444 0.0519892 0.940267 11.219 -0.0181997 0.997929 -0.0616897 -0.375624 -0.941528 -0.0378677 -0.334801 -3.44982
-0.330757 0.0475404 0.942518 11.3092 -0.0206487 0.998127 -0.0575916 -0.382101 -0.94349 -0.0385106 -0.329156 -3.48107
-0.325148 0.0446303 0.944609 11.4048 -0.0193022 0.998364 -0.0538142 -0.38713 -0.945466 -0.0357306 -0.323755 -3.51223
-0.31966 0.0413764 0.946628 11.4998 -0.0208162 0.998498 -0.0506729 -0.393673 -0.947304 -0.0359034 -0.318319 -3.54231
-0.314135 0.0393897 0.948561 11.5983 -0.0298135 0.998237 -0.0513258 -0.40033 -0.94891 -0.0444031 -0.312407 -3.57132
-0.307745 0.0403769 0.950612 11.6959 -0.0365042 0.997863 -0.0542015 -0.405728 -0.950768 -0.0513816 -0.305613 -3.59975
-0.301388 0.0444129 0.952467 11.7932 -0.0343893 0.997758 -0.0574066 -0.411426 -0.952881 -0.0500563 -0.299185 -3.62829
-0.293539 0.0476599 0.954758 11.8881 -0.0325886 0.997677 -0.0598216 -0.41689 -0.955391 -0.0486742 -0.291304 -3.65848
-0.287517 0.0460461 0.956668 11.986 -0.033209 0.997764 -0.0580048 -0.421961 -0.9572 -0.0484474 -0.285345 -3.68448
-0.280651 0.0410281 0.958933 12.076 -0.0350969 0.997979 -0.0529706 -0.427497 -0.959168 -0.0485218 -0.278644 -3.70947
-0.273252 0.0391071 0.961147 12.1754 -0.0356019 0.998078 -0.0507312 -0.432406 -0.961283 -0.0480811 -0.271334 -3.73544
-0.266915 0.0426459 0.962776 12.2779 -0.0369791 0.997832 -0.0544505 -0.437527 -0.96301 -0.0501362 -0.264759 -3.7609
-0.261218 0.0443756 0.964259 12.3719 -0.0387686 0.997654 -0.0564149 -0.443674 -0.964501 -0.0521196 -0.258885 -3.78301
-0.254542 0.0456768 0.965982 12.4733 -0.0398421 0.99754 -0.0576677 -0.448971 -0.966241 -0.0531657 -0.252097 -3.80618
-0.248004 0.0446475 0.96773 12.5725 -0.042679 0.997464 -0.0569569 -0.456031 -0.967818 -0.0554273 -0.245469 -3.82804
-0.239934 0.0435271 0.969813 12.6677 -0.0400604 0.997699 -0.0546897 -0.462161 -0.969962 -0.051973 -0.237638 -3.85034
-0.231256 0.0453236 0.971837 12.7764 -0.0331762 0.997966 -0.0544367 -0.469186 -0.972327 -0.0448307 -0.229282 -3.87835
-0.225493 0.0453312 0.973189 12.8817 -0.0350544 0.997893 -0.0546042 -0.475084 -0.973614 -0.0464274 -0.223429 -3.8991
-0.218244 0.0445686 0.974876 12.9832 -0.039824 0.997718 -0.0545282 -0.481319 -0.975081 -0.0507239 -0.215971 -3.92088
-0.212598 0.0430903 0.976189 13.0839 -0.0437001 0.997608 -0.0535529 -0.485574 -0.976162 -0.0540448 -0.210206 -3.93926
-0.207273 0.0438676 0.977299 13.1886 -0.0402974 0.997763 -0.0533327 -0.491083 -0.977453 -0.050437 -0.205042 -3.96088
-0.202777 0.0439427 0.978238 13.2914 -0.0393606 0.997819 -0.0529812 -0.496644 -0.978433 -0.0492474 -0.200605 -3.98138
-0.198689 0.0449032 0.979033 13.3946 -0.0380371 0.997844 -0.0534854 -0.503532 -0.979324 -0.0478666 -0.196553 -3.9986
-0.192572 0.0441595 0.980289 13.5176 -0.0315785 0.998191 -0.0511693 -0.509212 -0.980775 -0.0408098 -0.190829 -4.02478
-0.187064 0.0424108 0.981432 13.6163 -0.0257304 0.998513 -0.0480532 -0.514611 -0.982011 -0.0342416 -0.185694 -4.04346
-0.181987 0.0410259 0.982445 13.7194 -0.0233377 0.998668 -0.0460264 -0.520056 -0.983024 -0.0313042 -0.180788 -4.06052
-0.177378 0.043062 0.9832 13.8207 -0.0251364 0.998518 -0.0482678 -0.524906 -0.983822 -0.0332757 -0.176032 -4.07934
-0.173938 0.0454323 0.983708 13.9229 -0.0256471 0.998387 -0.0506452 -0.52932 -0.984423 -0.0340383 -0.172492 -4.09528
-0.171574 0.0445398 0.984164 14.0212 -0.0286537 0.998329 -0.0501763 -0.535069 -0.984754 -0.0368089 -0.170011 -4.11136
-0.171359 0.0435475 0.984246 14.1207 -0.0291669 0.998361 -0.04925 -0.540445 -0.984777 -0.0371469 -0.169808 -4.12559
-0.170754 0.039331 0.984528 14.2177 -0.0281542 0.9986 -0.0447762 -0.544133 -0.984911 -0.0353643 -0.169408 -4.14008
-0.169936 0.0342047 0.984861 14.32 -0.0300124 0.998754 -0.0398658 -0.548818 -0.984998 -0.0363327 -0.168697 -4.1556
-0.168533 0.0322307 0.985169 14.4121 -0.028676 0.998882 -0.0375849 -0.55432 -0.985279 -0.034585 -0.167421 -4.17208
-0.167487 0.0366409 0.985193 14.5085 -0.0300936 0.998653 -0.0422576 -0.558391 -0.985415 -0.0367256 -0.166159 -4.18704
-0.167656 0.0400991 0.98503 14.5975 -0.0305368 0.998482 -0.0458442 -0.562026 -0.985372 -0.0377657 -0.166177 -4.19991
-0.167934 0.0394677 0.985008 14.6959 -0.034427 0.998354 -0.0458719 -0.566621 -0.985197 -0.0416143 -0.166299 -4.21422
-0.16699 0.0383208 0.985214 14.7902 -0.0363672 0.998325 -0.0449949 -0.571695 -0.985288 -0.0433431 -0.165317 -4.22883
-0.167166 0.0384298 0.985179 14.8851 -0.0329997 0.998462 -0.0445473 -0.576532 -0.985376 -0.0399574 -0.165641 -4.2419
-0.166539 0.041101 0.985178 14.9815 -0.0361038 0.998207 -0.0477478 -0.580161 -0.985374 -0.0435205 -0.164757 -4.25699
-0.167177 0.0424172 0.985014 15.0763 -0.0448566 0.997712 -0.0505771 -0.585526 -0.984906 -0.0526397 -0.164892 -4.26873
-0.166445 0.0441293 0.985063 15.1685 -0.0492518 0.997379 -0.0530031 -0.590875 -0.98482 -0.0573382 -0.163835 -4.2829
-0.166135 0.0473011 0.984968 15.2605 -0.046007 0.997389 -0.0556577 -0.596456 -0.985029 -0.0545622 -0.163526 -4.29721
-0.166006 0.0478762 0.984962 15.3469 -0.0446412 0.997432 -0.0560062 -0.60191 -0.985114 -0.0532672 -0.163443 -4.30871
-0.165395 0.0483579 0.985041 15.4394 -0.0493053 0.997143 -0.0572307 -0.606673 -0.984994 -0.0580334 -0.162538 -4.32111
-0.162691 0.0476441 0.985526 15.5306 -0.0390798 0.997739 -0.0546858 -0.611936 -0.985903 -0.0474111 -0.160461 -4.33532
-0.159154 0.0438328 0.98628 15.6172 -0.0323906 0.998244 -0.0495914 -0.618169 -0.986722 -0.0398388 -0.157455 -4.35009
-0.15829 0.0386227 0.986637 15.7137 -0.0317851 0.998518 -0.0441872 -0.623492 -0.986881 -0.0383547 -0.156828 -4.36169
-0.15493 0.0376246 0.987209 15.7994 -0.0319925 0.998559 -0.043078 -0.629433 -0.987407 -0.0382573 -0.153504 -4.37282
-0.151052 0.0435653 0.987565 15.9008 -0.0297951 0.998374 -0.0485994 -0.633908 -0.988077 -0.0367657 -0.149508 -4.38418
-0.143747 0.0467646 0.988509 15.9944 -0.0278266 0.998297 -0.0512741 -0.638167 -0.989223 -0.0348774 -0.142201 -4.39761
-0.137649 0.0481535 0.98931 16.0995 -0.0322749 0.998069 -0.0530705 -0.640411 -0.989955 -0.039235 -0.135829 -4.4059
-0.126366 0.0443188 0.990993 16.1923 -0.026878 0.998482 -0.048081 -0.646348 -0.991619 -0.0327117 -0.124983 -4.42039
-0.113624 0.0430013 0.992593 16.2827 -0.021592 0.99872 -0.0457385 -0.651817 -0.993289 -0.0266291 -0.112551 -4.43105
-0.0997506 0.0452971 0.993981 16.372 -0.0166817 0.998747 -0.0471884 -0.65606 -0.994873 -0.0212884 -0.0988699 -4.43967
-0.085459 0.046661 0.995248 16.4662 -0.0166344 0.998697 -0.048251 -0.660736 -0.996203 -0.0206789 -0.0845714 -4.44654
-0.0716034 0.0464353 0.996352 16.5578 -0.0146966 0.998758 -0.0476036 -0.665491 -0.997325 -0.0180515 -0.0708321 -4.4526
-0.0584354 0.0485182 0.997111 16.6478 -0.0145511 0.998671 -0.0494468 -0.669813 -0.998185 -0.0173985 -0.0576517 -4.45679
-0.0449792 0.0549939 0.997473 16.7447 -0.0160885 0.998314 -0.0557657 -0.675541 -0.998858 -0.0185561 -0.0440186 -4.45945
-0.0331594 0.0634316 0.997435 16.8309 -0.0264955 0.997577 -0.0643215 -0.681144 -0.999099 -0.0285604 -0.0313984 -4.45848
-0.0205136 0.0720977 0.997187 16.9172 -0.0328446 0.99681 -0.0727461 -0.685513 -0.99925 -0.0342445 -0.0180801 -4.4574
-0.00833314 0.0729869 0.997298 17.0008 -0.0337121 0.996745 -0.0732281 -0.69088 -0.999397 -0.0342312 -0.00584548 -4.45478
0.00433334 0.0692213 0.997592 17.0845 -0.0372821 0.996919 -0.0690126 -0.697251 -0.999295 -0.0368933 0.0069007 -4.45367
0.0150561 0.0661492 0.997696 17.1651 -0.0405151 0.99703 -0.0654936 -0.704731 -0.999065 -0.0394357 0.0176914 -4.45065
0.024757 0.0729128 0.997031 17.2441 -0.0428972 0.996496 -0.0718085 -0.710035 -0.998773 -0.0409921 0.027798 -4.44844
0.030608 0.0806115 0.996276 17.3222 -0.0479692 0.995713 -0.0790922 -0.715733 -0.99838 -0.0453697 0.0343437 -4.44268
0.0344665 0.0836618 0.995898 17.4018 -0.0500652 0.995383 -0.0818859 -0.721495 -0.998151 -0.0470375 0.0384959 -4.43997
0.0343564 0.0795122 0.996242 17.4828 -0.053031 0.995571 -0.0776298 -0.727797 -0.998002 -0.0501646 0.0384208 -4.43542
0.0320048 0.0744579 0.99671 17.5628 -0.0552452 0.995829 -0.0726181 -0.734872 -0.99796 -0.0527393 0.0359847 -4.43006
0.0281823 0.0720649 0.997002 17.6467 -0.0555012 0.995972 -0.0704216 -0.740415 -0.998061 -0.0533502 0.0320684 -4.42472
0.0251976 0.0723945 0.997058 17.7273 -0.0533306 0.996051 -0.0709736 -0.746055 -0.998259 -0.0513854 0.0289589 -4.42152
0.0230925 0.0723483 0.997112 17.8017 -0.0498073 0.996223 -0.0711303 -0.751405 -0.998492 -0.0480209 0.0266088 -4.42114
0.0186822 0.0708941 0.997309 17.8777 -0.05096 0.996254 -0.0698645 -0.757161 -0.998526 -0.0495177 0.022225 -4.41841
0.0137333 0.071026 0.99738 17.9542 -0.0513774 0.996207 -0.070235 -0.762488 -0.998585 -0.0502783 0.0173304 -4.41685
0.00843375 0.0691174 0.997573 18.0391 -0.0526004 0.996258 -0.0685816 -0.76875 -0.99858 -0.0518943 0.0120378 -4.41558
0.00210014 0.0664516 0.997787 18.1165 -0.0509307 0.996502 -0.0662588 -0.774482 -0.9987 -0.0506789 0.00547722 -4.41393
-0.00290328 0.0656895 0.997836 18.1922 -0.0527112 0.996443 -0.0657511 -0.780464 -0.998606 -0.052788 0.00056962 -4.41323
-0.00764251 0.0675074 0.997689 18.266 -0.0533692 0.996269 -0.0678201 -0.784627 -0.998546 -0.0537642 -0.00401118 -4.41386
-0.0107904 0.0701503 0.997478 18.3429 -0.0533387 0.996076 -0.0706286 -0.789534 -0.998518 -0.0539663 -0.0070063 -4.41498
-0.0144139 0.0719223 0.997306 18.4113 -0.0536041 0.99592 -0.072597 -0.79532 -0.998458 -0.0545061 -0.0104998 -4.41325
-0.0166352 0.0740098 0.997119 18.4979 -0.0516138 0.995864 -0.0747777 -0.800142 -0.998529 -0.052709 -0.0127465 -4.41229
-0.0160603 0.0717667 0.997292 18.5675 -0.048783 0.996177 -0.072472 -0.805573 -0.99868 -0.0498148 -0.0124979 -4.41255
-0.0115406 0.0675773 0.997647 18.644 -0.0455469 0.996643 -0.0680361 -0.811503 -0.998896 -0.0462249 -0.00842388 -4.41293
-0.00378323 0.0671566 0.997735 18.7174 -0.0445643 0.99674 -0.0672585 -0.817127 -0.998999 -0.0447178 -0.000778113 -4.41256
0.00699482 0.0680616 0.997657 18.7872 -0.0428519 0.996785 -0.0677017 -0.821608 -0.999057 -0.0422779 0.0098889 -4.41038
0.0210854 0.0679096 0.997469 18.8592 -0.0392492 0.996978 -0.0670465 -0.826321 -0.999007 -0.0377361 0.023687 -4.40736
0.0360973 0.0661719 0.997155 18.9309 -0.0413195 0.997051 -0.0646692 -0.83072 -0.998494 -0.0388675 0.038725 -4.40403
0.0512969 0.0615105 0.996787 19.0032 -0.045911 0.997191 -0.0591728 -0.835447 -0.997628 -0.0427281 0.0539768 -4.39686
0.0660341 0.0549957 0.996301 19.0727 -0.047779 0.997509 -0.0518957 -0.839753 -0.996673 -0.0441753 0.0684973 -4.39001
0.0824764 0.0477479 0.995449 19.1415 -0.0480781 0.997879 -0.043881 -0.843257 -0.995433 -0.0442402 0.0845971 -4.38279
0.099381 0.0400418 0.994243 19.2107 -0.0488354 0.998182 -0.035319 -0.846588 -0.99385 -0.0450442 0.101156 -4.37316
0.115633 0.0347449 0.992684 19.2791 -0.051261 0.998265 -0.0289691 -0.849294 -0.991968 -0.0475362 0.117214 -4.36287
0.133123 0.0327422 0.990559 19.3474 -0.0523959 0.998289 -0.0259561 -0.85172 -0.989714 -0.0484459 0.134611 -4.35124
0.151434 0.0312125 0.987974 19.4128 -0.0505477 0.998438 -0.0237952 -0.853742 -0.987174 -0.0463364 0.152776 -4.34152
0.168133 0.0308998 0.98528 19.4776 -0.0512032 0.998433 -0.0225747 -0.854973 -0.984434 -0.0466539 0.169452 -4.32832
0.184548 0.029477 0.982381 19.541 -0.0547299 0.998307 -0.0196735 -0.856671 -0.981298 -0.050135 0.185849 -4.31588
0.199044 0.0253876 0.979662 19.6034 -0.0549716 0.99838 -0.0147037 -0.857607 -0.978447 -0.0509268 0.200117 -4.3012
0.211534 0.0209906 0.977145 19.6668 -0.0498896 0.998698 -0.0106534 -0.858283 -0.976097 -0.0464959 0.212305 -4.28788
0.22215 0.0197247 0.974813 19.7276 -0.0475141 0.998827 -0.00938266 -0.859148 -0.973854 -0.044233 0.222827 -4.27156
0.232777 0.0231597 0.972254 19.7948 -0.051671 0.998599 -0.0114161 -0.861759 -0.971156 -0.0475799 0.233648 -4.25637
0.240332 0.0307076 0.970205 19.8471 -0.0564265 0.998251 -0.0176177 -0.862491 -0.969049 -0.0505112 0.241644 -4.23885
0.249581 0.0398092 0.967535 19.9068 -0.055648 0.998093 -0.0267118 -0.863893 -0.966754 -0.0471746 0.251321 -4.22275
0.257908 0.0455181 0.965097 19.9664 -0.0510288 0.998137 -0.0334397 -0.864741 -0.964821 -0.0406233 0.259751 -4.2064
0.264226 0.0429483 0.963504 20.0248 -0.0499478 0.998277 -0.0308009 -0.866535 -0.963167 -0.0399865 0.265916 -4.18899
0.27024 0.0359778 0.962121 20.083 -0.0528073 0.998351 -0.0225001 -0.867311 -0.961344 -0.0447266 0.271694 -4.17049
0.27403 0.0258225 0.961374 20.1607 -0.0578799 0.99827 -0.0103155 -0.870344 -0.959978 -0.0528175 0.27505 -4.14885
0.276636 0.0180748 0.960805 20.2227 -0.0576128 0.998337 -0.00219294 -0.871418 -0.959246 -0.054748 0.277217 -4.13015
0.277928 0.0172489 0.960447 20.2834 -0.0537294 0.998553 -0.00238542 -0.871998 -0.959098 -0.0509413 0.278452 -4.11211
0.278886 0.0190513 0.960135 20.3428 -0.0502743 0.998722 -0.00521401 -0.87212 -0.959007 -0.0468161 0.279487 -4.09433
0.281035 0.0193079 0.959503 20.4041 -0.0481629 0.998821 -0.00599233 -0.871342 -0.958488 -0.0445285 0.281633 -4.07561
0.282768 0.0172929 0.959032 20.464 -0.0500117 0.998743 -0.00326312 -0.871147 -0.957884 -0.0470401 0.283278 -4.05672
0.285709 0.0142067 0.958211 20.522 -0.050883 0.998705 0.000364737 -0.871145 -0.956964 -0.0488609 0.286062 -4.0369
0.288279 0.0100786 0.957493 20.5833 -0.051107 0.998681 0.00487503 -0.870614 -0.956182 -0.05034 0.288414 -4.01684
0.293103 0.00662528 0.956058 20.6427 -0.0489604 0.998768 0.00808876 -0.870977 -0.954826 -0.0491798 0.293067 -3.99819
0.299471 0.00434888 0.954095 20.7042 -0.0470795 0.998839 0.0102245 -0.870075 -0.952943 -0.0479802 0.299328 -3.97818
0.306949 0.00149293 0.951725 20.7629 -0.0457837 0.998864 0.0131992 -0.869124 -0.950624 -0.0476249 0.306669 -3.95744
0.316924 -0.000592101 0.948451 20.8245 -0.042812 0.998972 0.0149292 -0.868377 -0.947484 -0.0453365 0.316572 -3.93622
0.327918 0.00135777 0.944705 20.8817 -0.0441373 0.998929 0.0138849 -0.868087 -0.943675 -0.0462498 0.327627 -3.91627
0.33918 0.0048091 0.940709 20.9417 -0.0450195 0.998924 0.0111254 -0.867354 -0.939644 -0.0461238 0.339032 -3.89285
0.350287 0.00802779 0.936608 20.9987 -0.0462748 0.99889 0.00874492 -0.8666 -0.935499 -0.0464045 0.35027 -3.86895
0.360187 0.00860492 0.932841 21.0903 -0.0460813 0.998901 0.00857856 -0.866539 -0.931741 -0.0460764 0.360187 -3.83507
0.371717 0.0050738 0.928332 21.1522 -0.0445954 0.998928 0.012397 -0.865609 -0.927274 -0.0460076 0.371545 -3.81007
0.383176 0.0042777 0.923665 21.2117 -0.0454349 0.998866 0.0142224 -0.864188 -0.922557 -0.0474164 0.382936 -3.783
0.393308 0.00374685 0.919399 21.2737 -0.0467288 0.998781 0.0159196 -0.862577 -0.918219 -0.0492237 0.393003 -3.75478
0.40236 0.00284304 0.915477 21.3365 -0.0508736 0.998519 0.0192585 -0.861598 -0.914067 -0.0543225 0.401909 -3.72483
0.409226 0.00453276 0.912422 21.4 -0.0546634 0.998313 0.0195574 -0.859614 -0.910794 -0.0578795 0.408783 -3.69471
0.413196 0.00130622 0.910641 21.4632 -0.0542912 0.998256 0.0232023 -0.858663 -0.909023 -0.0590269 0.412546 -3.66449
0.414279 -0.0021495 0.910147 21.5309 -0.0520113 0.998307 0.0260321 -0.856769 -0.908663 -0.0581225 0.413466 -3.63171
0.414385 -0.00128954 0.910101 21.5924 -0.0478685 0.998584 0.0232103 -0.854487 -0.908842 -0.0531832 0.413737 -3.60438
0.413249 -0.00118037 0.910617 21.6553 -0.0463583 0.998675 0.0223325 -0.852953 -0.909437 -0.0514435 0.412647 -3.57467
0.412479 0.000170136 0.910967 21.7214 -0.0429138 0.998893 0.0192445 -0.850141 -0.909956 -0.047031 0.41203 -3.54376
0.412524 -0.00161074 0.910945 21.7849 -0.0400122 0.999001 0.0198861 -0.848173 -0.910068 -0.0446524 0.412048 -3.51577
0.411148 -0.00795599 0.911534 21.853 -0.036573 0.999013 0.0252158 -0.847243 -0.910835 -0.043705 0.410451 -3.48371
0.410687 -0.0109277 0.911711 21.9192 -0.0359448 0.998957 0.028165 -0.845222 -0.911068 -0.0443383 0.409865 -3.45401
0.409082 -0.01308 0.912404 21.9881 -0.0352635 0.998924 0.030131 -0.843322 -0.911816 -0.0445006 0.40818 -3.42259
0.407117 -0.0123373 0.913293 22.0513 -0.0369173 0.998869 0.0299499 -0.840366 -0.91263 -0.0459095 0.406201 -3.39218
0.404951 -0.0115654 0.914265 22.1184 -0.0398596 0.998746 0.0302888 -0.837928 -0.913469 -0.0487077 0.403982 -3.36157
0.403713 -0.0113545 0.914815 22.1817 -0.0394459 0.998777 0.0298044 -0.836839 -0.914035 -0.0481181 0.402772 -3.33305
0.402128 -0.00807175 0.915548 22.2474 -0.0385819 0.998924 0.0257528 -0.835378 -0.91477 -0.0456795 0.401384 -3.30358
0.401792 -0.00254486 0.915728 22.3113 -0.0387181 0.999055 0.0197647 -0.833596 -0.914912 -0.0433966 0.401313 -3.27487
0.400582 0.00104906 0.91626 22.3775 -0.0414504 0.998996 0.016978 -0.831275 -0.915323 -0.0447805 0.400223 -3.24544
0.399096 -0.00138201 0.916908 22.4447 -0.0434632 0.998846 0.0204234 -0.830021 -0.915879 -0.0480027 0.398575 -3.21486
0.397791 -0.00407148 0.917467 22.5103 -0.0456478 0.998664 0.0242236 -0.828718 -0.91634 -0.0515163 0.397074 -3.18668
0.394699 -0.00323934 0.918805 22.5752 -0.0492283 0.998483 0.0246677 -0.827487 -0.917491 -0.0549676 0.39394 -3.15587
0.390403 -0.00353487 0.920637 22.6423 -0.0510039 0.998374 0.0254619 -0.825897 -0.91923 -0.0568965 0.389588 -3.12736
0.384554 -0.00469922 0.923091 22.7076 -0.0518538 0.998298 0.026684 -0.825023 -0.921645 -0.0581272 0.383656 -3.10005
0.376569 -0.00499292 0.926375 22.7731 -0.0528904 0.998239 0.0268801 -0.825638 -0.924877 -0.0591185 0.375642 -3.07622
0.367821 -0.00390083 0.929888 22.8376 -0.0499478 0.998465 0.0239456 -0.824293 -0.928554 -0.0552535 0.367062 -3.0527
0.357476 -0.00113181 0.933922 22.9054 -0.0500223 0.998541 0.0203571 -0.822404 -0.932582 -0.0539941 0.356898 -3.02437
0.347338 -0.000883886 0.93774 22.9821 -0.0518337 0.998453 0.0201403 -0.819734 -0.936306 -0.055602 0.346755 -2.99697
0.336264 -0.00896396 0.941725 23.0522 -0.0473048 0.998532 0.0263959 -0.818227 -0.940579 -0.0534241 0.335347 -2.96924
0.327669 -0.0170163 0.944639 23.125 -0.0433371 0.998515 0.0330192 -0.81597 -0.943798 -0.0517573 0.326445 -2.94384
0.319524 -0.0216173 0.947332 23.191 -0.044865 0.998273 0.0379122 -0.813868 -0.946516 -0.0546158 0.318002 -2.91726
0.31478 -0.0219889 0.94891 23.26 -0.0510043 0.997895 0.0400436 -0.811253 -0.947793 -0.0610034 0.312996 -2.89153
0.311914 -0.0240613 0.949805 23.3289 -0.0499862 0.997879 0.0416946 -0.808317 -0.948794 -0.0604823 0.31005 -2.86745
0.310197 -0.025313 0.950335 23.3997 -0.0498265 0.997839 0.0428421 -0.806078 -0.949366 -0.0606414 0.308265 -2.84338
0.309695 -0.0231149 0.950555 23.4665 -0.0498537 0.997935 0.0405096 -0.803172 -0.949528 -0.0599343 0.307903 -2.82022
0.30927 -0.0208104 0.950747 23.5364 -0.0539801 0.997764 0.0393989 -0.800331 -0.949441 -0.0635063 0.307455 -2.7962
0.311446 -0.0211485 0.950029 23.6108 -0.0527612 0.997825 0.039509 -0.79633 -0.948798 -0.0624296 0.309653 -2.77535
0.311869 -0.0213949 0.949884 23.6838 -0.0563725 0.997569 0.0409773 -0.793168 -0.948451 -0.0663269 0.309905 -2.74564
0.312763 -0.0230623 0.949551 23.7522 -0.0549732 0.99759 0.0423361 -0.790222 -0.948239 -0.065441 0.310741 -2.72147
0.314886 -0.0238843 0.948829 23.8231 -0.0521776 0.997736 0.0424315 -0.787815 -0.947694 -0.0628688 0.312927 -2.69754
0.318034 -0.0257795 0.947729 23.8914 -0.0497115 0.997802 0.0438234 -0.783868 -0.946775 -0.0610504 0.316053 -2.67384
0.323154 -0.0272192 0.945955 23.9738 -0.050837 0.997644 0.0460733 -0.780989 -0.94498 -0.0629783 0.321009 -2.64558
0.326973 -0.0321808 0.944485 24.0414 -0.0516094 0.997321 0.0518477 -0.778442 -0.943623 -0.0656972 0.324436 -2.61933
0.332373 -0.0351985 0.942491 24.1124 -0.0539252 0.996959 0.0562497 -0.774676 -0.941605 -0.0695199 0.329465 -2.59352
0.336456 -0.0357038 0.941022 24.1802 -0.0541532 0.996894 0.0571858 -0.771539 -0.940141 -0.0701998 0.333477 -2.56761
0.341245 -0.0305904 0.939476 24.2515 -0.0595257 0.996761 0.0540771 -0.767585 -0.938088 -0.0743766 0.338319 -2.54096
0.345593 -0.0243084 0.93807 24.324 -0.0649571 0.996647 0.0497571 -0.762796 -0.936134 -0.07813 0.342855 -2.51245
0.349904 -0.0213186 0.936543 24.3967 -0.0677412 0.996548 0.0479935 -0.758433 -0.934333 -0.0802356 0.347252 -2.48304
0.354062 -0.0207769 0.934991 24.4655 -0.0703389 0.99633 0.0487758 -0.755151 -0.932573 -0.0830359 0.351301 -2.45601
0.357669 -0.018208 0.933671 24.5377 -0.0722307 0.996275 0.0470989 -0.751676 -0.931051 -0.0842855 0.355021 -2.4263
0.361289 -0.015818 0.93232 24.6025 -0.0710125 0.996486 0.0444251 -0.748221 -0.929746 -0.0822566 0.358896 -2.40071
0.365329 -0.0149536 0.930758 24.691 -0.0722972 0.996395 0.0443853 -0.743888 -0.928067 -0.0835065 0.362931 -2.36425
0.369284 -0.0165238 0.929169 24.7536 -0.0726755 0.996266 0.0466008 -0.741475 -0.92647 -0.0847368 0.366705 -2.33822
0.374308 -0.016947 0.92715 24.8257 -0.0692473 0.99653 0.0461716 -0.73855 -0.924715 -0.081485 0.371836 -2.30922
0.3784 -0.0165175 0.925495 24.8909 -0.067324 0.996702 0.0453146 -0.735003 -0.923191 -0.079455 0.37604 -2.28079
0.382143 -0.0145054 0.923989 24.9597 -0.0679004 0.996733 0.0437296 -0.731857 -0.921605 -0.0794502 0.37991 -2.25043
0.385965 -0.0145083 0.922399 25.0268 -0.0730915 0.996252 0.046254 -0.728598 -0.919613 -0.085272 0.383458 -2.22003
0.390627 -0.0149889 0.920427 25.0973 -0.0749011 0.996035 0.0480081 -0.725049 -0.917497 -0.0876943 0.387955 -2.18905
0.394592 -0.0125095 0.918771 25.1657 -0.0728148 0.996337 0.0448379 -0.722128 -0.915967 -0.0845929 0.392235 -2.15881
0.397866 -0.00553623 0.917427 25.2298 -0.0737944 0.996549 0.0380166 -0.719791 -0.914471 -0.0828265 0.396085 -2.12821
0.400608 0.0012429 0.916249 25.2954 -0.0796742 0.996258 0.0334842 -0.716529 -0.912779 -0.0864155 0.399208 -2.09738
0.402692 0.000693472 0.915335 25.383 -0.0858112 0.995624 0.0369973 -0.712909 -0.911305 -0.0934445 0.400989 -2.05581
0.40522 -0.00976975 0.914167 25.4486 -0.0852344 0.995184 0.0484171 -0.710277 -0.910237 -0.097538 0.402436 -2.02466
0.406952 -0.0215538 0.913195 25.5183 -0.0822463 0.994796 0.0601317 -0.705896 -0.909739 -0.0995777 0.403062 -1.99258
0.408605 -0.0287994 0.912257 25.5891 -0.0833723 0.994146 0.0687275 -0.701584 -0.908896 -0.104139 0.403812 -1.96065
0.410646 -0.0308788 0.911272 25.6576 -0.0850175 0.993776 0.0719859 -0.697834 -0.907823 -0.107035 0.405465 -1.92764
0.411716 -0.0263629 0.910931 25.7158 -0.085758 0.994025 0.0675279 -0.69363 -0.907268 -0.105922 0.406995 -1.89147
0.418126 -0.0210743 0.908145 25.8042 -0.0825856 0.994709 0.0611069 -0.687651 -0.904627 -0.10055 0.414173 -1.85991
0.422791 -0.0171841 0.906064 25.872 -0.0816366 0.995033 0.056965 -0.683067 -0.902543 -0.0980523 0.419288 -1.82891
0.426565 -0.0151891 0.904329 25.939 -0.0808486 0.995216 0.0548512 -0.679297 -0.900836 -0.0965114 0.423296 -1.79558
0.430366 -0.0131 0.902559 26.0072 -0.0802806 0.995377 0.0527273 -0.675059 -0.899077 -0.0951501 0.427325 -1.7615
0.434102 -0.0143025 0.90075 26.0738 -0.0792032 0.995396 0.053976 -0.67059 -0.897375 -0.0947734 0.43097 -1.72845
0.437942 -0.0194124 0.898794 26.1433 -0.0767586 0.995309 0.058898 -0.66585 -0.89572 -0.0947841 0.434397 -1.69553
0.441274 -0.0257919 0.897002 26.2117 -0.0746042 0.995072 0.0653128 -0.661807 -0.894266 -0.095741 0.437176 -1.66188
0.443693 -0.0306313 0.895655 26.2796 -0.0737514 0.994778 0.0705565 -0.656449 -0.893139 -0.0973612 0.439116 -1.62763
0.445898 -0.0361555 0.894353 26.3497 -0.071295 0.994575 0.0757527 -0.650594 -0.89224 -0.097541 0.440901 -1.59234
0.447694 -0.0423853 0.893182 26.4199 -0.0698651 0.994164 0.0821962 -0.644427 -0.891453 -0.099201 0.44212 -1.5575
0.449043 -0.0434276 0.892454 26.4873 -0.0700788 0.99403 0.0836309 -0.639331 -0.890758 -0.100096 0.443319 -1.522
0.450338 -0.031014 0.892319 26.5545 -0.0794897 0.994035 0.0746664 -0.633982 -0.889313 -0.104555 0.445187 -1.48521
0.451001 -0.0183605 0.892335 26.6189 -0.0811722 0.994801 0.0614946 -0.629076 -0.888825 -0.100167 0.447166 -1.451
0.452085 -0.0110981 0.891906 26.6876 -0.0804314 0.995342 0.0531539 -0.623598 -0.888341 -0.0957673 0.449087 -1.416
