1 0 0 0 0 1 0 0 0 0 1 0
0.9998570702785783 0.0012015780837751609 0.0168640215858202 0.004663662159481926 -0.0011968946200968614 0.9999992423042027 -0.00028780946689119377 0.005688030314996006 -0.016864354633569636 0.00026758387365500284 0.9998577508534222 0.2216152169657673
0.9992636124284219 0.003882142481771718 0.03817278934335692 0.015462257835418384 -0.003929146953021164 0.9999916122169067 0.0011564169031073085 0.006796404237255493 -0.03816797978309364 -0.001305551831009067 0.9992704843302912 0.4764182375207142
0.9978681648587839 0.005814374676609121 0.06500245078828429 0.0407159027171009 -0.006070467030548355 0.9999745696661765 0.0037429201136024194 0.00582487745984765 -0.06497903501433627 -0.004129536059388598 0.9978780847080172 0.7390517159440606
0.9950256010150987 0.006041667174399101 0.0994361683810075 0.08665405908185204 -0.006793895424720385 0.9999507979017848 0.007228053717484244 0.0027749186827201316 -0.09938760641800491 -0.007867657423824628 0.9950176901227245 1.0133347134848139
0.9902973438120355 0.0037568459614245025 0.13891384721204064 0.15522237528107852 -0.005245756569689949 0.9999326396755925 0.010353653916094517 0.000402778351438884 -0.13886559284732702 -0.010981904198490947 0.9902503445610794 1.2992767143150472
0.9834952959948471 0.000790672590971779 0.18093196951579021 0.24394356857028773 -0.0030293978032027748 0.9999222360794544 0.012097294855262147 0.002593661071191626 -0.18090833453702157 -0.012445747495393273 0.9834212108066018 1.5994561823160867
0.9738040134873784 -0.00025274989853377216 0.22738882873475444 0.3551085569118545 -0.0031465913375051816 0.9998886552956978 0.014586842493073038 0.004193012024764157 -0.2273671970158172 -0.014920225482604986 0.9736947902668064 1.9184431034395408
0.9609772625935941 -0.0003340009472188174 0.27662716645602775 0.4894114707503719 -0.005101332262121998 0.9998078213198107 0.01892873046156269 0.006435026528522538 -0.27658032682617734 -0.019601246672146008 0.9607908794017684 2.2436884855135957
0.9457572122350897 -0.002382801155626779 0.32486553797527534 0.6409078042305216 -0.0065054518671002065 0.9996336926650005 0.026270888544950615 0.00920600714632151 -0.32480913564941055 -0.026959279433789 0.945395273232892 2.5696014760208916
0.9280179284480471 -0.006899146548415433 0.3724716449018632 0.8127170640969056 -0.006077970891721178 0.9994150245970463 0.0336551166916039 0.014427453023620349 -0.3724859497334572 -0.03349642348952456 0.9274331279745055 2.8828131332735962
0.9068704929146911 -0.011149009638899011 0.42126192406237944 0.9870400687790382 -0.005412829929438127 0.9992593248515604 0.03809859537252206 0.02303426505262751 -0.4213746674312794 -0.036830711115533966 0.9061384487846785 3.1314864641188884
0.8820173597966013 -0.01254650554236337 0.4710498510944554 1.1748336684387763 -0.008148510766510164 0.9990898953910001 0.04186863623153799 0.035016002963942625 -0.4711464515304358 -0.040767218770431636 0.8811123963967383 3.3835030773715524
0.8539199669103013 -0.014095130031847891 0.5202134344875151 1.3774469430205445 -0.01143294310219146 0.9988837530581381 0.04583160141770153 0.04831110545918528 -0.5202787502137032 -0.04508409016354115 0.8528056325389705 3.6337911998153043
0.8212632275170814 -0.017522799224355 0.5702803368831604 1.6010673149516597 -0.012884707395863995 0.9987037580647801 0.049242135845325226 0.0640278978076855 -0.5704039756554568 -0.047788650688520604 0.8199728955409568 3.8797969563115307
0.784573457055041 -0.021851788544820547 0.6196506998479839 1.8466272257509866 -0.01281143873351843 0.9985940952283434 0.05143636857968644 0.08014481841953344 -0.6199035066220235 -0.0482942264922061 0.7831904686378914 4.115667748432035
0.7461508302538206 -0.025065504465663073 0.6653049368503274 2.1233371168918445 -0.013867659773746831 0.9984891193682521 0.05317110602210645 0.09770659734024845 -0.6656325011024747 -0.04889988741394307 0.7446758855280391 4.3558935524878155
0.7065656410651552 -0.028078886336441365 0.7070902141935593 2.41659296021872 -0.014035565665299277 0.998459841315352 0.0536744648504216 0.11693358050550849 -0.7075083022570433 -0.047848943798471474 0.7050833148038098 4.583158087615245
0.6644489457210978 -0.0297391794896746 0.7467417088481162 2.7203723765309586 -0.016072919326875105 0.998408132408119 0.05406350345330666 0.13510499944820448 -0.7471607991553328 -0.04792475711586713 0.6629132355451587 4.7983186774836355
0.6198588760857684 -0.030031552178997018 0.7841384314082623 3.0383037161415865 -0.020947397690590033 0.9982780560682261 0.05479169008743812 0.15186439623307163 -0.7844336684944637 -0.05038877500362341 0.618162430988776 5.001358671099624
0.5760669966300385 -0.030875090321940746 0.8168191624779997 3.340741967004589 -0.024314073561594464 0.9981969527335145 0.054878678741097905 0.16799038178066483 -0.8170407830827603 -0.05147399684441904 0.5742776213891427 5.1685239870507065
0.5338511890483155 -0.032134820833461634 0.8449676095813983 3.68085150171337 -0.02652700076273604 0.9981492949228069 0.05472022729885308 0.1856491032445343 -0.8451622484364966 -0.051626914832339776 0.532010747525518 5.341826108202223
0.49340003876351324 -0.034185707416021935 0.8691304500226823 4.028824571857158 -0.028529924836286268 0.9980536134532155 0.05545293555633798 0.20435713051917798 -0.8693344840376457 -0.05215670696512252 0.49146437590282616 5.498973674507287
0.4537689543175912 -0.03438179801754878 0.8904558540784612 4.386569278712321 -0.03162980070802794 0.998004328418079 0.0546526867221621 0.22203699220640627 -0.8905578542715187 -0.052964633708360895 0.451775891091422 5.643492553214957
0.4139721965367619 -0.03381289712605437 0.909661315261055 4.780972168116271 -0.033586192322312046 0.998062097637547 0.05238336515182146 0.2402203164352075 -0.9096697137861731 -0.052237316616411886 0.4120343123732525 5.787728000760051
0.37646009406938974 -0.03241296624688539 0.925865647484745 5.2013962707247945 -0.03351663257420712 0.9982570217254353 0.04857523974980294 0.26018461679753935 -0.9258263513824573 -0.04931853804548049 0.37471755882384833 5.9220599540179375
0.3431843886476263 -0.030275416304171868 0.9387799926266888 5.627719288114315 -0.032087470353590004 0.9985190894497379 0.043932018514692986 0.2805977987285197 -0.938719803580847 -0.04519985809797338 0.3417047017426892 6.041629969689166
0.3146275630049338 -0.02799800028500482 0.9488021967605361 6.067617663994293 -0.03113491157038577 0.9987226485396277 0.039795584874417644 0.30089637398340424 -0.9487044396855546 -0.04206166038132103 0.3133539577648339 6.1550700552552415
0.2910635869598135 -0.02740873776999251 0.9563110108327436 6.538405472623613 -0.029292652546640163 0.9988655536294158 0.03754392466676206 0.3223389343250784 -0.9562551588634017 -0.038940555548906554 0.2899305162977385 6.272187703291571
0.2724090154990718 -0.02810058789744295 0.961771118943923 7.029764872855216 -0.027907852514947158 0.9989221393766661 0.03709058143450624 0.34383499961711433 -0.9617767308699204 -0.03694477531348467 0.2713311694851982 6.393652748384415
0.256875936570602 -0.029614646508518513 0.9659905413217839 7.563324359444645 -0.026832242315177342 0.9989265456369322 0.03775959737877317 0.36584062141559337 -0.9660718316891952 -0.03561922422011661 0.2558055646045274 6.525727567000939
0.24242306817110043 -0.031709720923051354 0.9696522828403454 8.134026852258133 -0.027654164148030427 0.9988337406665795 0.03957784369168159 0.38588455457941373 -0.9697764191935091 -0.036409505695513 0.24126343417771434 6.665629235506115
0.2290144613937659 -0.033669036829482725 0.9728405688659881 8.706600375383992 -0.028738331083228263 0.9987321514513166 0.041330351849176265 0.4055728384130737 -0.9729987075012357 -0.0374230626272208 0.22775651381360032 6.798772378085037
0.21639141585700541 -0.035754419630382214 0.975651770162027 9.308099349461541 -0.029292234240142653 0.9986415266647539 0.04309369134702052 0.42849965747332025 -0.9758671631716187 -0.03790412507348243 0.21505012705365303 6.92991485534949
0.20427851529498114 -0.03788083106207719 0.9781796004962107 9.934465412024277 -0.0296610114957567 0.9985526726877055 0.04486406429750435 0.45395772325617434 -0.9784633424844941 -0.03817856082002552 0.2028592736548777 7.057696172724446
0.192184757646765 -0.039682098082713724 0.9805561432268983 10.604001583713545 -0.029262853079278277 0.9985060967782458 0.046143906708629875 0.4815599996675046 -0.9809223742773513 -0.0375620258829054 0.19073644081207153 7.183327072582126
0.18071660738187847 -0.041338184853650005 0.9826660990842163 11.312171576295993 -0.02885231183928256 0.9984635300199821 0.047308808075945286 0.5112566016284225 -0.9831119223760406 -0.03690167601943435 0.1792462395394772 7.30767004113465
0.16982648530972924 -0.04413902605323206 0.9844849979895162 12.044244393383464 -0.029247619068570187 0.9983306215967658 0.04980508770232594 0.5438944159965954 -0.98503986805924 -0.03725206519494825 0.16825201922279248 7.429936511830103
0.15872540930069806 -0.04782985227801247 0.9861635511787029 12.810670510145677 -0.03015736764720257 0.9981249875301313 0.053263894380410536 0.5794794341059772 -0.986862086422879 -0.0381944302096468 0.15698537473931398 7.551324873606692
0.14825471748070942 -0.05161643146699637 0.987601277210256 13.572701306468765 -0.03048473639256696 0.9979239150099753 0.05673218397206938 0.6148830976722904 -0.9884792459084769 -0.03851757850355986 0.14637341478025012 7.663152694692246
0.1367238609940302 -0.05398905477904148 0.9891368802137308 14.366904725662259 -0.03109616220521326 0.9977877269552418 0.05875951526008862 0.6529479914994702 -0.9901210100442231 -0.03879218866678168 0.13474253807706177 7.770432131549073
0.1244825280384003 -0.05478325956617178 0.9907082793055059 15.160281252031648 -0.03143004755163358 0.9977558432896785 0.059122155679629015 0.6910767699694442 -0.9917238790732386 -0.03849768373044918 0.12248132928458609 7.8678002604498065
0.11075838923834876 -0.05387691808203731 0.9923859415123281 15.961446179610222 -0.03234216298628797 0.9978052742682597 0.057780785178231826 0.7285864259538413 -0.9933209771804354 -0.038495614560960525 0.10877280888567235 7.954190539959163
0.09506346002322362 -0.052684588806483905 0.9940760899803931 16.782530607619524 -0.03219808486052412 0.9979133087627623 0.05596705750235281 0.7667218539411604 -0.9949503615255022 -0.037327768436499036 0.09316874907297795 8.029433382254565
0.07617614634631444 -0.05118434530909463 0.9957797736061452 17.626399767696878 -0.03364074339397097 0.9979810710375436 0.05387097766571122 0.8020165802193842 -0.9965267157039623 -0.03760245531927305 0.07430047269187519 8.093672253330702
0.05256335485231974 -0.04973037649020068 0.9973785557053116 18.52114022251371 -0.03709040716992376 0.9979728895560823 0.05171473104497629 0.8340887214451621 -0.9979285522634564 -0.03971147649266983 0.05061228321399543 8.143666252368003
0.025327417726593495 -0.04907823752213605 0.9984737595515594 19.404042658271617 -0.04021333809866566 0.9979357181137088 0.05007184789720247 0.8620297939830598 -0.9988700663000494 -0.041420153483527525 0.023301535038189044 8.170106551320751
-0.00542911009984681 -0.04863874555333546 0.9988016806125847 20.31500342133574 -0.0427026917239447 0.9979165543291016 0.04836352670624111 0.886321156225076 -0.9990730728445512 -0.04238894934925198 -0.007494804201116501 8.170243762565006
-0.03948973444777652 -0.047664515910748856 0.9980824889738522 21.241938478161643 -0.044104053524244735 0.9979713014220668 0.04591420260310805 0.9062537697467132 -0.9982461586883142 -0.042206343847136014 -0.041511820040594755 8.137641474936366
-0.07370048885295616 -0.046008106500139395 0.9962185965334659 22.19152158522235 -0.044638162545399054 0.9980863075981672 0.0427920206303653 0.9258618097190137 -0.9962809204172315 -0.04131557480334645 -0.0756131661237866 8.07231418759234
-0.10511629033215883 -0.043549479430707 0.9935059176210888 23.12864123239597 -0.04566706779511832 0.9981981194623609 0.03892342766002013 0.943220190386508 -0.9934108336563486 -0.04127901577222002 -0.10691566036402511 7.980047325988586
-0.13630628539099893 -0.04009538420047185 0.9898550180348259 24.09717513409298 -0.047099871418237134 0.9983130028426226 0.03395217913084886 0.9567394444017795 -0.9895464610998783 -0.04199414865388128 -0.13796482451531905 7.853593845161383
-0.1666921951896642 -0.03518753588295993 0.9853809158804213 25.106484055208117 -0.04408087068978249 0.9986297754233211 0.028203696162024366 0.965716173302736 -0.9850231413028231 -0.038735112707394125 -0.16801488666622394 7.682078468870767
-0.19636868492121345 -0.028948877194773067 0.9801026997674663 26.12945488750897 -0.03864102677280375 0.9990160811845585 0.02176558256955677 0.9678923648412165 -0.9797684474569777 -0.03359809583608395 -0.19729408841608215 7.470681929729359
-0.2254051310601667 -0.02231846859404312 0.9740094521365626 27.18542366403352 -0.032713128209809574 0.9993472297112945 0.015328591295068849 0.9623483312685532 -0.9737157583886982 -0.028407752955477043 -0.22598810021225266 7.2176881193301154
-0.25398283054151344 -0.015959537723101613 0.9670770470576722 28.208176797445308 -0.026768870698201472 0.9995968307282694 0.009465915673858039 0.9513574316069245 -0.9668382229471815 -0.02348338037137161 -0.2543076512704049 6.937163171275962
-0.28021135379227796 -0.009235528836176022 0.9598939015396526 29.222131255205213 -0.01872050753492445 0.9998161233647987 0.0041547632209899795 0.9351953526863499 -0.9597557709144205 -0.016805489189661165 -0.2803327232585642 6.6234505937729775
-0.30404445190941765 0.0025613358464226725 0.9526544026150224 30.20061307941524 -0.011091611676119347 0.999919088587205 -0.006228356874949918 0.908827677259394 -0.9525932749151277 -0.012460170047691734 -0.30399144190068056 6.283903441555388
-0.327775420511822 0.018205799207358687 0.9445802361808768 31.159763412669626 -0.005932205265958103 0.9997549380367757 -0.021327747461166564 0.8711944219348842 -0.944737044181597 -0.01259415524384602 -0.32758709468584585 5.917954804647998
-0.35132504362253636 0.0364680308949425 0.9355430489540663 32.206530856541136 -0.0004330457122146258 0.9992346847006139 -0.0391133910915212 0.8206527978278958 -0.9362534519001969 -0.01414664673739583 -0.3510403768671825 5.487128454969407
-0.3745002271953145 0.053951953286448404 0.925655857523322 33.16275770572911 0.0034652076405444284 0.9983802031139362 -0.05678875210977725 0.7453627074618739 -0.9272203471487593 -0.018059810817245524 -0.37408056761422376 5.07338341940364
-0.391953585442212 0.06830150421986325 0.9174460700119111 33.91220600083382 0.00991570483843121 0.9974959678934597 -0.07002480156237186 0.6741126996944193 -0.9199315548759874 -0.018349347606834328 -0.39164937863585597 4.722256068064324
-0.41009870549730937 0.074223886711583 0.9090158779641085 34.6772970417731 0.013937421773456365 0.9970766054337252 -0.07512650112357509 0.5967855627575721 -0.9119346467942424 -0.018139943169365867 -0.40993431478478665 4.3603638414499795
-0.42943925068064526 0.07436496810332104 0.9000287670368314 35.43207508534263 0.017700945574145796 0.9971055780390117 -0.07394012962709147 0.5234139821962739 -0.902922259389271 -0.015821433641803537 -0.42951260253558476 3.984483870422473
-0.4461524793625191 0.07005743269229883 0.8922106933248681 36.173865615274046 0.02096772997313442 0.997475993692768 -0.06783801520092173 0.454670170008154 -0.8947113050914521 -0.01155846578014471 -0.4464953330219239 3.595355082450515
-0.46040925848647113 0.0686081826099491 0.8850515419900122 36.92803846797432 0.027751464072759028 0.9976339893635687 -0.06289896269693533 0.3879795214935463 -0.8872728841465601 -0.00439778870478851 -0.4612239027985779 3.1813118771850064
-0.473263735956185 0.06959398165807382 0.8781674748849286 37.72292075126702 0.03127692087361854 0.9975734521879756 -0.06220097837198343 0.31685136973903005 -0.8803653732680877 -0.0019710927786935396 -0.47429202433078943 2.740600490475647
-0.48372009395715804 0.0744471114876734 0.8720507429577833 38.48912015381477 0.036284687734512065 0.9972249438865056 -0.06500640527337713 0.24566202945314713 -0.8744702923130591 0.00019718443021721893 -0.4850790337462685 2.302477887353347
-0.4917761694215299 0.0780651792173636 0.8672150984518487 39.210129107237144 0.0376329180809051 0.9969477527581583 -0.06840279049261218 0.1812878823932454 -0.8699080196582869 -0.0010030275276378957 -0.4932129674592674 1.8839488286276658
-0.500504982371725 0.0782626275269752 0.862188914190884 39.95196912523921 0.033170748744464955 0.9969078182324271 -0.07123554853298772 0.11460299926776096 -0.8650979505517341 -0.007054295119854411 -0.5015533599444344 1.4534330762388898
-0.5101057456767948 0.07683423325652013 0.8566729999407044 40.702746725929444 0.032061504180698586 0.9970084165301992 -0.07032977546969561 0.045836397147604374 -0.859513925528372 -0.008409397590160224 -0.5110431428509521 1.0076345524354469
-0.5178148939563282 0.07778415517573106 0.8519491538821997 41.38610838546861 0.034166600035982805 0.9969437059251285 -0.07025589411753104 -0.01928063607628508 -0.8548101421011434 -0.007271342370589371 -0.518889919483075 0.5875069686048563
-0.5239703932145084 0.0809929925833136 0.8478768555557077 42.05736820197452 0.037873591706342455 0.9966994347237522 -0.07180409370374162 -0.0836597362395084 -0.8508940110765228 -0.005511077367786643 -0.5253084902610576 0.16221098332384015
-0.5272178228183572 0.08419932074825891 0.8455482491781324 42.71287099100968 0.0398770305524599 0.9964338298146649 -0.0743602396123064 -0.14323246720062 -0.8487939618876827 -0.005486090266596273 -0.5286952932234191 -0.25896025255226746
-0.5278684455120304 0.08688483649918485 0.8448703624931011 43.35131505418775 0.040958679055622206 0.996200501276346 -0.07685667093218003 -0.19955441534136803 -0.8483379579169674 -0.005965437391237506 -0.5294214981600199 -0.6700795394489714
-0.525976695442396 0.08754625590827261 0.8459811871004825 43.99221060602605 0.04295905546441213 0.9961530916480302 -0.07637759850688348 -0.25762212137332674 -0.8494133477907572 -0.0038302841299779275 -0.5277142157630217 -1.0815719703015771
-0.5215164500592117 0.08664130694840923 0.8488308878969424 44.62662774116636 0.04201132851622138 0.9962318999362821 -0.07587522537462703 -0.32005242725140476 -0.8522063368656325 -0.003909664898663893 -0.5231912402997972 -1.47877684234536
-0.5152017360335165 0.0853338404802274 0.852810240825559 45.292577808405696 0.04020320984761898 0.996341958735387 -0.0754082434570859 -0.3895495279281449 -0.8561255007917934 -0.004564748868220397 -0.5167478011194347 -1.8847508841728098
-0.5079957115824117 0.0846553764660181 0.8571894914482315 45.98414518623657 0.03844060316634839 0.9963953042785743 -0.0756222033520391 -0.4640417781745095 -0.8605014102499113 -0.005464873924123599 -0.5094187453469954 -2.293665336834615
-0.5011681872976343 0.08320329977231922 0.8613406172634627 46.693769927370525 0.03524869428579127 0.9965035937239571 -0.07575036136143566 -0.5412082557709484 -0.8646317005476666 -0.007602539196797035 -0.5023487073794567 -2.699563534692354
-0.4956719126894505 0.0807756278134947 0.8647454266557989 47.44383663166423 0.030882825302401173 0.9966752353136642 -0.07539712470509577 -0.6217470790451153 -0.8679606016819674 -0.010666455071398535 -0.49651849982058743 -3.1176770900265525
-0.4924518562605345 0.07800428198916463 0.8668370673067175 48.22579198492322 0.026742608026310528 0.9968614505494305 -0.07451228975436376 -0.7040653030323669 -0.8699287339670442 -0.013512231490099232 -0.49299230969524566 -3.5501303351130873
-0.49085006040618845 0.07522794908575853 0.8679901922692412 49.05990894106473 0.02358722148177243 0.9970475131105119 -0.07307461654306684 -0.7893198132570725 -0.8709247161391225 -0.015395203035262671 -0.4911752503348394 -4.01333321596345
-0.49036867650376087 0.07374608052324512 0.8683893577833686 49.918448535114265 0.02249722635146374 0.9971525312298922 -0.07197710933562257 -0.8761737835831247 -0.871224675907679 -0.015758967900221143 -0.4906314492776416 -4.495198242876439
-0.49026798648219905 0.07272923138359921 0.8685319570016082 50.7989013450564 0.022508208984793738 0.9972364600298478 -0.07080129458870679 -0.9665845543942204 -0.8712810579594776 -0.015162509340174296 -0.4905501160447545 -4.9953103277129
-0.4902298858930838 0.07203149174422595 0.8686116066311557 51.66717348482803 0.02281366257272678 0.9972981818596997 -0.06982745347896652 -1.057037810702814 -0.8712945516742723 -0.014415292450761194 -0.49054867604172303 -5.489278630848105
-0.49040473130200857 0.07097605057933706 0.8685997926322377 52.56281852690841 0.02326563856158138 0.9973891123101283 -0.0683642355880502 -1.1501144818979614 -0.8711841995691417 -0.013317615754178882 -0.4907756427653043 -6.000300679656456
-0.49031966391693127 0.07049470721560369 0.8686870112019497 53.48164967706495 0.02349085352462753 0.997430279499322 -0.06768321312254165 -1.2434291602645193 -0.8712260366730736 -0.012780210972171267 -0.49071566026614105 -6.5254341443659065
-0.4901994200548199 0.06973284377528069 0.8688163552080108 54.401274604910284 0.023486864446812316 0.9974893284396521 -0.06680873331736654 -1.3363655274893407 -0.871293805657067 -0.012343830362826208 -0.49060649616122953 -7.052227259606523
-0.48996821397743673 0.0693321223481162 0.8689788294903784 55.33235820712923 0.023466125729378715 0.9975199928740682 -0.06635664819574492 -1.4298423500617632 -0.8714244030522749 -0.012121081933008766 -0.4903800456153976 -7.587578961573176
-0.48938724613252005 0.06893803270743783 0.8693374896835279 56.27737972550277 0.023018361399156362 0.9975443658753166 -0.06614675463628089 -1.5246197267753194 -0.8717627420125992 -0.012360653576682297 -0.48977233066173836 -8.129823942018803
-0.4886276181136766 0.06774276372588178 0.8698585912545419 57.22349660852995 0.022801785917178678 0.9976322040168581 -0.06488500649191127 -1.6193952526690911 -0.8721944332403997 -0.011870276797428447 -0.48901530359816986 -8.671859002962078
-0.4871572126192126 0.06569108726097957 0.870840129557401 58.165333063910595 0.022368504658325638 0.9977783634116641 -0.06275338641773184 -1.709030399485421 -0.8730277774460726 -0.011091373315017073 -0.48754433772279315 -9.209340577676294
-0.48492310586495724 0.06454717449082766 0.8721715677913003 59.11612834841561 0.023097432372602925 0.9978700140665329 -0.06100773430190632 -1.7972291021831757 -0.8742517314916085 -0.009439136195097978 -0.48538110046829563 -9.749721778469622
-0.48236427311999214 0.06468015221123888 0.8735795246726844 60.107549206589546 0.02420299312453808 0.9978735861267257 -0.06051876762131552 -1.8872607540914164 -0.8756362961533938 -0.008048852124383455 -0.48290402031692015 -10.311004887004797
-0.4804435503826224 0.0653796442325264 0.8745853286076606 61.06592976278851 0.025006949264923823 0.9978332670006405 -0.06085576189064958 -1.9728500399377442 -0.876669063777319 -0.007367047363644782 -0.4810375029339599 -10.852790397115715
-0.4791698559865724 0.06618941972873504 0.8752229486421057 62.031727091384596 0.025363386654125155 0.9977803370324917 -0.06157189008599644 -2.0586707872427534 -0.8773556563510833 -0.007304775650354836 -0.4797850482470843 -11.396591726553005
-0.47878011829391814 0.06777519794441278 0.8753148695584111 62.99980200071183 0.025401315654773108 0.9976677453448098 -0.06335489769237432 -2.14597371518853 -0.8775673031109735 -0.008098916112684415 -0.47938506033076494 -11.939885532166235
-0.47966222536167924 0.06989614498166037 0.8746648949613705 63.93886494977732 0.02496223095168851 0.9975057868084142 -0.06602342243205898 -2.232831407376661 -0.8770980769486358 -0.009835354616395628 -0.4802106092253412 -12.466552554325476
-0.48164952951875417 0.07097459995508885 0.8734851669465136 64.88297353095896 0.024435712511660577 0.997415231428571 -0.06757034903223776 -2.322954133282133 -0.8760231884307681 -0.011200994398090578 -0.4821388918725428 -12.99963358163108
-0.48438078139767177 0.07028473373880671 0.87202942313654 65.7965171450956 0.025898144716623852 0.99748277048459 -0.06601067100571369 -2.411301057934873 -0.8744738673698697 -0.009390356204788206 -0.48498172800377665 -13.520105517037855
-0.487656396645942 0.06831142368344856 0.8703589996114458 66.72466769286076 0.026994318139719635 0.9976372391297722 -0.06317630797773946 -2.5012025490673437 -0.8726182129651349 -0.007313582970539327 -0.4883482014973185 -14.052950739431077
-0.4908021405790314 0.06672352603927413 0.8687123976759671 67.67372726187546 0.026092603468121957 0.9977417145900289 -0.06189222092642317 -2.591854061131845 -0.8708802643574453 -0.007709866395478442 -0.49143475977271667 -14.599515172250953
-0.49421439968730163 0.07008937882378782 0.8665100150129923 68.5796903395162 0.028580954527149087 0.9975157725701563 -0.06438487797675548 -2.679446379554437 -0.868870103168497 -0.007054250481816881 -0.49498988006837336 -15.132598797054
-0.4974933937733561 0.07279070790991396 0.8644083733941051 69.45219424410924 0.030047844718630104 0.997321219218197 -0.06668967479973986 -2.7625240373356807 -0.8669472014947804 -0.007204064068534455 -0.49834792191927796 -15.652783826395366
-0.5013173423874226 0.07423226851896488 0.8620733684160186 70.32434955174908 0.02992870154654721 0.9972045704064414 -0.06846398749885325 -2.8499933171640244 -0.8647457401140215 -0.008521447707621286 -0.5021376204623756 -16.175099904805837
-0.5049758104877727 0.0750871868610335 0.8598612360093422 71.17685442241078 0.029907386198406535 0.9971328084026747 -0.0695105075350068 -2.9380921615124933 -0.8626151975666748 -0.009384922817536015 -0.5057736095830945 -16.690407680904883
-0.5082565471419997 0.07499585298869914 0.857934090896142 71.98740135357524 0.0321537624282159 0.9971590268910875 -0.06811762364711035 -3.020397521097957 -0.8606052625036632 -0.007035419256656714 -0.5092240027992404 -17.18714030409116
-0.5105611739183058 0.0697095768415188 0.8570110049373568 72.78598699905159 0.034485063956148934 0.9975663671461551 -0.06059804867124955 -3.0956853626384353 -0.8591496191299274 -0.0013849315503636933 -0.511722594687296 -17.67731465869004
-0.5120184854161285 0.061864233241873415 0.8567437698854714 73.5932107105497 0.0348313424756794 0.9980780856221099 -0.05125341532275273 -3.1670545424467287 -0.8582679349559282 0.0035988395768257477 -0.5131892440223043 -18.170392239241508
-0.5131152248447284 0.05972332662603178 0.8562393884243267 74.43180801057696 0.03581125532592501 0.9981972415101548 -0.048164520484478696 -3.2340106179183987 -0.8575723409861837 0.005949058601045512 -0.5143289693155885 -18.68563896147704
-0.5144820662806535 0.06419936105587742 0.8550945243162345 75.23030819615461 0.036127191189590714 0.9979308551317595 -0.053186788140919074 -3.299304317738726 -0.8567397676846445 0.003528514703573212 -0.5157368709445215 -19.17885493602036
-0.5157258849091629 0.07110256668878981 0.8537981240579814 76.00697332556713 0.03768745722342078 0.997468427123043 -0.060302507913986926 -3.3612933197175203 -0.8559243349751733 0.0010779160216892619 -0.5170999621875405 -19.66248640934733
-0.5158897395778973 0.07497074991459236 0.853368128802274 76.79851599171444 0.04298332688523334 0.997173735174456 -0.061619603115425574 -3.4256758097053406 -0.8555759523316009 0.004891680229637648 -0.5176541908034782 -20.1632514997079
-0.5155772143318855 0.07615436921515048 0.8534521943912369 77.6314794417976 0.04703094007636554 0.997056165673879 -0.06055652869209988 -3.4979736565936386 -0.8555514167700886 0.008917092639775052 -0.5176410520056798 -20.689414593840976
-0.5156051364021149 0.07292446235776817 0.8537173806978449 78.42424996234456 0.046726184442474804 0.9972820001905299 -0.05696732206647495 -3.56381974023434 -0.8555512883534242 0.010518311927685825 -0.5176112036181084 -21.183811123283217
-0.515026537978675 0.0680915659714951 0.854465449167637 79.22896125398668 0.04597469299524053 0.9975993529604292 -0.0517866640837966 -3.627914530580297 -0.8559404142705807 0.012612280383979933 -0.5169206298860798 -21.681896853547237
-0.5144073237306354 0.061719073505987834 0.855322080422252 80.05015301057665 0.043142077784722475 0.9980062388997532 -0.04606851681558117 -3.6913015001148954 -0.8564600787057747 0.013202389281224441 -0.5160444074888944 -22.186819722492498
-0.5142208211581166 0.0564220430793366 0.8557999182882803 80.8679067441698 0.03607635852708132 0.9983735466910704 -0.04414473493996908 -3.7566346823562298 -0.8568987358159056 0.008174002828976483 -0.515419966856983 -22.682404870474812
-0.5135880040269615 0.051446738823917974 0.8564931962274928 81.68143846217563 0.029622498004942727 0.9986689382226336 -0.042223920249382256 -3.8202541039518234 -0.8575254338686101 0.003685769073421992 -0.5144283675836584 -23.17274467923159
-0.512046577144634 0.05125351065318256 0.8574271866929517 82.50444725354043 0.031731104386770466 0.9986655321441643 -0.04074667988450838 -3.8790423076469542 -0.8583713880651309 0.006342913600138247 -0.5129895979434671 -23.67946258459919
-0.5100108280738577 0.05386356341350285 0.8584798610240189 83.2938052595489 0.03526226985980258 0.9985077066344185 -0.04170050498506804 -3.937677662040485 -0.8594448950175639 0.009004239450102074 -0.5111490938074447 -24.167201392429018
-0.5065362809030933 0.05732487918826378 0.860310905635233 84.06644528894088 0.038275762944272554 0.9982987715178053 -0.043983278152902795 -3.9944079146301257 -0.861368656325441 0.010649930144968841 -0.5078687004413738 -24.64095956669075
-0.500348596130853 0.059784574633056434 0.863757539466852 84.86817499963175 0.04278215786357704 0.9981017641239134 -0.0443007383828812 -4.049485841945007 -0.864766424717345 0.0147875991518908 -0.501956529584885 -25.126698062197246
-0.49322603515889957 0.06271002607070174 0.8676379030861001 85.6475097639476 0.048601689218591725 0.997826849438722 -0.04449105915005975 -4.104373943345802 -0.8685424307692343 0.020224519015457063 -0.495201993921734 -25.594462915505083
-0.4838283516424264 0.06213831834339478 0.8729541543176415 86.48161543494135 0.047247487522150224 0.9978760943102846 -0.04484389955051827 -4.161969484645025 -0.8738866065284532 0.01954814051278604 -0.48573662527410333 -26.066683059895926
-0.47284932331505963 0.059726271085964434 0.8791167669784586 87.28876089259282 0.04486664868440862 0.998037889070183 -0.043673284925270006 -4.215169062408996 -0.8800002848160443 0.018792139912735775 -0.4746012581116692 -26.504590919970234
-0.46048316702430897 0.056007652531553265 0.885899766195459 88.12320540107476 0.04349721492350917 0.9982323100379246 -0.04049996901539234 -4.264990147213107 -0.8866020782635012 0.019884618534296017 -0.4621053524517805 -26.943591775452177
-0.4476546334254351 0.05500927308413279 0.892512918140402 88.9747110711366 0.042427002790760004 0.9982885313474855 -0.04024869705063833 -4.315308482754152 -0.8931994618263778 0.019849132344677164 -0.44922236513583175 -27.374112861711136
-0.4346404821841415 0.054057824216388176 0.8989802016105405 89.8494947888304 0.041737092047933466 0.9983334859931775 -0.039853053736100826 -4.362117688778257 -0.8996364078860515 0.020199068931519418 -0.43617236411787896 -27.80240598753126
-0.4223950707260194 0.05482662671527163 0.9047521457445602 90.76013241690296 0.04187316791579784 0.9982835801153311 -0.04094546960058992 -4.4128150731695035 -0.9054441131483792 0.020589673993088992 -0.4239658279741435 -28.23455488096708
-0.41155094837329886 0.05832287266396386 0.9095186965737767 91.69996625022388 0.04072580128787672 0.9981303276469656 -0.045576947471517845 -4.46930184496326 -0.9104763731160171 0.018283641748408963 -0.41315672866590997 -28.662131222907952
-0.4031422949589497 0.06657287664281938 0.9127126284382897 92.54867201099586 0.041795955016135033 0.9976491623543589 -0.05430697006771446 -4.527516129966875 -0.9141823604508669 0.016254259415499624 -0.404977049832867 -29.046088254726772
-0.3936438449284221 0.07121499072978672 0.9165003810393781 93.4749337103418 0.04155630960905722 0.9973540446877548 -0.059648827957071826 -4.592080319183924 -0.9183232527174966 0.0146059796087955 -0.39556171310937327 -29.44922540176338
-0.38255014580981145 0.06829553353319248 0.9214071337038308 94.52163453236251 0.03990077854453232 0.997555106132844 -0.05737367078922534 -4.667468226111472 -0.9230727565107915 0.014816555865206447 -0.38433989626352905 -29.891190352027127
-0.37152734054756487 0.06392798684646565 0.9262184665204061 95.526341288987 0.03745899872715246 0.9978463904837813 -0.053846117899516266 -4.740080533954391 -0.9276660275336226 0.01468991137643497 -0.3731218941093364 -30.300842027860124
-0.3612584955059638 0.06499752679843689 0.9301976246663148 96.5897262976673 0.035639167659405446 0.997801207382365 -0.05588023152098768 -4.818039125002886 -0.931784389842044 0.012964260734066441 -0.36278062074800277 -30.72143403637456
-0.35395417041022575 0.07078048062521479 0.9325805964160274 97.66157269961265 0.03352288558741044 0.9974515793795752 -0.06298065524496031 -4.90262470089217 -0.9346617898422404 0.008970527055571024 -0.35542491225748724 -31.134491930346385
-0.34901015660128404 0.07673680388133061 0.9339718269408488 98.81693538896967 0.030021106135158904 0.997045710593009 -0.07070066601174284 -4.998845772948483 -0.9366379470081101 0.003363616827265953 -0.350282803326498 -31.568208028322967
-0.3449216781545904 0.0789069377246721 0.9353088960968656 99.88996329570074 0.02707355829314355 0.9968819570780486 -0.07411738050948717 -5.092367977518706 -0.9382409383417286 -0.00024255134518048915 -0.3459824891356144 -31.96425101664199
-0.3413251037793566 0.07844757997218277 0.9366659760696558 100.94402873639686 0.025952314223427933 0.9969177759030647 -0.0740366495388355 -5.186510285940582 -0.9395869576130028 -0.0009619173539654183 -0.34230895956510354 -32.35348412647112
-0.3370964846751926 0.07815602892682146 0.9382204406012585 101.9927942029726 0.025743748165015574 0.9969408765509913 -0.07379802227809946 -5.282840232749131 -0.9411180688149832 -0.0007237431398201976 -0.338077294040613 -32.73920313064043
-0.3323085462528777 0.07382452526853142 0.9402770706319371 103.00013587650919 0.023682767599220087 0.9972707751544805 -0.06992944688487131 -5.373081730583733 -0.9428733513076608 -0.0009697894919278669 -0.3331499705871222 -33.09970089713765
-0.3275922567191218 0.07020475647706735 0.9422073049524027 103.8710237949925 0.023128103469611253 0.9975325991043618 -0.06628577942512308 -5.448509965096344 -0.9445360788067181 7.675996850065698e-05 -0.3284076581633483 -33.408254754025094
-0.32199981415560963 0.06712064031423842 0.9443574213863949 104.8305558631899 0.02180905832029849 0.997744854914588 -0.06347888992925209 -5.530876374561975 -0.9464885021271697 0.00015535531819893433 -0.3227374958163211 -33.742896729725665
-0.3165426793223775 0.06578838904837266 0.9462941509033185 105.86963243957474 0.01659752612860224 0.9978234717155652 -0.0638188171302782 -5.6166122600186315 -0.9484330520884541 -0.004495237470641877 -0.31694563973378964 -34.09065192258725
-0.31143384047020845 0.06656693803313657 0.9479334395256194 106.87539102406818 0.011758513327047585 0.9977370109444109 -0.06620116582093119 -5.702573167251749 -0.9501950854294677 -0.009470995333401712 -0.3115117973256868 -34.42027453894164
-0.3061070527678414 0.07043873750375702 0.9493876218408709 107.88483854057601 0.012718990048094968 0.9974725362418235 -0.06990541277655603 -5.7925348428708805 -0.9519121280548648 -0.009323288163572448 -0.30622928788715825 -34.751803748088236
-0.3007145078998991 0.07347565381693079 0.9508796522350754 108.86393966010169 0.014731285548162542 0.9972667856535373 -0.07240129459036371 -5.882342743434 -0.9536004267850446 -0.00776443999504452 -0.30097498152993185 -35.07099155482957
-0.29543223323042517 0.07232135367342611 0.952622389707133 109.83011417208947 0.014678109640391913 0.9973565229661914 -0.07116543538947964 -5.970995218690204 -0.9552509349201745 -0.007041867623916117 -0.295712805665393 -35.37829994051031
-0.28989198734993993 0.06813362579444376 0.9546310516143957 110.78752703175424 0.014845810504670575 0.9976628473820042 -0.06669666306564256 -6.058899738407285 -0.9569442186359458 -0.005162556511566812 -0.29022596443030857 -35.67495720067029
-0.28341408261338585 0.06560795918706921 0.9567507791832326 111.80060701778694 0.015552117832025434 0.9978403213472563 -0.06381868632731014 -6.152619557542498 -0.9588715187173676 -0.003207613585306324 -0.283822341981274 -35.98056610761292
-0.2782093070838602 0.06823367517735113 0.9580938090937193 112.82926849332772 0.014834931418992026 0.9976598595579789 -0.06674375953262375 -6.248185715314362 -0.9604059070318715 -0.004355479140876945 -0.2785705001247275 -36.27865553418082
-0.27318444112764273 0.07137631913215706 0.9593100031756807 113.82225475554924 0.0156122158992654 0.9974411033976942 -0.06976749936400194 -6.340060755631632 -0.9618349753676522 -0.004082440438724401 -0.27359973289382367 -36.56124014288776
-0.2682493403017743 0.07233054237365567 0.9606303056158483 114.82279151088794 0.014601072420334012 0.9973680590066358 -0.07101945900605351 -6.434050565258419 -0.9632388593240196 -0.005024690365498223 -0.26859942735399017 -36.83891570859769
-0.26235737189000935 0.07185939987857867 0.9622914506863604 115.79079074142832 0.014524928050711684 0.9974045090239727 -0.07052142825956942 -6.524608482324505 -0.964861459423107 -0.004524602495076179 -0.26272017831177763 -37.10608629068376
-0.2561833561044496 0.07126749518808534 0.9639974233288592 116.7609168878375 0.016858083251624655 0.9974561228248428 -0.06926101405779327 -6.613976239333194 -0.9664811912728264 -0.0014923702116934512 -0.25673309047921516 -37.371055881686424
-0.24979363929437168 0.07226211315230731 0.9655989461317982 117.70324280680633 0.019702852780297035 0.997384305629105 -0.06954383133726902 -6.700776767714135 -0.968098618612996 0.0016534471602343132 -0.2505640252552164 -37.61977208828202
-0.24343221231478818 0.07279283394193764 0.967182486056397 118.6932540136013 0.02065819689586128 0.9973426507232778 -0.06986326609369319 -6.790876142110286 -0.9696978895040143 0.0029732768064571194 -0.24428909659764222 -37.87080411543613
-0.2385264550907832 0.07216109371498156 0.9684512929289142 119.68101530647947 0.018557339621543475 0.9973920960546813 -0.06974691300566993 -6.879673713557827 -0.9709586785069667 0.001335395637036981 -0.2392435189310194 -38.11094314405639
-0.23366398119637505 0.07056198083845813 0.9697536546729876 120.59294364750221 0.01643947415361788 0.9975073926660368 -0.06862029777083122 -6.961086424857734 -0.9721784237376451 -9.185182664017115e-05 -0.23424155050338324 -38.32724540049375
-0.22909857174390422 0.07004027341150952 0.9708801185137882 121.55254050151886 0.017578599273450273 0.9975429908106899 -0.06781573808525257 -7.04564505378904 -0.9732444899779739 0.0015302238088236659 -0.22976688434717485 -38.55726364130792
-0.2254178320562755 0.0701760098447145 0.971731510569317 122.52742101314249 0.018708325862231787 0.9975303544095068 -0.06769926569082275 -7.130125508667137 -0.9740825424646933 0.0029188480465023804 -0.22617400556120468 -38.79083027157552
-0.2224726386003842 0.07101689039992905 0.9723489735440204 123.49417299207941 0.01940309225194852 0.9974684468545839 -0.06841211545162446 -7.213829568508445 -0.9747458361466564 0.0036467529980049995 -0.22328738456824213 -39.0187642902513
-0.21867146816565627 0.0699742640621338 0.9732863871334287 124.45571669496887 0.023748965072105586 0.9975117332540164 -0.06638018287540721 -7.2906626251868225 -0.9755094954270205 0.0085990923667175 -0.21978917157628153 -39.24561324827127
-0.21493839185399582 0.06848597363209355 0.974223362028896 125.41366334327816 0.029168682334199777 0.9975433701629518 -0.06368997263955631 -7.3668067002368005 -0.9761919256366057 0.014727391473205648 -0.2164080133966624 -39.4727032079796
-0.21102289740822222 0.06721214251770219 0.9751676085000068 126.36436831575756 0.03115558833741308 0.9975887946173133 -0.06201553167817581 -7.443703266011932 -0.976984475866832 0.017295223391365657 -0.21260811170567778 -39.69084721998457
-0.20717454721458642 0.06874241222382962 0.9758858477035537 127.3165581996918 0.03002934073629093 0.9975050251512854 -0.06389024567865018 -7.5214675909115085 -0.9778430066638378 0.016068775920510987 -0.20872194124969554 -39.900009233702946
