1 0 0 0 0 1 0 0 0 0 1 0
0.9999963045149265 0.002272669873657279 0.0014834955620024954 -0.0034340969286859035 -0.002271086898031835 0.999996837363033 -0.0010678731591416482 -0.02549760974943638 -0.0014859178336337209 0.0010645000315890607 0.9999982714659765 1.21725594997406
0.9999876618753731 0.0038202372492876996 0.0031839199559446345 -0.004814061336219311 -0.0038179575746930816 0.9999924811830614 -0.0007217641890497958 -0.051216043531894684 -0.003186653135344386 0.0007095991887718957 0.9999946951878229 2.428130626678467
0.9999803305564292 0.003768467140827798 0.005012346168864516 -0.0036400621756911278 -0.003764785974929852 0.9999926549461914 -0.0007436335861177616 -0.07828224450349808 -0.005015111528337002 0.0007247485573146431 0.9999871850043718 3.634631872177124
0.9999686481268562 0.0037387548710378525 0.006977740658546297 -0.0017765569500625134 -0.0037332840963947844 0.9999927081464548 -0.0007968863898409549 -0.10801134258508682 -0.006980669219046831 0.0007708115249365904 0.9999753236843283 4.835872173309326
0.9999586941666294 0.0032080157561242373 0.00850007719423742 0.003892596811056137 -0.003200071797811302 0.9999944317141434 -0.0009479976370992716 -0.13763272762298584 -0.008503071032464504 0.000920757631876809 0.9999634027632034 6.046915054321289
0.9999438527394489 0.0035743485194516308 0.009975590312043535 0.013841520063579082 -0.003553600850203509 0.9999914630231416 -0.0020968026632246974 -0.16822336614131927 -0.009983000345528126 0.0020612356813162758 0.9999480248566783 7.256566524505615
0.9999321703159865 0.003649389012394118 0.011059599452596507 0.02547261491417885 -0.0036182058382914217 0.9999893975242703 -0.002838261246285964 -0.19870087504386902 -0.011069840751588345 0.0027980528764656176 0.9999347927596602 8.477757453918457
0.9999228723764908 0.004936189719643353 0.011396359834921418 0.032309580594301224 -0.004920356831198541 0.999986870236334 -0.0014169215102195155 -0.23065119981765747 -0.011403204873204231 0.0013607380507955555 0.9999340177202498 9.717860221862793
0.9999211440108979 0.005476609957828172 0.011304676329274345 0.050719402730464935 -0.005474077919929599 0.9999850272874518 -0.00025491136730552977 -0.26111456751823425 -0.011305902153253555 0.00019300857765724988 0.9999361038208008 10.962919235229492
0.9999346144063068 0.005210450743283307 0.010182139325183226 0.06366416811943054 -0.005207107451950743 0.9999863941363537 -0.00035483919633263875 -0.2867584526538849 -0.0101838493719697 0.0003017964843663526 0.9999480843574915 12.196816444396973
0.9999470120823588 0.005833787011175997 0.008478969478818666 0.0685388445854187 -0.005826891164840919 0.9999826756869283 -0.0008377462484755829 -0.31032508611679077 -0.008483709767460823 0.0007882958408807345 0.999963700782061 13.423791885375977
0.9999509459742058 0.006692708654996602 0.00730222460918032 0.0708385705947876 -0.006684680312618596 0.9999769997222202 -0.001123320139673775 -0.3349173963069916 -0.0073095750994980335 0.00107445201602685 0.999972701088609 14.651151657104492
0.9999389657131701 0.008768161849849307 0.006715810267781308 0.06921187043190002 -0.00875989995375992 0.999960828685986 -0.0012586055664033473 -0.3606012463569641 -0.0067265830002725124 0.0011996989582297168 0.9999766349954484 15.863977432250977
0.999933005318308 0.009706090288668869 0.006306308399122558 0.06984452903270721 -0.009696788244609456 0.9999518702803509 -0.0015039135811159982 -0.38527214527130127 -0.006320601794868708 0.0014426619221556622 0.9999790191852718 17.07286834716797
0.9999297271319065 0.010022623161427135 0.006328392066225792 0.07323797792196274 -0.010016402194181429 0.9999492757273917 -0.0010139955118992818 -0.4121466875076294 -0.0063382345251739025 0.0009505365727612639 0.9999794364071306 18.28025245666504
0.9999183429097229 0.011018149110295845 0.006467622344767518 0.07853633910417557 -0.011014059064976323 0.9999391011405966 -0.00066763316105158 -0.4375109076499939 -0.006474584806710482 0.0005963438914929897 0.9999788403548564 19.49319076538086
0.9998958128561526 0.012873029619867023 0.006535158757837462 0.08265108615159988 -0.012863290145467499 0.9999160740368449 -0.0015302692053191722 -0.4616260230541229 -0.006554309744387865 0.0014460461050112006 0.9999774694672965 20.703378677368164
0.9998854418576606 0.0136760772433541 0.006487988955682802 0.08861789107322693 -0.013659218240101523 0.9999032734431874 -0.002635675959665789 -0.484825998544693 -0.006523406598716974 0.002546753092247195 0.9999755025594865 21.914949417114258
0.9998613022008698 0.015529716579078166 0.006026240464513072 0.09496428817510605 -0.0155150016422132 0.9998765729406114 -0.002481029231536605 -0.5106384754180908 -0.006064026150852442 0.0023871878561462223 0.9999787807989833 23.14411735534668
0.9998429439020455 0.016864446199349518 0.005450508444964652 0.10102162510156631 -0.01685172424909298 0.9998551886219148 -0.0023716863817882642 -0.5385352969169617 -0.0054897163063287735 0.002279463308279883 0.9999822974600505 24.3869686126709
0.9998383538725619 0.017364952304051537 0.004663765446105408 0.10631396621465683 -0.017352448249390307 0.9998457674050254 -0.0027083695004214295 -0.5671166181564331 -0.004710076842457056 0.0026270039172830717 0.9999854565050015 25.625423431396484
0.999824465573468 0.018340227850263874 0.0038321319644308944 0.10611217468976974 -0.01833304142074277 0.999830116423532 -0.0019021710687592442 -0.5950111746788025 -0.0038663672748953104 0.0018315826051216455 0.9999908805017839 26.864377975463867
0.9998238693085497 0.018441054555921082 0.003480037430185323 0.1028265655040741 -0.018441028535583825 0.9998299495364302 -3.943942113401877e-05 -0.6209471821784973 -0.003480172948911786 -2.474299490148879e-05 0.9999939203262329 28.100658416748047
0.9998019942126781 0.01967973779397145 0.0029519937006615626 0.09568066895008087 -0.019680135002368315 0.9998063540133586 0.00010566728676842004 -0.6485856175422668 -0.0029493423644453287 -0.0001637419924317698 0.9999956488609314 29.317541122436523
0.999784291574052 0.02059410469394171 0.0027091560498494283 0.08920559287071228 -0.02059199129294287 0.9997876462309141 -0.0008059542001728529 -0.6764837503433228 -0.0027251786086708307 0.0007499933932118286 0.9999960064899014 30.52694320678711
0.9997560986248146 0.02193404031599931 0.002589617217439136 0.08140653371810913 -0.02192881945515124 0.9997574745841316 -0.0020278447199641304 -0.7041982412338257 -0.0026334680151194334 0.001970562790749253 0.9999945759841253 31.725234985351562
0.9997204553972665 0.023467497581131466 0.0028691414798323865 0.07362290471792221 -0.02346065071677561 0.9997218448678657 -0.002397308037579258 -0.7322348952293396 -0.0029246024787425995 0.0023293260172192465 0.9999929666636831 32.9186897277832
0.9997118132576404 0.023759010676575754 0.003432334040772852 0.07047440856695175 -0.023752256244726988 0.99971588590254 -0.001995350985780659 -0.7592676877975464 -0.003478766418993473 0.0019132502006616037 0.9999920725934786 34.10799789428711
0.9997171188209286 0.023408748698603314 0.004203485460434341 0.07199406623840332 -0.023402016461712694 0.9997247715758055 -0.001643646313311796 -0.785676896572113 -0.004240804351866245 0.0015448113631537363 0.9999898076164726 35.29080581665039
0.9997260610867471 0.022737927162015628 0.005551495355478805 0.07731852680444717 -0.022727726861391684 0.9997398995241926 -0.0018936853642849295 -0.812608003616333 -0.005593109875917435 0.0017669937765092125 0.9999828338865058 36.462337493896484
0.9997138441262905 0.022957682818852507 0.00671807378077747 0.08532559126615524 -0.022944608796748867 0.9997347092832668 -0.0020166610175976624 -0.8408251404762268 -0.006762589327991009 0.0018619403614721364 0.9999753833212708 37.623260498046875
0.999708422113553 0.02284575188938729 0.007816227674544821 0.09449315071105957 -0.022834647841647904 0.9997380978183605 -0.0015069487322139194 -0.8692421317100525 -0.007848608307540417 0.001328028558601549 0.9999682903565308 38.78511047363281
0.9996705774969215 0.02392599766316747 0.009289700822529176 0.10480006039142609 -0.023923361588317427 0.9997137401526414 -0.0003947597743237524 -0.8990505337715149 -0.009296486154198647 0.00017238885705486012 0.9999567866325378 39.942134857177734
0.9996223026860207 0.025457628614717818 0.010352721955785862 0.1139015257358551 -0.02546386394854494 0.9996755864872419 0.00047076582319034314 -0.9248830080032349 -0.01033737976104021 -0.0007342083452344106 0.9999462962309735 41.08730697631836
0.9995730756412158 0.026875229126488598 0.011462980622402169 0.12402171641588211 -0.026877753400885163 0.9996387323245342 6.618746862463237e-05 -0.9490281343460083 -0.01145706046372652 -0.00037425838087377927 0.9999343156853691 42.22438049316406
0.9995124077253976 0.02847265330993246 0.012818906920676703 0.13660775125026703 -0.028471148613613106 0.9995945930105161 -0.0002999202191056108 -0.9726596474647522 -0.012822248972952366 -6.519502091711232e-05 0.9999178051948547 43.355918884277344
0.9993933967267488 0.031640993571347295 0.014550373518691533 0.14988166093826294 -0.031657255782896465 0.9994983915705553 0.000888605244125333 -0.993575930595398 -0.01451495848596096 -0.0013486911432357487 0.9998937846171749 44.48176193237305
0.9993258876574203 0.032535361112472926 0.017007493112393482 0.16879206895828247 -0.0325985148986252 0.9994626066430827 0.003449300055010429 -1.011849284172058 -0.01688612811267376 -0.004001393771992712 0.9998494398060416 45.619407653808594
0.9992684537739365 0.032964257671881644 0.019386468070694607 0.19410507380962372 -0.03308232191105631 0.9994357686730662 0.005801129365617139 -1.0279109477996826 -0.019184300675988197 -0.006438235160399763 0.9997952022583831 46.77267074584961
0.9992269308429336 0.033012080418848656 0.02134934962510945 0.2232901006937027 -0.03319742947589077 0.9994136711639825 0.008386307768680844 -1.0373919010162354 -0.021059980615973473 -0.009088567581044815 0.9997369142591772 47.94646453857422
0.9991956605483878 0.03244383200177729 0.023568554278036793 0.2560218870639801 -0.032667172924316645 0.9994243926298298 0.009153743073449544 -1.0454990863800049 -0.02325800433754921 -0.009916298287401815 0.9996803535908967 49.13714599609375
0.9992118185592744 0.030456718844190735 0.025458693559349294 0.29707688093185425 -0.03065082557913401 0.9995037114842613 0.007269133650528446 -1.053706169128418 -0.02522466517984867 -0.008043734476245956 0.9996494753817373 50.335975646972656
0.999161177096326 0.030885365945472122 0.026889735542355006 0.33795151114463806 -0.031031794289545278 0.9995056351333129 0.00504520774715638 -1.0649093389511108 -0.026720620691776276 -0.0058754126516550875 0.9996256890022295 51.54195785522461
0.9991398501726856 0.03044411040326347 0.028154556474012483 0.3809235394001007 -0.03057738237552765 0.9995230725496319 0.004315133221623416 -1.0804917812347412 -0.02800975926220417 -0.005172314109848641 0.9995942168405598 52.76978302001953
0.9991530185534359 0.02920904264133107 0.028983492312332215 0.42550337314605713 -0.029334412072320015 0.9995620066488657 0.003909745509143742 -1.0995442867279053 -0.02885659784078598 -0.0047566477145735975 0.999572222180781 54.01847457885742
0.9991969288473257 0.02765376906543393 0.028997449493179686 0.4684717655181885 -0.027758687966248363 0.9996094855056946 0.003221830365544899 -1.1215332746505737 -0.028897028416395187 -0.004024173944244258 0.9995743070120966 55.26951217651367
0.9992267785669284 0.026714965054175626 0.028846506968046238 0.5088866949081421 -0.026832589889563052 0.9996330694574904 0.0036981635259090524 -1.1455378532409668 -0.028737127780914307 -0.0044693306364379515 0.9995769899716436 56.516807556152344
0.9992497172505068 0.02600852393937378 0.028699264711235697 0.5478057861328125 -0.02616931260497868 0.9996438165577938 0.005241158980946335 -1.169550895690918 -0.028552725911140442 -0.00598826632588545 0.999574370546128 57.77405548095703
0.999273609778605 0.02546632731963309 0.028350521685053615 0.5840533971786499 -0.025644437853364233 0.9996535154167672 0.0059366214346097184 -1.193507194519043 -0.028189513832330704 -0.006659342356890197 0.9995804517165965 59.03242111206055
0.9992690221518217 0.025719105317398377 0.028285010341414063 0.6179980039596558 -0.025890218702212087 0.9996485542182804 0.005700027580271579 -1.2150975465774536 -0.028128469362854958 -0.006428165853511747 0.9995836697395148 60.29216384887695
0.9992506108222514 0.02589256805331329 0.028770786460505616 0.654274582862854 -0.026058717446546864 0.9996457253635591 0.005415008789387092 -1.2334030866622925 -0.028620386496186256 -0.006160680650245914 0.999571331184054 61.55506896972656
0.999242744342105 0.025343095850719807 0.029522647398969475 0.6914522647857666 -0.02549394902463442 0.9996637228815275 0.004744572312871512 -1.2490259408950806 -0.029392477124929428 -0.0054936285188977585 0.9995528524705612 62.82096481323242
0.9992608528307443 0.023688006582137752 0.030276383155268358 0.7328729629516602 -0.023806752680653798 0.999710247360923 0.0035675958217991476 -1.262648582458496 -0.0301830992102623 -0.004285741030432222 0.9995352071622108 64.07128143310547
0.9992567990601486 0.02326223911537563 0.03073554193225809 0.7724800109863281 -0.023393336889732108 0.9997186515552665 0.00391261122554027 -1.2778958082199097 -0.030635880306363106 -0.004628710480765963 0.9995198896223059 65.31328582763672
0.9992363017231298 0.023439239614811508 0.031264033995699804 0.8105396032333374 -0.023605239292590063 0.9997091445101505 0.004951103918103029 -1.2984228134155273 -0.031138887628912926 -0.005685317512715837 0.9994989115845954 66.53829193115234
0.9992227778224674 0.024010184051022985 0.03126285218938332 0.8465514183044434 -0.024125223965620668 0.9997034854127995 0.003307724636788905 -1.3202162981033325 -0.03117416240274906 -0.004059377181882817 0.9995057622832206 67.73348999023438
0.9991541452817501 0.02637941100045486 0.03154561246060821 0.8793008327484131 -0.02644118315109556 0.9996491810965852 0.001542561228272182 -1.344206690788269 -0.03149385377764702 -0.0023753598672108245 0.9995011701174619 68.92858123779297
0.9990707987685497 0.028918494592345568 0.03195779000598107 0.9118474125862122 -0.02898081209239467 0.9995788627590763 0.0014884050082804496 -1.3694437742233276 -0.0319012887775898 -0.0024131846452901534 0.9994881167971634 70.11701965332031
0.998991564555368 0.03104107378398312 0.032439596035580616 0.9459971785545349 -0.031100285350937895 0.9995153801313691 0.0013221643521437662 -1.3942621946334839 -0.03238283470273018 -0.002329711678492913 0.9994727983549367 71.29642486572266
0.9989648159498756 0.03163352647761908 0.032689755749725394 0.9814901947975159 -0.03171421329617452 0.9994950847626866 0.0019525935956369227 -1.4173564910888672 -0.032611481845378876 -0.00298730208187431 0.9994636201794975 72.48860931396484
0.9989450371921542 0.03162543525939663 0.033296769377023416 1.0213797092437744 -0.03172591880696918 0.9994934685278947 0.0024936495883093757 -1.4393783807754517 -0.03320104256272316 -0.0035473895391330557 0.9994424020311854 73.69441986083984
0.9988717037466799 0.032625493912379795 0.03450921944856757 1.06486976146698 -0.03274706067158739 0.99945929361773 0.0029632814975970017 -1.4604800939559937 -0.034393880516290665 -0.004090013656247449 0.999400024582684 74.90807342529297
0.9988589484137123 0.030960369170834997 0.036362652004060796 1.118592619895935 -0.03101286801597869 0.9995185729771271 0.000880453893746436 -1.4818823337554932 -0.036317888647317886 -0.00200715943800972 0.9993382705706324 76.11917114257812
0.9989046183311814 0.027569324336564283 0.037808803938100696 1.1814671754837036 -0.027434921743573204 0.9996153195097971 -0.004069122400423551 -1.5032967329025269 -0.03790644183754921 0.003027383518867527 0.9992767009342245 77.31659698486328
0.9988673204731953 0.027665539637241467 0.038712469987909844 1.2416390180587769 -0.027488857631034813 0.9996091100985547 -0.005088938336218877 -1.528765320777893 -0.03883812949061394 0.004019012852707282 0.9992374242906976 78.50921630859375
0.9988379994098295 0.026952967743965665 0.03995153457519754 1.3003860712051392 -0.02690574675028312 0.9996364944917842 -0.0017192413933548028 -1.5592007637023926 -0.0399833507835865 0.0006423178004567875 0.9992001654147487 79.70594024658203
0.9987985439520344 0.02601225141057657 0.041530793037470516 1.358123540878296 -0.026037147938367866 0.9996609515432869 5.8580839941735656e-05 -1.590613842010498 -0.04151519015431404 -0.0011398539006188813 0.9991372233321272 80.91880798339844
0.9987126328810625 0.026714490217703647 0.043120483768443345 1.4140948057174683 -0.02665163190345965 0.9996426691860917 -0.0020320828311691953 -1.622955083847046 -0.0431593656539917 0.0008802355661661626 0.9990677837444899 82.15487670898438
0.998610532184756 0.02833820068472182 0.04442917914022407 1.4705959558486938 -0.028095489415688846 0.9995867942433554 -0.006077941399673717 -1.6537741422653198 -0.04458305612206459 0.004821236704485532 0.9989940639670678 83.41529083251953
0.9985557326526084 0.029348361721126277 0.04500059879596395 1.5313889980316162 -0.0289299705540369 0.9995322111263509 -0.009920818068782866 -1.6857550144195557 -0.045270707458257675 0.008604624082664547 0.99893770442673 84.68424987792969
0.9984648369335041 0.030568285846928382 0.04619091267471364 1.5920264720916748 -0.03009347570216825 0.9994872235793887 -0.010940138030797512 -1.7207834720611572 -0.04650164768099785 0.009533297959322229 0.9988727466147083 85.95539093017578
0.998340464225361 0.03165276753309779 0.04810813552784354 1.6534878015518188 -0.031237672509045522 0.9994681516700773 -0.009356056351411028 -1.754838466644287 -0.04837869852781296 0.007837743693428989 0.9987982872350507 87.19658660888672
0.9981314734251185 0.03389483826657394 0.05083977492532123 1.7184560298919678 -0.03347773806250398 0.99939863069546 -0.009033687659317086 -1.7887792587280273 -0.05111539736390114 0.007314807405302104 0.9986659639037896 88.42218017578125
0.9979404694777827 0.03534952953046843 0.05352751077345128 1.7917497158050537 -0.03480755901475874 0.9993332061138632 -0.01102400110531153 -1.8248274326324463 -0.05388151481747627 0.009138134799833608 0.9985054744027337 89.62997436523438
0.9977404672120826 0.036303877988299066 0.05653286031978885 1.8734263181686401 -0.03559370035664333 0.9992749043335697 -0.013519174676300236 -1.8611913919448853 -0.05698266625404358 0.011476414466999652 0.9983092427434599 90.81974792480469
0.9975171775062179 0.036990344573377326 0.05992714582700746 1.9604272842407227 -0.03619422211290857 0.9992422379975419 -0.01431667475035696 -1.8963218927383423 -0.06041131168603897 0.012112112361893468 0.9981001171833768 92.00054168701172
0.9973489574000141 0.036807847086996755 0.06277091434228688 2.052971363067627 -0.03603797034287548 0.9992611643784324 -0.013353647313162556 -1.929245114326477 -0.06321606040000916 0.011056110057294788 0.9979385769461189 93.15705108642578
0.9971911646168792 0.03668161549008477 0.0653008337408893 2.152123212814331 -0.03597666001051536 0.9992813431293001 -0.01193924321600014 -1.9583041667938232 -0.06569185107946396 0.009556401784421631 0.9977941907105219 94.31048583984375
0.997065747058123 0.03607712611071033 0.06751609143011097 2.253845691680908 -0.035443766258862475 0.9993159616033672 -0.010555750926586093 -1.982890248298645 -0.06785072386264801 0.008131752772076062 0.9976623823406321 95.45079803466797
0.9969725770494016 0.034980042473975126 0.06944105287638476 2.3561410903930664 -0.03438382795432848 0.9993609968413601 -0.009763058933939198 -2.007132053375244 -0.06973819434642792 0.007345852948659193 0.9975382749900383 96.5816650390625
0.9968832787467008 0.03507982963914104 0.07066209054846344 2.453767776489258 -0.03432040116019053 0.9993396466075567 -0.011933267813121404 -2.036252498626709 -0.07103404402732849 0.009470923953238397 0.9974289482673981 97.69215393066406
0.9968429578823432 0.034583885678634345 0.07147098271252003 2.551870346069336 -0.033557077266223256 0.9993163064056613 -0.015518277969341712 -2.06502628326416 -0.07195880264043808 0.013070928701017948 0.9973219475523543 98.78839874267578
0.996731609985023 0.03631185339609657 0.07216348143047922 2.6436173915863037 -0.035072945480288276 0.9992160410787403 -0.018362120988857263 -2.095071315765381 -0.07277367264032364 0.0157711204301354 0.9972237684055258 99.8788833618164
0.996661339850391 0.03664437315911182 0.0729610402218825 2.734530448913574 -0.03533835079469139 0.9991926448505024 -0.019111819417373412 -2.1287643909454346 -0.07360247522592545 0.016469688608239386 0.9971516255080815 100.97824096679688
0.9965913985434227 0.037248533261349165 0.07360804738320405 2.8239874839782715 -0.03599321301075875 0.9991843318861559 -0.018308104649863304 -2.1626765727996826 -0.07422995567321777 0.015596308910256207 0.9971191681135849 102.09486389160156
0.9965533560728232 0.038134948529594766 0.07366965007460614 2.9129140377044678 -0.037021764166916604 0.9991795985396744 -0.016417904204595622 -2.193621873855591 -0.07423530519008636 0.013633936771545008 0.9971475795778133 103.22843170166016
0.9965869143686916 0.038333296473173906 0.07310996985160181 3.0028645992279053 -0.03733971619594856 0.9991913696463239 -0.014909434062152109 -2.2224371433258057 -0.07362238317728043 0.012128641769640236 0.997212431897232 104.38192749023438
0.9966558682458313 0.038807594365417065 0.07191043506899969 3.0899477005004883 -0.03788923615226092 0.9991825858338038 -0.014091762314214573 -2.2497189044952393 -0.07239852100610733 0.0113200055244298 0.9973115227684382 105.5624008178711
0.9967282983140535 0.039658344724723474 0.07042725419567572 3.1724414825439453 -0.0387987264189138 0.9991554500854578 -0.013532582438727372 -2.2744247913360596 -0.0709044486284256 0.01075581967984518 0.997425166007524 106.77318572998047
0.9967966550447294 0.041221952361046844 0.06853623237958183 3.2462379932403564 -0.040368596608658214 0.9990897156883557 -0.013790451914780618 -2.297213554382324 -0.06904231011867523 0.010979564328909952 0.9975533142359438 107.99895477294922
0.9968607079911536 0.04379803405257587 0.06595825237969757 3.312018632888794 -0.04293292643744584 0.9989730552382875 -0.014477487688965427 -2.3197968006134033 -0.06652460247278214 0.011600257673887449 0.9977173514392561 109.23883819580078
0.9969658391257852 0.045531425655753695 0.0631346309863404 3.371680974960327 -0.04470427003215871 0.9988957100108454 -0.014453462277591185 -2.342364549636841 -0.06372299790382385 0.011587220278357235 0.9979003249790352 110.494384765625
0.9970700592935771 0.04744942125008041 0.05999873817202522 3.4243507385253906 -0.046707467085490784 0.9988145429518746 -0.013709515069290055 -2.3652169704437256 -0.0605781190097332 0.010866957976002567 0.9981043234776905 111.76789093017578
0.997220667515812 0.04870369982132637 0.05638198926604981 3.4707298278808594 -0.04804059104205116 0.9987600523153839 -0.013058049773510591 -2.387634515762329 -0.05694805085659027 0.010313132652980284 0.9983238847527396 113.05724334716797
0.997414700152973 0.049154774780474406 0.05241887153034252 3.5102665424346924 -0.048564434791510624 0.9987421361953723 -0.012477603066363235 -2.4112815856933594 -0.05296626687049866 0.009899651884226035 0.9985472653293641 114.36225891113281
0.9975709780270705 0.050053896701741964 0.04844361279166105 3.5404345989227295 -0.049514234845335015 0.9986979472118157 -0.01227742039699623 -2.436361074447632 -0.04899507015943527 0.009848949642361216 0.9987504470345243 115.66815948486328
0.9976804399044568 0.051530184253653376 0.044478301988064115 3.5603113174438477 -0.051030705690432665 0.9986213913348873 -0.012293784970124372 -2.4628210067749023 -0.0450504869222641 0.00999550992630327 0.9989346774135015 116.97550964355469
0.9977977439623729 0.05248945943521636 0.04055213485652358 3.573406457901001 -0.05202310532406251 0.998568023658473 -0.01247169985075583 -2.488996982574463 -0.04114869609475136 0.01033458611623983 0.9990995979155812 118.28172302246094
0.9978693521911026 0.0541201539597884 0.03643894480416769 3.577665090560913 -0.05367989362134562 0.99847415330032 -0.012954723333708333 -2.5163960456848145 -0.03708445653319359 0.01097108295161875 0.9992519435527214 119.58670806884766
0.9978860420711229 0.05605019225824224 0.032890484415499854 3.5747194290161133 -0.05564312263080873 0.9983639047915598 -0.013164714353514044 -2.5459930896759033 -0.033574558794498444 0.011306755524378709 0.9993722203684783 120.88253021240234
0.9978245442766251 0.0583576702607208 0.030668035780672617 3.569582939147949 -0.057980658492792436 0.9982325145645825 -0.013042781207016189 -2.5779430866241455 -0.0313749760389328 0.011236254256848044 0.9994445158168332 122.17081451416016
0.9977585973850296 0.06020648991491287 0.029206227814442935 3.566089153289795 -0.05983606246916251 0.9981183586222188 -0.013396299410224697 -2.610870599746704 -0.029957814142107964 0.011618687033775998 0.999483675272252 123.44632720947266
0.9976254196296708 0.0626098579996457 0.028697134873722954 3.5658459663391113 -0.062245181100094804 0.9979705448154091 -0.01343047006571552 -2.645308017730713 -0.029479773715138435 0.011612319679267236 0.9994979197984435 124.70642852783203
0.9975253137789153 0.06430386883157625 0.02843074900846924 3.5698368549346924 -0.06396068168464719 0.9978700328977358 -0.012821008938287788 -2.6781678199768066 -0.029194634407758713 0.010970830828576916 0.9995135325742588 125.96452331542969
0.997506842648292 0.06459714196768529 0.028411776842305652 3.5801360607147217 -0.06426253418562 0.9978542272834803 -0.012537531419922195 -2.708728075027466 -0.029160702601075172 0.01068046111540305 0.9995176438938032 127.23125457763672
0.9972614460797082 0.0681752329145581 0.02866733378612909 3.5896928310394287 -0.06788271303964288 0.9976320717040019 -0.011057382929798468 -2.7380292415618896 -0.029353288933634758 0.009081084998737055 0.9995278893810706 128.49786376953125
0.9971421428224119 0.06959455114325581 0.029396743148730958 3.6056764125823975 -0.0693706589446883 0.9975541882944278 -0.008569789863054792 -2.7615716457366943 -0.02992125228047371 0.006506026917426633 0.9995310997337867 129.76405334472656
0.9971667888694888 0.06895305917255821 0.030064201502672055 3.63151216506958 -0.06870973673262615 0.9975956082304421 -0.009053972681155598 -2.782982110977173 -0.030616214498877525 0.006962617536163673 0.9995069617508499 131.02511596679688
0.9971605688040341 0.06882934043257662 0.03055045084748962 3.6587207317352295 -0.06852589494896533 0.9975900752120703 -0.010872173302079843 -2.8060483932495117 -0.03122515231370926 0.008747805426387034 0.9994740673031366 132.28273010253906
0.9973134596108153 0.06638250152926707 0.030971928778977142 3.6908490657806396 -0.06608729721007212 0.9977590571062336 -0.010460672179315702 -2.8259847164154053 -0.03159692510962486 0.008385717809165416 0.9994655427093377 133.5336456298828
0.9974332966375492 0.06418970103111651 0.03172642312308993 3.726637601852417 -0.06393163855153494 0.997912967387962 -0.00908361285494949 -2.844834804534912 -0.0322432816028595 0.007031975502881482 0.9994553456170259 134.7687225341797
0.9975366369665046 0.062046913043684856 0.03272494662166883 3.7659099102020264 -0.061841815266012956 0.9980597215811554 -0.007243649277658727 -2.861497163772583 -0.03311089426279068 0.005202035135100036 0.999438174037028 136.00550842285156
0.9975790393521748 0.060748018911509834 0.03384913636183791 3.8107879161834717 -0.060558364198310954 0.9981428145350735 -0.006601266058490133 -2.8766491413116455 -0.03418728709220886 0.0045354363298901745 0.9994051516727147 137.25723266601562
0.9977448675810621 0.057271381305555924 0.03500196515607529 3.8672454357147217 -0.05700254765821722 0.9983366764396121 -0.00863163589116275 -2.890069007873535 -0.03543809428811073 0.006616969592051214 0.9993499655214464 138.51231384277344
0.9978365881161508 0.05471773703465455 0.036443646125584615 3.931588888168335 -0.05438045491193533 0.998468383991598 -0.010183437756160226 -2.905287027359009 -0.03694504126906395 0.00817958434133037 0.9992838134577227 139.7843780517578
0.9978828568617857 0.052615465888803815 0.03822856186881038 4.000196933746338 -0.052222507676380925 0.9985726176727794 -0.011206696448028249 -2.9193503856658936 -0.03876363858580589 0.00918657843687043 0.9992061574992377 141.0634307861328
0.9978427018204847 0.05180183571311163 0.040330811616063576 4.068026542663574 -0.051380212859930996 0.9986138289768985 -0.011422130805376244 -2.9338347911834717 -0.04086659476161003 0.009325284138335055 0.9991211063055694 142.35162353515625
0.9977226758934563 0.0527562775583906 0.04202655938306046 4.129602909088135 -0.05238141458673118 0.9985773462012937 -0.009972254563393623 -2.951331377029419 -0.04249287024140358 0.007748133626252096 0.9990666780555628 143.66757202148438
0.9975504331528313 0.05472019738351867 0.043575307958857765 4.190911293029785 -0.054380759261431155 0.9984802739259071 -0.008938213927659866 -2.972285509109497 -0.04399818554520607 0.006546660914160535 0.9990101664437532 145.01744079589844
0.9974532369083704 0.055076555049578604 0.04531560563183555 4.259279251098633 -0.054637357299517575 0.9984470213978391 -0.010875051159085046 -2.9928784370422363 -0.045844193547964096 0.008371430488619325 0.9989135038429424 146.4064483642578
0.9973233588314656 0.05597824390762857 0.04703814705004836 4.331209182739258 -0.05541265231694048 0.998375725142679 -0.013244266596591833 -3.016486883163452 -0.047703132033348083 0.010602307476040629 0.9988052890201828 147.82887268066406
0.9972140236389535 0.05666834994948018 0.04850682397955985 4.406285762786865 -0.05596516342964364 0.9983087106340612 -0.015735190519626293 -3.0418009757995605 -0.04931647330522537 0.012976660756809144 0.9986989333000906 149.26507568359375
0.997179520854985 0.05595800718529148 0.0500174135407252 4.483343124389648 -0.05505490918772393 0.9982976608210092 -0.019255680509513665 -3.070617198944092 -0.05100977420806885 0.016447666183361243 0.998562750914811 150.69735717773438
0.9970826913130537 0.05618265027655382 0.05166821660136817 4.559995174407959 -0.05508671208423355 0.9982303808361057 -0.02239707296509406 -3.1089437007904053 -0.05283510684967041 0.01948550086204226 0.9984131134331307 152.0974884033203
0.9969701498938832 0.05661688985132311 0.05333869134717638 4.63494348526001 -0.05543953961668069 0.9981901294361504 -0.02330112679811191 -3.1549136638641357 -0.05456139147281647 0.020273456140179613 0.9983046144823149 153.47129821777344
0.9968695739094358 0.05688942572862743 0.05490610272610661 4.709146022796631 -0.055692790201609554 0.9981810783737746 -0.023084842367226004 -3.2029600143432617 -0.056119512766599655 0.019954702028200266 0.9982246327994915 154.81442260742188
0.9967000322784827 0.057934296179636795 0.05685692844633514 4.783186912536621 -0.056719812631037314 0.998130968329427 -0.022747918524809608 -3.248906373977661 -0.058068543672561646 0.019447935645808156 0.9981231315556442 156.1219024658203
0.9964906982394517 0.05936478992847199 0.05901022671910097 4.859046459197998 -0.05813421152537024 0.9980584340894395 -0.022357629043244117 -3.288282871246338 -0.06022290512919426 0.01884865550379755 0.9980070250468209 157.397216796875
0.9963220777282231 0.060287046764779924 0.060891490118918395 4.937699317932129 -0.059022391545969555 0.9980061905033853 -0.022360020561973396 -3.3206191062927246 -0.062118105590343475 0.01868382120868084 0.9978939102709319 158.6583251953125
0.9962054627539239 0.06070609064709783 0.06236527899614139 5.0196852684021 -0.05936042272933406 0.997966746772014 -0.023209749325052834 -3.3513662815093994 -0.06364744901657104 0.01941964944622543 0.9977834487911288 159.91453552246094
0.9960716107872933 0.06182320006071053 0.06339834576492999 5.100452899932861 -0.06042504937457149 0.9978904238792445 -0.02374043371405886 -3.379854679107666 -0.06473230570554733 0.019816322703629985 0.9977059327302555 161.17080688476562
0.9959745852482271 0.06238219012759941 0.06436698551665643 5.1817626953125 -0.06098786065932038 0.9978640220556257 -0.023406202288462637 -3.404226303100586 -0.06568963080644608 0.01938637757106998 0.9976517462958547 162.4554901123047
0.9958405170555054 0.06380694959690818 0.06504141170415975 5.2622785568237305 -0.06239444681884354 0.9977743068694223 -0.02352377535139966 -3.4265472888946533 -0.06639762967824936 0.01936770535106125 0.9976052627273724 163.75148010253906
0.9957554052038375 0.06475436955377761 0.06540673898045633 5.342807769775391 -0.06326722424537135 0.9976943680111994 -0.024560005828387466 -3.4467613697052 -0.06684630364179611 0.020317655457245953 0.9975563753582506 165.05630493164062
0.9956668516959652 0.06615154963144286 0.06535710816937036 5.421773910522461 -0.06456863091484344 0.9975733328571894 -0.02604433120167836 -3.467374563217163 -0.06692138314247131 0.021711457740440254 0.9975219909188766 166.37118530273438
0.9955696763904882 0.06777419361994737 0.0651742885903113 5.498286247253418 -0.06618591808034768 0.9974625025030268 -0.02623000898287319 -3.4869143962860107 -0.06678662449121475 0.02180018072864398 0.9975290859988455 167.6876678466797
0.9955452335296009 0.06812480672758386 0.06518186505915176 5.57385778427124 -0.0664822301583432 0.9974209152138653 -0.02704802245687952 -3.5097193717956543 -0.06685639917850494 0.0225940951639777 0.9975067749742763 168.9942626953125
0.9954793394264563 0.06916053720387845 0.06509808618513917 5.64654016494751 -0.06743744923690143 0.9973218853620661 -0.028306993875658944 -3.5353760719299316 -0.06688147038221359 0.02378897848103423 0.9974773334277991 170.2806396484375
0.9954152878156606 0.07022996666990997 0.06493163227971036 5.717343330383301 -0.06851320859043675 0.9972486577689139 -0.02830128124733814 -3.5584521293640137 -0.06674058735370636 0.023722854847967212 0.9974882945501555 171.5620574951172
0.9953395807908372 0.07122890699787382 0.0650045205222068 5.786508083343506 -0.0695689995390465 0.9971993172376049 -0.02745404454517054 -3.579568862915039 -0.06677798181772232 0.022803797431517392 0.9975072611101083 172.83114624023438
0.9952733917190244 0.07201596720445876 0.06515012538747146 5.857513904571533 -0.07035397985093006 0.9971441427995397 -0.02745736669339166 -3.5986404418945312 -0.06694143265485764 0.02274401636052259 0.9974976645517266 174.10072326660156
0.9951734174928255 0.07355558065410144 0.06495749331448349 5.929843902587891 -0.07189347491874942 0.9970312791514822 -0.02756786663815497 -3.6148176193237305 -0.06679242104291916 0.022764788322483076 0.9975071997580152 175.38023376464844
0.9951008582885379 0.07469012949593608 0.06477364130494073 6.003458499908447 -0.0730106868297451 0.9969401958258224 -0.027921796853926067 -3.629810333251953 -0.06666093319654465 0.02305583636326114 0.9975092390168356 176.685546875
0.9950793714475452 0.0755105982301087 0.06415008519582097 6.082335948944092 -0.07376484799458494 0.996849153663269 -0.029162908111250697 -3.6448919773101807 -0.06615006923675537 0.024287387119766413 0.9975140624011125 178.03073120117188
0.9949925017710086 0.07742810308972504 0.06320447135823193 6.160377502441406 -0.07565060173473626 0.9966814413050991 -0.030051237766727086 -3.662533760070801 -0.06532153487205505 0.02511929899907006 0.9975480053306853 179.40379333496094
0.9949630811041033 0.0784106334164035 0.06245204136946604 6.235397815704346 -0.07665640983862687 0.9966058232825427 -0.030010207251713182 -3.6835811138153076 -0.06459318846464157 0.02507169915523466 0.9975966846752726 180.77789306640625
0.9949786707029773 0.07901053729810457 0.06143878798984671 6.306882381439209 -0.07722015628847334 0.996532260993316 -0.03099238320872558 -3.706908702850342 -0.0636744573712349 0.026092447721600687 0.9976295613070718 182.13351440429688
0.9950641698915348 0.07851856488881845 0.06068112301465085 6.377084255218506 -0.07665290141210868 0.9965284476556048 -0.032488275565595234 -3.7329182624816895 -0.06302139163017273 0.02767653348600807 0.9976283803809736 183.4841766357422
0.9952660433032356 0.07621972895052177 0.060299642608739684 6.450441360473633 -0.07436951849083995 0.9967056195743134 -0.03235803730172982 -3.761023759841919 -0.0625673159956932 0.02772040003237608 0.9976556707809969 184.83042907714844
0.9952405140201677 0.07650824086856914 0.06035561460302947 6.522819519042969 -0.07485023100915988 0.9967650143114138 -0.02927250563688779 -3.790219783782959 -0.062399957329034805 0.024615552161681764 0.9977475968922249 186.15481567382812
0.995264562755267 0.07571232691125468 0.0609600547081547 6.593033790588379 -0.07427968638006632 0.9969129779340036 -0.02543736291718742 -3.8126273155212402 -0.06269779056310654 0.020788811903624804 0.9978160358336936 187.44871520996094
0.9951188025260365 0.07706593762052501 0.06163886776323249 6.664650917053223 -0.07557718745913355 0.9967974100952097 -0.026133603388099634 -3.831214189529419 -0.0634554773569107 0.021347548161508634 0.9977562866769603 188.718505859375
0.9948858682959241 0.07950144361067685 0.062302500237385205 6.739836692810059 -0.07775375265965678 0.996521229505997 -0.02999512277975064 -3.847980260848999 -0.06447042524814606 0.024997471309907593 0.9976064534905866 189.9647674560547
0.9947218881235855 0.08095167936534986 0.06304969955024653 6.82079553604126 -0.07902551262699298 0.9963436235304489 -0.0324710062839082 -3.8653149604797363 -0.06544774770736694 0.027317085087820603 0.9974820304715877 191.21209716796875
0.9946496937862292 0.08102799908549735 0.06408140547455345 6.905874729156494 -0.07904882797706403 0.9963295281754002 -0.03284408733621078 -3.8872628211975098 -0.066507488489151 0.02760280205979515 0.9974040518146765 192.46424865722656
0.9945498183629908 0.08093424592421157 0.06572965586092532 6.995237350463867 -0.07896374415025065 0.9963622654561397 -0.03204722085497573 -3.91194748878479 -0.06808426231145859 0.026682296680133444 0.9973227336867652 193.71432495117188
0.9944181940434156 0.08110327426295925 0.0674885700714358 7.087631702423096 -0.07920742938403524 0.9963972073481785 -0.03031270025416221 -3.9367337226867676 -0.06970387697219849 0.024797904022345163 0.9972594743355785 194.9558868408203
0.994356438303523 0.08031694939118492 0.06931456978760601 7.1837005615234375 -0.07841434241495637 0.9964768536595542 -0.029750956970249494 -3.963676929473877 -0.07145986706018448 0.02414779906775022 0.9971511703922964 196.18617248535156
0.9942417708606008 0.07998239996629589 0.07131674943821588 7.280568599700928 -0.07796240851028635 0.9964842066506845 -0.030676070069435943 -3.993557929992676 -0.07351956516504288 0.02493940538369066 0.9969818711034755 197.404296875
0.9941253720703784 0.07951724074390898 0.07342876047609664 7.381075382232666 -0.07731007114838206 0.9964794476021643 -0.03243143840264337 -4.022656440734863 -0.07574911415576935 0.026564133761946218 0.9967730110341719 198.6027374267578
0.9939820373295518 0.07931318317035743 0.07555854557018943 7.486733913421631 -0.0769097096795135 0.996450962198199 -0.03420964524467969 -4.051784992218018 -0.0780036672949791 0.02819258792772039 0.9965543416082383 199.800048828125
0.9938213932891351 0.07882539920813225 0.07813812419680746 7.599637985229492 -0.07629008306255214 0.9964739135726499 -0.03492196327160118 -4.0811333656311035 -0.0806153416633606 0.028745031116960473 0.9963307208643997 200.99349975585938
0.9935555180152456 0.07917103712069089 0.08111394333699506 7.715332984924316 -0.07658556701339636 0.9964656370587727 -0.034509606103795325 -4.10980224609375 -0.08355941623449326 0.028075050732792595 0.9961072380090314 202.1765594482422
0.9933249951022347 0.07909208719640624 0.08396314869544792 7.8313212394714355 -0.07656173841786673 0.9965204093544127 -0.03294520408855567 -4.134899139404297 -0.08627669513225555 0.026296931238343868 0.995924102954671 203.35015869140625
0.9930197441360065 0.08031258866733988 0.08638044265221675 7.94499397277832 -0.07774451029596463 0.9964368786248833 -0.03269942392688233 -4.162564277648926 -0.0886988416314125 0.025755569476116236 0.9957253999720024 204.50350952148438
0.9928604917036594 0.08036352829732638 0.08814622204323518 8.060752868652344 -0.07774068577774029 0.9964339064356208 -0.032801016098844296 -4.189434051513672 -0.09046788513660431 0.02571428530970865 0.995567377494087 205.65817260742188
