1 0 0 0 0 1 0 0 0 0 1 0
0.9999987483028434 0.0010167910749871525 0.001177839378533332 -0.004068045876920223 -0.0010159619569225786 0.9999992242978846 -0.0007042904694360559 -0.02130504697561264 -0.0011785546084865928 0.0007030929764958171 0.9999990463258541 1.1916769742965698
0.9999938011261946 0.002238511646458722 0.002722501946039762 -0.008134202100336552 -0.0022391931757783923 0.9999974385447395 0.000247279602761885 -0.042052268981933594 -0.002721941564232111 -0.0002533742758512106 0.9999962449075994 2.389312744140625
0.9999896288101695 0.002119500392317607 0.004033824691408091 -0.009112833067774773 -0.002122075091403608 0.9999975617094301 0.0006341062341826814 -0.063422292470932 -0.004032470751553774 -0.0006426597537884104 0.9999917149558257 3.5851097106933594
0.9999845028236223 0.002172529968768828 0.005126170566277045 -0.008259976282715797 -0.002176998972382882 0.9999972679768138 0.0008663876156715014 -0.08365164697170258 -0.005124274175614119 -0.0008775338825405682 0.9999865293549703 4.792031288146973
0.9999779463313878 0.002262703797545302 0.006248787269010489 -0.0061915782280266285 -0.002268910655111353 0.9999969743453411 0.0009863813123079973 -0.10563196986913681 -0.006246536038815975 -0.0010005374768223205 0.9999800324532941 6.002829551696777
0.9999675156021226 0.0031009710682057116 0.007434114687434918 -0.00437731621786952 -0.0031020065120113127 0.9999951755019706 0.0001277719987598236 -0.1263515055179596 -0.007433682680130005 -0.00015082852530501345 0.9999723434448242 7.193815231323242
0.9999575617048571 0.00340714319038715 0.00856170248868459 0.0002808240242302418 -0.0034055436988233295 0.999994213327257 -0.00020138568622778455 -0.1483633667230606 -0.008562338538467884 0.00017221988171987716 0.9999633431434631 8.398128509521484
0.9999464753904626 0.003973789614614733 0.00955651753720076 0.004734294023364782 -0.00398418905698586 0.9999915186904986 0.001069409025231934 -0.1701526790857315 -0.009552186354994774 -0.0011074267354930153 0.9999538064274773 9.595213890075684
0.9999471906271857 0.0038707921333836254 0.00951971552232276 0.0208221934735775 -0.0038898820397829104 0.9999904785828709 0.001987614267556146 -0.1931208372116089 -0.009511930868029594 -0.0020245398874405296 0.9999527336083744 10.80490493774414
0.9999561907863779 0.0032144262956407526 0.008793433822965945 0.03539964556694031 -0.0032267600061746116 0.9999938413134977 0.0013887737374350684 -0.21839192509651184 -0.00878891535103321 -0.0014170871379712846 0.9999603629503611 11.980324745178223
0.9999623896727527 0.0036164826722812835 0.007883987998768924 0.04263117536902428 -0.0036225805104936337 0.999993167962187 0.0007593069938373388 -0.2463461309671402 -0.007881187833845615 -0.0007878388087143723 0.999968647966103 13.131155967712402
0.9999657871588745 0.004205120395535289 0.007120842177452636 0.04608100652694702 -0.0042078122912033444 0.9999910710786835 0.0003630952671462393 -0.27659186720848083 -0.0071192518807947636 -0.00039304603368701084 0.9999746084228356 14.301770210266113
0.9999627474348998 0.005592316038957438 0.006582322504605358 0.04558825492858887 -0.005593113189547222 0.9999843887186807 0.00010269173143862237 -0.3076874613761902 -0.006581644993275404 -0.00013950357351718082 0.9999783635139465 15.468361854553223
0.9999667408847479 0.005742107390361523 0.0057892983617391725 0.0439741350710392 -0.005741979213912257 0.9999834893296307 -3.877115084068299e-05 -0.33696186542510986 -0.005789425689727068 5.527830762627056e-06 0.9999832510948181 16.62375831604004
0.9999687077941388 0.006179570398112857 0.004933997452039628 0.04005292430520058 -0.006181788434822866 0.9999807618740091 0.0004344044751984809 -0.36105790734291077 -0.004931218456476927 -0.00046489183353112806 0.9999877214446258 17.776905059814453
0.999972403209469 0.006216127732353311 0.004081165119120842 0.031614214181900024 -0.006218560206918106 0.9999805247250019 0.0005835733085564342 -0.387209951877594 -0.004077457822859287 -0.0006089361457705181 0.9999915361419234 18.9278564453125
0.9999741912966726 0.00641803731572077 0.00322834989055469 0.02259746938943863 -0.006417271082978404 0.999979431696314 -0.0002475387449223205 -0.415162056684494 -0.0032298718579113483 0.00022681514739095188 0.9999947547912598 20.06907081604004
0.9999789000070116 0.006054462519335632 0.0023622485623349993 0.0137643339112401 -0.006052184659035453 0.9999812108444481 -0.0009702932898978784 -0.44310736656188965 -0.002368078799918294 0.0009559760213979258 0.9999967217458732 21.19219970703125
0.9999734759470158 0.007211879983864412 0.001017426784018169 0.001140025444328785 -0.00721156210278906 0.9999739505041015 -0.00031572783837456716 -0.47437623143196106 -0.0010196772636845708 0.0003083822176528604 0.9999994039535842 22.35179901123047
0.9999701380747439 0.007721536057736053 0.0004096444324500794 -0.013286960311233997 -0.007721334235588628 0.999970076909939 -0.0004924650552535006 -0.5051186680793762 -0.0004134347545914352 0.0004892873402550894 0.9999998211860728 23.487972259521484
0.9999698996543884 0.00776132098296871 -0.0001706639713085858 -0.027696140110492706 -0.007761514279991388 0.9999692454838557 -0.0011631772904486949 -0.5327563285827637 0.00016163091640919447 0.00116446684114635 0.9999993443489075 24.63749122619629
0.9999674558735627 0.008033825589845629 -0.0007741097405126241 -0.04350680485367775 -0.00803411046889041 0.9999676965886677 -0.00036571113459186745 -0.5577855706214905 0.0007711466168984771 0.00037191849526580986 0.9999996423721491 25.812816619873047
0.9999746680449988 0.007008670377334706 -0.0012569848213739945 -0.05573831871151924 -0.007007168298616501 0.9999747171255216 0.001195637911815461 -0.5831692814826965 0.0012653329176828265 -0.001186799735372751 0.9999985098844348 26.989986419677734
0.9999735951695428 0.007121141329852009 -0.0014401954594189868 -0.07045595347881317 -0.007119355069933608 0.9999738804829685 0.0012416056541234921 -0.6127733588218689 0.0014489995082840323 -0.0012313195797785392 0.9999981522568433 28.133159637451172
0.9999751448913372 0.006875664774896914 -0.0015353138602074907 -0.08327370136976242 -0.006875119358149107 0.9999762736564224 0.00036019301165398515 -0.635217547416687 0.0015377540839836001 -0.00034962861330699313 0.9999987483025308 29.270523071289062
0.999976694606481 0.006674829697643562 -0.0014398905671967977 -0.0971599593758583 -0.00667568737347124 0.9999775348158036 -0.0005915987915815796 -0.661130964756012 0.0014359094202518463 0.0006011972747712417 0.9999988079072857 30.38027572631836
0.9999744296222772 0.007063978507228565 -0.0011076172421910612 -0.10801254957914352 -0.0070649920761607365 0.999974615601711 -0.0009138453590414005 -0.686614453792572 0.001101133762858808 0.0009216473299501066 0.9999989867212875 31.482166290283203
0.9999783635240362 0.006504639818851148 -0.0009769203465484185 -0.11743897199630737 -0.006505012204341742 0.9999787831878014 -0.00037860111141163 -0.7095234990119934 0.0009744369308464229 0.00038494779999054263 0.9999994635582254 32.64261245727539
0.9999806880973807 0.006191868078407721 -0.0004699731911211416 -0.12424855679273605 -0.006191952812885815 0.999980807833635 -0.00017939826339316675 -0.7327417731285095 0.00046885336632840335 0.00018230485884936087 0.9999998807907104 33.7861442565918
0.9999810457229614 0.006157230896122393 -0.00014717261309413093 -0.1311335414648056 -0.0061572883278131485 0.9999809864708168 -0.0003933437393396527 -0.7552475333213806 0.00014474790077656507 0.0003942424664273858 0.9999999403953552 34.923667907714844
0.999982476235477 0.005910313766937315 -0.0002767575945388928 -0.1399286687374115 -0.0059104362705089675 0.9999824173538532 -0.0004439780974938783 -0.7817265391349792 0.0002741286880336702 0.0004456060731142849 0.9999998211860728 36.04331970214844
0.9999876022338867 0.004985297449580204 -5.073837432591329e-05 -0.14588622748851776 -0.004985282197594643 0.9999875425524631 0.00029800310330442754 -0.8064866065979004 5.222337495069951e-05 -0.0002977464464493096 0.9999999403953552 37.17075729370117
0.9999861121185916 0.005260797138918762 0.00027722559351223684 -0.1547292023897171 -0.005261256977244777 0.9999847436121319 0.0016852517893826574 -0.8310052752494812 -0.0002683555940166116 -0.0016866868986301423 0.9999985098839659 38.304656982421875
0.9999815821722748 0.005994922028510752 0.0009493440384506908 -0.1627526581287384 -0.005997589149585869 0.9999779622201935 0.002831670448525837 -0.8537465333938599 -0.0009323475533165038 -0.0028373121552948133 0.9999955296533329 39.481388092041016
0.9999778271052371 0.006409304193439618 0.0018132247953035112 -0.16905593872070312 -0.006413868550972368 0.9999762470225545 0.0025226993710892724 -0.8735513687133789 -0.001797012984752655 -0.002534273193002562 0.999995172028953 40.65859603881836
0.9999692440976702 0.0073788050618801716 0.0026495163135195946 -0.17243443429470062 -0.007385755501669644 0.9999692358272289 0.0026230800160321134 -0.8929510712623596 -0.0026300798635929823 -0.0026425681456486994 0.9999930262687187 41.798526763916016
0.9999426010363877 0.010122494095288157 0.0035135240759330295 -0.17706288397312164 -0.010138400332057595 0.9999382917312419 0.004539196416141084 -0.9101712703704834 -0.003467359347268939 -0.004574557235356436 0.9999834895765503 42.95845031738281
0.9999307400671889 0.010708551491074199 0.004883261804030083 -0.17702212929725647 -0.010746183117496921 0.9999122487283102 0.007746232096262957 -0.9250435829162598 -0.004799882415682077 -0.007798172231641143 0.9999580982844165 44.11750030517578
0.999913753377335 0.011494620735086121 0.006358016609643916 -0.1737363040447235 -0.011561150460941416 0.999877744079266 0.010527996110981007 -0.9365317225456238 -0.006236223969608545 -0.010600593709307882 0.9999243627979482 45.26645278930664
0.999895634440044 0.01219387741522425 0.0077463145013091745 -0.16848990321159363 -0.012298375003811146 0.9998320053573311 0.013588673669308956 -0.9441829919815063 -0.007579314988106489 -0.013682522726629398 0.9998776343544691 46.4389533996582
0.9998860985112685 0.011943875774443955 0.009224479987541395 -0.1598888635635376 -0.012079337494392217 0.9998179328528942 0.0147716851611799 -0.9516839385032654 -0.009046369232237339 -0.014881428020614096 0.9998483107138938 47.58704376220703
0.9998882444132917 0.010383414310287895 0.010757631320923326 -0.14506427943706512 -0.010524006372903405 0.9998588472539266 0.013095897795084493 -0.9589824676513672 -0.010620133019983768 -0.01320764730787849 0.9998563577264008 48.74643325805664
0.9998733441279555 0.010799433118913548 0.011690671090478387 -0.13148435950279236 -0.010935960950325452 0.9998720357941905 0.01167814112143836 -0.9653822183609009 -0.011563057079911232 -0.01180451017342632 0.9998634504186228 49.88405227661133
0.999863927192159 0.011020220133501924 0.012274110627165779 -0.1191655769944191 -0.01115924284385783 0.9998737047446358 0.011316215165780696 -0.9781611561775208 -0.012147853150963783 -0.011451645378280029 0.9998606491786006 51.07940673828125
0.999868695163606 0.010347568005190893 0.012474210153235136 -0.1063794493675232 -0.010484843836096325 0.9998846790014788 0.010990066841362028 -0.9925907850265503 -0.01235905010253191 -0.011119413484255436 0.9998618411528248 52.302459716796875
0.9998807940192904 0.009249379460613173 0.012362500566759669 -0.09402971714735031 -0.009376159542591633 0.9999036203080716 0.010236891177427708 -1.0092535018920898 -0.012266624718904495 -0.010351584162893723 0.999871198393329 53.4825325012207
0.9998886017710333 0.008800130897588812 0.01205314812312476 -0.08375705033540726 -0.00892765103593085 0.9999042844659336 0.010567198873778483 -1.030195951461792 -0.01195900235325098 -0.010673628381177913 0.9998714964615374 54.67671203613281
0.9998945023248389 0.008502302350659354 0.011772707565833956 -0.07667923718690872 -0.008641579009725009 0.9998926660717563 0.011830608072295003 -1.0543558597564697 -0.011670856736600399 -0.011931095418560134 0.9998607087936975 55.88821792602539
0.9998998664689189 0.008197542213242802 0.011535115383143328 -0.0688895732164383 -0.008335965415714464 0.9998932119956989 0.012003692853875524 -1.0806478261947632 -0.011435482650995255 -0.012098647209473457 0.9998614239868147 57.08944320678711
0.9998981977295216 0.00875947737742546 0.01125862365821535 -0.061254266649484634 -0.008893472828660265 0.999889554380605 0.011907179627391342 -1.1062039136886597 -0.011153079569339752 -0.012006096309746805 0.999865715219542 58.33394241333008
0.9998995090230096 0.00901977524045237 0.010941043383632477 -0.05548712983727455 -0.009149910641302661 0.9998872882630817 0.011903037555190637 -1.1337459087371826 -0.010832447558641434 -0.012001950406318684 0.9998692912405147 59.55031204223633
0.9999046942967738 0.008299871234332819 0.01103383807112542 -0.05040314421057701 -0.008427652511546313 0.9998973667422547 0.011585229270714882 -1.1604793071746826 -0.010936549864709377 -0.011677114644871756 0.9998720329041646 60.744625091552734
0.9999130979919535 0.0070100176143589096 0.011162710196199096 -0.039236538112163544 -0.007130231698860984 0.9999165778916996 0.010766110661270905 -1.187579870223999 -0.01108630932867527 -0.010844768374065616 0.999879721442074 61.91463851928711
0.9999057072665494 0.007197253128222668 0.011693842110155065 -0.03246243670582771 -0.007337025227578897 0.9999016067373392 0.011954010587064712 -1.2153961658477783 -0.011606656014919281 -0.012038681939130602 0.9998601723850697 63.09870147705078
0.9999024887652403 0.0073809448116049945 0.011854049530821285 -0.028145724907517433 -0.007541135037431895 0.9998800927883987 0.013526198937577883 -1.2431260347366333 -0.011752791702747345 -0.013614272771343305 0.99983823939694 64.30436706542969
0.9999066609080849 0.007170564594220826 0.011632700223715584 -0.021517816931009293 -0.007317522401109444 0.9998933712712584 0.01264018090702744 -1.2705249786376953 -0.011540821753442287 -0.012724123259364839 0.9998524838932425 65.49890899658203
0.9999004028866665 0.00817490204556443 0.011502572346633811 -0.018520722165703773 -0.008312261260044751 0.9998940939281736 0.011944917231359818 -1.30081307888031 -0.011403705924749374 -0.012039340390290754 0.9998624967977321 66.67955017089844
0.9998880059765796 0.009892554038403414 0.011231967529880949 -0.01633101888000965 -0.010037009371378747 0.9998666859168046 0.012878372027402295 -1.3324203491210938 -0.011103070341050625 -0.01298966476969654 0.9998539738219847 67.89790344238281
0.999877754608562 0.011007731216514228 0.01110779110075271 -0.015447673387825489 -0.011157402661210514 0.9998465805525233 0.013503645367470745 -1.3643836975097656 -0.010957442224025726 -0.013625927999131482 0.9998471196600249 69.08895111083984
0.9998680992591034 0.011616809510568328 0.01134978866213517 -0.014894459396600723 -0.011780058112522918 0.9998265677884784 0.01442401997945748 -1.3933025598526 -0.01118025928735733 -0.014555818140030485 0.9998315042954644 70.28944396972656
0.999852126327184 0.012300485802141813 0.012018133614554694 -0.014330830425024033 -0.012485335241421813 0.999802991757395 0.015428832410746858 -1.4189494848251343 -0.011825984343886375 -0.015576601542165114 0.999808737179606 71.48130798339844
0.9998020626731474 0.014531717071438209 0.01359183633147124 -0.014659484848380089 -0.014753067214725413 0.9997578188391039 0.016329524623191153 -1.445730209350586 -0.01335124857723713 -0.01652681322171512 0.9997742893837511 72.64290618896484
0.9997950300866876 0.013635163672624592 0.014966887547591195 -0.0018906593322753906 -0.013843542506220274 0.9998074530366786 0.013908490071965594 -1.4660454988479614 -0.014774360693991184 -0.014112833907047873 0.9997912754038829 73.80613708496094
0.9997968765360916 0.011477617248031242 0.016565348107705175 0.019748331978917122 -0.011629534884418091 0.9998909178576572 0.009103810101408904 -1.489368200302124 -0.01645905151963234 -0.009294608339225685 0.9998213111295691 74.93460083007812
0.999749436265045 0.013001498242467187 0.01821910468281561 0.043644122779369354 -0.013147531198341611 0.9998822002238855 0.007918672278166245 -1.5190751552581787 -0.018114004284143448 -0.008156224808273993 0.9998026544787351 76.15599060058594
0.9997255375961345 0.013513255396922316 0.019136284783653944 0.06854237616062164 -0.013725743718046246 0.9998451122404433 0.011016499378812687 -1.547359824180603 -0.01898445188999176 -0.011276135471109505 0.9997561688614383 77.3799819946289
0.9996676106148072 0.01539002033466663 0.02068410289240953 0.09079041332006454 -0.01565179063242328 0.9997986826048879 0.012553871873463521 -1.577111005783081 -0.020486734807491302 -0.01287344232021731 0.9997072393850281 78.64922332763672
0.999581198822078 0.017246582962868504 0.023239099532793177 0.1206526979804039 -0.01748164414780784 0.9997977136273191 0.009949984717901893 -1.6022735834121704 -0.023062793537974358 -0.01035207509266789 0.9996804737504945 79.84874725341797
0.9994816173824006 0.018071903904353443 0.02664412625033301 0.15968413650989532 -0.018236099387390903 0.9998161298148635 0.0059324803409591 -1.6284339427947998 -0.026532014831900597 -0.0064152900772890264 0.9996274186044118 81.08650207519531
0.9993899009174356 0.01814714485218306 0.02984172801389133 0.20948225259780884 -0.01820023290690642 0.9998332671453903 0.0015083241729250694 -1.6593457460403442 -0.0298093780875206 -0.0020505302443485363 0.9995535025331037 82.31919860839844
0.9992539622169545 0.017772061059112818 0.03428785635381557 0.2664862275123596 -0.01779632967044331 0.9998415336740062 0.00040270201960961884 -1.6898776292800903 -0.03427526727318764 -0.001012599573632117 0.9994118812852051 83.51351928710938
0.9991070684878878 0.018541931943957687 0.03796460409284522 0.3232441544532776 -0.018618877736131245 0.9998252535014601 0.0016741830275346673 -1.7194428443908691 -0.03792692720890045 -0.002379546288589496 0.9992776533684378 84.70537567138672
0.9989038078230443 0.019621474419937817 0.042499979027980556 0.3833844065666199 -0.019722706817857594 0.9998035678904433 0.001963902027657557 -1.7441281080245972 -0.0424530953168869 -0.0027999637550036316 0.9990945493877135 85.85993194580078
0.9986408781400975 0.019449802040346104 0.04835448863978567 0.4618026614189148 -0.019444576014260972 0.999810798897191 -0.000578509979249196 -1.7686827182769775 -0.048356588929891586 -0.0003625087991529913 0.9988300801020777 86.99349975585938
0.9983880107296628 0.01905928746355874 0.053461764824970365 0.5527645349502563 -0.018902251850917318 0.9998154477607187 -0.0034414839040304394 -1.795672059059143 -0.05351748690009117 0.0024253885006364773 0.9985640090835481 88.10724639892578
0.998095349090871 0.019243986638911355 0.05861153854395663 0.6477692723274231 -0.0190431275340045 0.9998107083655122 -0.003983635707012513 -1.8216583728790283 -0.058677107095718384 0.0028599013232370324 0.9982729028991706 89.20775604248047
0.9978151697392263 0.01834266888032064 0.06346978151731787 0.746942937374115 -0.01819484985001374 0.9998301884232688 -0.002906237552013957 -1.8463674783706665 -0.06351231783628464 0.0017450648652730383 0.9979795248801793 90.32220458984375
0.9975488082957078 0.01740179405527096 0.06777584398972591 0.8536051511764526 -0.017336856209615892 0.9998485280057218 -0.0015462367726411035 -1.869389533996582 -0.06779248267412186 0.00036742658081562185 0.9976993800580836 91.45703887939453
0.9973203389376479 0.016311340759492074 0.07131625103882032 0.9620928168296814 -0.016362442967522095 0.9998661015963555 0.00013238444371477254 -1.8912363052368164 -0.07130454480648041 -0.001298937864847964 0.997453751303901 92.5872802734375
0.9970898778970252 0.014772457214672447 0.07479016184482035 1.0762901306152344 -0.01491619378554665 0.9998877987822832 0.0013636188705573621 -1.9108564853668213 -0.07476162910461426 -0.002475235120268038 0.9971983519509422 93.70153045654297
0.9968435010283692 0.013622437906939901 0.0782143912230116 1.1896817684173584 -0.01352907175806789 0.9999069696805997 -0.00172352350130525 -1.9307411909103394 -0.0782305970788002 0.0006599150944048178 0.9969350702916842 94.80097198486328
0.9966558852758212 0.012612688687471183 0.08073371533167795 1.3022372722625732 -0.012133806262343283 0.9999057828954483 -0.006419503336176807 -1.9503096342086792 -0.08080707490444183 0.005418428382791829 0.9967149979487999 95.90589141845703
0.9963853218949481 0.013454425314406914 0.08387659160384803 1.413817048072815 -0.01263111136195011 0.9998667458142408 -0.010338753192866403 -1.970920443534851 -0.08400452136993408 0.009241927440409858 0.9964225025172269 96.98848724365234
0.9961512655627267 0.013458094961586582 0.08661123807143023 1.5221846103668213 -0.012464053119828511 0.9998502228096942 -0.012007639686828431 -1.9947994947433472 -0.08675986528396606 0.010881898232893705 0.9961697920882351 98.05662536621094
0.9960189829569828 0.01400602477766509 0.08803400252326524 1.6315046548843384 -0.013058839148564871 0.9998505598002372 -0.011326080544734274 -2.0261712074279785 -0.08817948400974274 0.010131369576818705 0.9960530627494393 99.16252136230469
0.9960043181853635 0.01493534893630505 0.08804691925595065 1.7378336191177368 -0.014136408410364176 0.9998530661420838 -0.009690639772092991 -2.0573763847351074 -0.08817872405052185 0.008407252265183462 0.9960691529163554 100.29463195800781
0.9960451671540405 0.015234477590945065 0.08753197917631494 1.8405094146728516 -0.014577812694897552 0.9998606171580554 -0.00813638032761192 -2.0935163497924805 -0.08764373511075974 0.006828177847292144 0.9961284706691131 101.44046783447266
0.9961248568777172 0.016326716149845575 0.08642138746809358 1.9393035173416138 -0.015771727153505388 0.9998503513249389 -0.007100838099089994 -2.1298601627349854 -0.08652439713478088 0.0057103071216269286 0.9962333461685802 102.587890625
0.9962252716486297 0.017179399312448405 0.08508854915891405 2.034135580062866 -0.01670023317386027 0.9998404587928438 -0.006340022195018408 -2.1625773906707764 -0.08518388867378235 0.004895091821064679 0.9963532527816099 103.75148010253906
0.9963859642729389 0.018604221870255067 0.08287885661087019 2.1174895763397217 -0.01809392847438407 0.9998124583503044 -0.006904010674901638 -2.192359447479248 -0.08299175649881363 0.00537945547165844 0.9965357686123895 104.8703384399414
0.9965965584503209 0.02144993385421583 0.07959428745969567 2.187668561935425 -0.02088293270294672 0.9997503191686408 -0.007949322242928304 -2.21535062789917 -0.07974492758512497 0.006260104994312232 0.996795657523144 105.95817565917969
0.9968004199040017 0.022380838722102028 0.0767338156587872 2.2546987533569336 -0.021877071685794225 0.9997332901343972 -0.007399557848000263 -2.241828680038452 -0.07687895745038986 0.005697171050521976 0.9970241672346916 107.1034164428711
0.9969743800816104 0.02360253372045054 0.07406004947984333 2.3174359798431396 -0.023207190162945146 0.9997114302135964 -0.006194279999770131 -2.270448923110962 -0.07418488711118698 0.004456813076528066 0.9972344912843596 108.28227996826172
0.997164689429276 0.024319468155510927 0.07121138933818703 2.3782870769500732 -0.024013662904965427 0.9996983518673883 -0.0051474180468112155 -2.2990221977233887 -0.07131509482860565 0.003422777311676478 0.9974479229493696 109.49629211425781
0.9973421623087262 0.024707818885363306 0.06854280507293244 2.4373579025268555 -0.024449968702795477 0.9996905145951083 -0.004598372043988847 -2.326751470565796 -0.06863520294427872 0.0029102808057452356 0.9976375798840564 110.71782684326172
0.9975455651348035 0.025438825269116713 0.06523572596388667 2.4879136085510254 -0.0251824581032547 0.9996715922390436 -0.004749256041460591 -2.353729248046875 -0.06533511728048325 0.003094803238946342 0.9978585346381941 111.91361999511719
0.9977542171759595 0.02648400321316151 0.06152369146492206 2.527616262435913 -0.026231423036142898 0.9996438382529034 -0.0049096366327379 -2.383047580718994 -0.06163180619478226 0.0032847566359731906 0.9980935557480919 113.07991790771484
0.9979313875421667 0.02725203011007127 0.05822677320465755 2.5607190132141113 -0.02698030482246816 0.9996211284599643 -0.005447904345757746 -2.4093215465545654 -0.058353178203105927 0.0038656584873626443 0.9982885250271067 114.22492218017578
0.99805798506193 0.028627742596965034 0.055323745612818914 2.5908210277557373 -0.028318217741228446 0.9995786772417196 -0.006370804296043947 -2.438138008117676 -0.05548281595110893 0.004791762147724976 0.9984481511884944 115.3775405883789
0.9980970269308393 0.031149464171749058 0.05321690749354624 2.615805149078369 -0.030824622440402072 0.9995008946562094 -0.006914218667110341 -2.470695734024048 -0.05340572074055672 0.005260669888263014 0.9985590179275015 116.53292846679688
0.9980880983555807 0.03351950393914584 0.0519280088166242 2.6422834396362305 -0.03320310302023577 0.9994244883017983 -0.006944028726478584 -2.5012311935424805 -0.05213088542222977 0.005206581553119344 0.9986266678586873 117.71859741210938
0.998073478577659 0.03486404593000361 0.05132037733119754 2.6713051795959473 -0.03452496890915313 0.9993758039479413 -0.007479088173584222 -2.5352115631103516 -0.05154909938573837 0.005692845364526633 0.9986542083600014 118.89058685302734
0.997981691061355 0.037454980850898816 0.051279816546695965 2.7030344009399414 -0.037111284654822496 0.999281953817964 -0.0076385091239082395 -2.567544460296631 -0.05152909457683563 0.005720032418103899 0.9986551025715578 120.04044342041016
0.9979033538147775 0.03937278439035558 0.05136849181957042 2.7384421825408936 -0.03908236007377219 0.9992138906884991 -0.006646415131302092 -2.598146677017212 -0.05158979818224907 0.004624877982761094 0.9986576580818252 121.20179748535156
0.9978982962572331 0.039567061348133994 0.05131651356061317 2.780419111251831 -0.03930590993950256 0.9992086202918311 -0.006088689336193926 -2.6230030059814453 -0.0515168197453022 0.004058850676249837 0.9986638536795525 122.3746337890625
0.997761808948745 0.0430753197265499 0.0511464449328087 2.826216459274292 -0.04290006626855147 0.9990691738339289 -0.004519899741602092 -2.6460604667663574 -0.05129352957010269 0.002315597355343535 0.9986809527418963 123.58759307861328
0.9977009680357938 0.04398618126634096 0.051556274561736594 2.876817464828491 -0.04395609578163784 0.999031965050953 -0.0017178538997403101 -2.6647136211395264 -0.05158193036913872 -0.0005523080395638258 0.998668611287691 124.8003921508789
0.9977451351507582 0.04293867642981164 0.05158365763043001 2.93332839012146 -0.04290454572765334 0.9990775993419098 -0.001769301842064243 -2.680216073989868 -0.05161204934120178 -0.00044786108431314926 0.9986670614877724 126.01138305664062
0.9977478653506822 0.04253201405185091 0.05186714666128629 2.9874038696289062 -0.04240827328504615 0.9990942876473214 -0.003484424920639948 -2.69331693649292 -0.051968369632959366 0.0012769813551153156 0.9986478697608803 127.21414184570312
0.9978462584939471 0.04009661236167613 0.0519145119757333 3.0473079681396484 -0.040017663162475126 0.9991957140905419 -0.002559718780852867 -2.7113049030303955 -0.05197539180517197 0.0004767083303822781 0.9986482264222687 128.4290313720703
0.9979394800848524 0.037893585149997695 0.05177693280796652 3.1095011234283447 -0.03790906838121444 0.99928094708974 -0.0006833516042265412 -2.728506088256836 -0.051765598356723785 -0.001280871742347589 0.9986584197742019 129.66506958007812
0.9980240642637597 0.03547963421438017 0.05185751023573588 3.1700034141540527 -0.03559454121406369 0.999365467486099 0.001293649641612416 -2.7438831329345703 -0.05177870765328407 -0.0031369377272155996 0.9986536569199806 130.89305114746094
0.9980966906790627 0.033565169307211346 0.05173441097017953 3.231992721557617 -0.03373909392607288 0.9994275627065099 0.0024919542365916814 -2.7603628635406494 -0.05162115395069122 -0.004232683316300445 0.998657775003835 132.16188049316406
0.9982067404209793 0.02979932372013715 0.05191609589358593 3.296741485595703 -0.029846969243327304 0.9995544605180476 0.00014251952966807483 -2.7728750705718994 -0.05188871920108795 -0.0016918021190005447 0.998651446839034 133.3824005126953
0.9982753750478963 0.0276035802829293 0.05181014545526368 3.35733699798584 -0.027570287275640037 0.9996189335312612 -0.0013573124726176597 -2.7894997596740723 -0.051827870309352875 -7.344897854524857e-05 0.9986560344696045 134.5958709716797
0.9983106671743407 0.026093790836006433 0.05191258503615913 3.418374538421631 -0.02603731890267258 0.9996594601387648 -0.0017639089089793274 -2.8052730560302734 -0.051940929144620895 0.0004092645313616937 0.9986500740855853 135.8291015625
0.9983009522387718 0.025983386196625866 0.05215331221349362 3.4767842292785645 -0.02593456107674008 0.9996622883093444 -0.001612828390065777 -2.818605422973633 -0.052177611738443375 0.00025751487053704905 0.9986377359248522 137.0726318359375
0.9982177589003243 0.027510845868046453 0.0529565265506111 3.537224292755127 -0.027553980964412084 0.9996203114901071 8.449408661449949e-05 -2.8318545818328857 -0.05293409526348114 -0.0015435066357662452 0.9985967891240364 138.39601135253906
0.9981043367461098 0.030081636743755663 0.053692691777991526 3.6025896072387695 -0.030211483041350573 0.9995422364261234 0.0016081053786178646 -2.844433546066284 -0.053619738668203354 -0.0032271926457280026 0.9985562042351432 139.7955780029297
0.9980743039399158 0.02997289115068045 0.05430745477377898 3.676010847091675 -0.030020910806797363 0.9995493048593391 6.849205659055025e-05 -2.862337589263916 -0.05428092181682587 -0.0016987193504435852 0.998524250709039 141.16473388671875
0.9980505420773795 0.030373499586212778 0.05452219319393955 3.7481577396392822 -0.03032781175821131 0.9995386458187961 -0.001665361932708713 -2.8832950592041016 -0.054547619074583054 8.576567401524793e-06 0.9985111951828003 142.51046752929688
0.9980400565614111 0.030503875987179675 0.05464092569883512 3.8182032108306885 -0.030329079537226522 0.9995318697663609 -0.004025583445844322 -2.9022626876831055 -0.05473814159631729 0.002360484474798169 0.9984979671516463 143.81887817382812
0.9980636789807065 0.02978543571358302 0.05460512193875343 3.8879687786102295 -0.029377996710089338 0.9995343378150546 -0.008249298546976327 -2.92431902885437 -0.05482540279626846 0.0066291359048428755 0.9984739158453664 145.0877227783203
0.9980618962650567 0.030129418820185216 0.05444865442304654 3.9559996128082275 -0.029523887952498384 0.9994933084813004 -0.011891682550204266 -2.952735185623169 -0.054779358208179474 0.010261099722047584 0.9984457689720116 146.34228515625
0.9980589897426739 0.030590683710527998 0.054244121264038846 4.024425506591797 -0.02993167255636031 0.9994684128270215 -0.012920251458502913 -2.987586259841919 -0.05461052805185318 0.011271556419180095 0.9984441158311341 147.66571044921875
0.9980530400236631 0.030842159973339493 0.05421207575207807 4.088778972625732 -0.0301902572383439 0.9994622203333684 -0.0128033139890229 -3.0269246101379395 -0.054577797651290894 0.011141709396820798 0.9984473917516823 148.94569396972656
0.9980282769201487 0.03147141252299136 0.05430551365148387 4.156574249267578 -0.030852176653298202 0.9994494530592378 -0.01220392940803585 -3.066293954849243 -0.05465969070792198 0.010504423847535471 0.9984498254840446 150.26852416992188
0.997991247979531 0.03226625167731243 0.054519088912309804 4.220852375030518 -0.03170368768451759 0.9994350831902358 -0.011152436479361292 -3.1008148193359375 -0.054848138242959976 0.009401577648540438 0.9984504055949799 151.57923889160156
0.9979599338506517 0.03291290295706794 0.05470580310913001 4.281920433044434 -0.03238334944880661 0.9994199342342929 -0.0105387007254069 -3.1313891410827637 -0.055020932108163834 0.00874564392947641 0.9984468803123434 152.85055541992188
0.9979419524628383 0.03324181029520248 0.05483499452952961 4.344024658203125 -0.03268247089907561 0.9994045302411714 -0.01106606442827475 -3.1612305641174316 -0.055170197039842606 0.009251146823356926 0.9984341321332977 154.13284301757812
0.9979399460610239 0.03381580452837636 0.05451923987430375 4.401978492736816 -0.033277892555059196 0.999388382186094 -0.01074452920301315 -3.185727834701538 -0.054849229753017426 0.008908109149374788 0.9984548691267037 155.3900909423828
0.9979581789849483 0.03388034925412181 0.05414418067315155 4.460382461547852 -0.03340733076325342 0.9993954846310276 -0.009617889486703765 -3.206585645675659 -0.054437313228845596 0.007789439334577486 0.9984868024410609 156.70278930664062
0.9979371167853373 0.03468793402521366 0.05402040017540086 4.520546913146973 -0.03424594317657137 0.9993721487994536 -0.009086458342590177 -3.228724956512451 -0.0543016716837883 0.007217734460272518 0.9984984783082353 158.03346252441406
0.9979382555683785 0.034953852212365404 0.05382868569765535 4.586192607879639 -0.03447650006635694 0.9993577810021487 -0.00977146324724195 -3.2496116161346436 -0.05413566157221794 0.007895492082597988 0.9985024194949972 159.44102478027344
0.9979541107948791 0.03533710142420201 0.05328171319441146 4.6471710205078125 -0.03481354654019242 0.9993363343072776 -0.010722762290213423 -3.2706267833709717 -0.053625259548425674 0.008845899018741665 0.9985219804505903 160.79042053222656
0.9979307828880053 0.036124929664213705 0.05318902857544714 4.704742431640625 -0.03559745745367393 0.9993074837570269 -0.010831433616857917 -3.291743755340576 -0.05354348197579384 0.008915627038878271 0.99852567670845 162.09701538085938
0.997942102723961 0.03623451403283596 0.052902109270005875 4.7623748779296875 -0.03567576268556527 0.9992976081962811 -0.011468692743797545 -3.3141543865203857 -0.05328051373362541 0.009557767687329577 0.9985337908456948 163.3848876953125
0.9979432599521374 0.03722077132056229 0.05219078933717425 4.814352989196777 -0.036616781835297374 0.9992514745045151 -0.012481839457491706 -3.338372230529785 -0.05261630192399025 0.010545108347508325 0.9985591349108915 164.652099609375
0.997919752075326 0.03797572454315579 0.05209653789607945 4.86647367477417 -0.03738193140309054 0.999225000048465 -0.01232576126782456 -3.363171100616455 -0.05252424627542496 0.01035265159063492 0.9985659864576206 165.92333984375
0.9979157250011497 0.03884569072394023 0.051529605347702186 4.923238754272461 -0.038327130835317025 0.9992045583334386 -0.011013995273160498 -3.391810417175293 -0.0519164614379406 0.00901605665726779 0.998610730314951 167.2082061767578
0.9979116893590501 0.039463107706195905 0.05113615861629432 4.979129314422607 -0.038958986039639765 0.9991822387936244 -0.010818345826186331 -3.417417049407959 -0.051521267741918564 0.008803540871023752 0.9986330786900623 168.49359130859375
0.9978997383926362 0.04039372903450545 0.05064075737924274 5.029329299926758 -0.03991459422232069 0.9991485430698476 -0.010437762055288288 -3.4370667934417725 -0.05101926252245903 0.008394534990815383 0.9986623985925327 169.7315673828125
0.9979076133014075 0.04108993699043938 0.0499200646916145 5.078734874725342 -0.040625508624945184 0.9991215160047331 -0.010283172750943488 -3.458014488220215 -0.050298746675252914 0.00823362866420485 0.9987003041199216 170.9654083251953
0.9979112580337386 0.041832881372193174 0.04922501761447427 5.127130508422852 -0.04133940147412485 0.9990845867385474 -0.011001161584707495 -3.4776432514190674 -0.049640167504549026 0.008943249961953503 0.9987270730564859 172.19525146484375
0.9978979943614767 0.04303395463812712 0.048452245256530774 5.17120885848999 -0.04251383420031174 0.9990271889722937 -0.011715019336788032 -3.499223232269287 -0.048909254372119904 0.009630503537688961 0.9987567623558817 173.3873291015625
0.9979075276301721 0.0434721735633789 0.047862438826140385 5.2169084548950195 -0.042977000062508486 0.9990118648751495 -0.011327194262508363 -3.5158920288085938 -0.04830756038427353 0.009246507962537176 0.998789718116246 174.601318359375
0.9979149129747356 0.04362909192302874 0.04756357895527612 5.265653610229492 -0.04310002638157995 0.998997566319531 -0.012093208302777011 -3.537057638168335 -0.04804351553320885 0.010018001272043331 0.9987949713846831 175.85044860839844
0.9979537913298699 0.04291172705451695 0.04740002170948412 5.3147430419921875 -0.0423253767333156 0.9990152992949934 -0.013305843712728423 -3.5576586723327637 -0.04792432114481926 0.011272393364460509 0.9987873570438808 177.08880615234375
0.998032083621947 0.04118466080307555 0.047282965557304046 5.365168571472168 -0.040608492404562435 0.9990894506500603 -0.013082519704978555 -3.5780539512634277 -0.04777871444821358 0.011136684961101373 0.9987958187576673 178.30308532714844
0.9979451646660031 0.04360881320444702 0.046943558449577566 5.4133830070495605 -0.04319037894549904 0.9990178866066899 -0.009891749283832844 -3.601168155670166 -0.04732882231473923 0.007843913615168951 0.9988485920050216 179.52529907226562
0.9978601432934475 0.04507213497929518 0.04736763958512115 5.463601589202881 -0.04485078387844288 0.9989773224033929 -0.005726069706153514 -3.623297691345215 -0.047577280551195145 0.0035893408518817144 0.9988611413420614 180.77569580078125
0.9977628592604049 0.04701268953854382 0.04752921031165688 5.510015964508057 -0.046765361798120075 0.998886012845407 -0.006302955885830249 -3.64633846282959 -0.04777258262038231 0.004066134603418203 0.9988499378388127 182.0031280517578
0.9976197354592138 0.048827156608415856 0.04869034297049522 5.562038898468018 -0.04840612373365549 0.998779732851942 -0.009789856338512835 -3.665081739425659 -0.04910894110798836 0.007409643219120354 0.9987659190558489 183.21148681640625
0.9975673463586396 0.04936918412313637 0.049215153170912226 5.614279270172119 -0.048849790299127394 0.9987375819054618 -0.011701825388533165 -3.6847293376922607 -0.049730733036994934 0.009269208550023389 0.9987196263427514 184.41522216796875
0.9975326389226566 0.04953151739585205 0.049752405670355944 5.668397903442383 -0.04899291136680883 0.9987272264775099 -0.011988244389705166 -3.707496166229248 -0.05028287321329117 0.009521149387046457 0.9986896493388357 185.61273193359375
0.9974521539835663 0.05013343723881034 0.05075273971763298 5.723814010620117 -0.049640021838059045 0.9987072824376454 -0.010937004542778956 -3.727487564086914 -0.051235441118478775 0.008389771774729216 0.9986513720468224 186.8611602783203
0.9973791735931385 0.0508943611271652 0.05142490174505161 5.783180236816406 -0.050481642445913355 0.9986817090392633 -0.009293767243730882 -3.745501756668091 -0.05183011293411255 0.006673396557312583 0.9986335935611592 188.10311889648438
0.9973256572259288 0.05080338560323952 0.05254044645269889 5.840950965881348 -0.0504308659154602 0.9986923101016432 -0.008392573110149007 -3.769005298614502 -0.052898108959198 0.00572046825578032 0.998583518566555 189.32452392578125
0.9972388649306758 0.05088280039227753 0.05408823950656387 5.902951240539551 -0.050462451244213335 0.9986843719672465 -0.009109951876051422 -3.795682668685913 -0.054480623453855515 0.00635537327097313 0.9984945955847166 190.53907775878906
0.9971831347026914 0.05021118548357449 0.05571972967083403 5.967635631561279 -0.049695429192447405 0.9987081207589523 -0.010604458728808393 -3.818896532058716 -0.056180208921432495 0.007805571250035448 0.9983901268365152 191.72332763671875
0.9970709792233343 0.05032583334878245 0.057591183058045774 6.0299482345581055 -0.04971057452792449 0.9986907183052565 -0.01206737372094311 -3.8400943279266357 -0.058123085647821426 0.00916913775922551 0.9982673047137922 192.90240478515625
0.9969695936301619 0.050207374364881 0.05942059287447959 6.09509801864624 -0.04953305614130077 0.9986908678034561 -0.012768188657757293 -3.863476276397705 -0.059983860701322556 0.009786212642910797 0.9981513888435956 194.09048461914062
0.9968258526886764 0.05096499190875664 0.061162594319371766 6.161924362182617 -0.05032664725885927 0.9986615068427225 -0.011933391395886884 -3.887904167175293 -0.06168891489505768 0.008817404574499643 0.9980564860986725 195.27279663085938
0.9966848948143259 0.05103535628731516 0.06336103929513681 6.234000205993652 -0.05048475683717135 0.9986721364827319 -0.010261695147388289 -3.9120616912841797 -0.06380061060190201 0.007028909659782534 0.9979379086217932 196.45790100097656
0.996506194957334 0.05243554146714183 0.06500644534184195 6.306682586669922 -0.05191428878497817 0.9986045586831038 -0.009683046373223266 -3.937070846557617 -0.06542347371578217 0.006274452581062295 0.9978378243021098 197.6062774658203
