0.999996 0.000864 0.00277394 -0.00176101 -0.000861336 0.999999 -0.000961477 -0.000198334 -0.00277477 0.000959084 0.999996 0.0741373
0.999996 0.000864 0.00277394 -0.00176101 -0.000861336 0.999999 -0.000961477 -0.000198334 -0.00277477 0.000959084 0.999996 0.0741373
0.999989 0.00121559 0.00454543 -0.00222798 -0.00121314 0.999999 -0.000541434 -0.000369633 -0.00454608 0.000535914 0.99999 0.148091
0.999973 0.00079958 0.00726452 -0.00450301 -0.000799776 1 2.41107e-05 -0.00103235 -0.0072645 -2.992e-05 0.999974 0.218235
0.999956 0.000676857 0.00936507 -0.0059137 -0.000678521 1 0.000174443 -0.0012363 -0.00936495 -0.00018079 0.999956 0.290508
0.999974 -9.01694e-05 0.00724317 -0.00443911 8.79554e-05 1 0.000305985 -0.00154808 -0.0072432 -0.00030534 0.999974 0.364252
0.999976 8.68987e-05 0.00688915 -0.00435304 -8.15554e-05 1 -0.000775891 -0.00169958 -0.00688921 0.00077531 0.999976 0.434972
0.999974 2.65832e-05 0.00725075 -0.00448085 -2.06059e-05 1 -0.000824455 -0.00195424 -0.00725077 0.000824284 0.999973 0.504717
0.999975 -0.000420879 0.00712104 -0.00509085 0.000414842 1 0.000849255 -0.00212264 -0.0071214 -0.000846279 0.999974 0.574823
0.999981 -0.00130985 0.00609817 -0.0056278 0.00129928 0.999998 0.00173626 -0.0023338 -0.00610043 -0.00172831 0.99998 0.646046
0.99999 -0.00229927 0.00374829 -0.00622435 0.00229421 0.999996 0.00135344 -0.00259876 -0.00375139 -0.00134483 0.999992 0.716848
0.999996 -0.00203647 0.00181048 -0.00758106 0.00203538 0.999998 0.000603183 -0.00237096 -0.00181171 -0.000599496 0.999998 0.788686
0.999998 -0.00167784 0.00066451 -0.0088534 0.00167757 0.999999 0.000408981 -0.00248399 -0.000665195 -0.000407866 1 0.860281
1 -0.000546931 -9.36763e-05 -0.0097886 0.000546949 1 0.000192071 -0.00291921 9.35712e-05 -0.000192122 1 0.931403
0.999999 -0.000970808 -0.000760014 -0.0111091 0.000970988 1 0.000236243 -0.00306695 0.000759785 -0.000236981 1 1.00246
0.999998 -0.00113991 -0.00177692 -0.0108485 0.00114081 0.999999 0.000507524 -0.00298696 0.00177634 -0.00050955 0.999998 1.07449
0.999996 -0.00152408 -0.00237383 -0.0115674 0.00152591 0.999999 0.000766346 -0.00310419 0.00237266 -0.000769965 0.999997 1.14501
0.999995 -0.00135593 -0.00279248 -0.013317 0.00135661 0.999999 0.000240616 -0.00360771 0.00279215 -0.000244404 0.999996 1.21446
0.999991 -0.00186483 -0.00373498 -0.0143731 0.00186224 0.999998 -0.000695809 -0.00363701 0.00373627 0.000688848 0.999993 1.28743
0.999986 -0.00169536 -0.00492951 -0.0153939 0.00169766 0.999998 0.000462326 -0.00426939 0.00492872 -0.000470688 0.999988 1.35605
0.999987 -0.000846327 -0.0050656 -0.0175036 0.000846791 1 8.93482e-05 -0.00407121 0.00506552 -9.36366e-05 0.999987 1.42867
0.999982 -0.0015116 -0.0058391 -0.0193078 0.0015128 0.999999 0.000202394 -0.00499123 0.00583879 -0.000211224 0.999983 1.49872
0.999972 -0.00157703 -0.0073044 -0.0199918 0.00158593 0.999998 0.00121272 -0.00509305 0.00730247 -0.00122427 0.999973 1.5705
0.999965 -0.00238112 -0.00800877 -0.0212269 0.00240378 0.999993 0.00282156 -0.00528802 0.008002 -0.00284071 0.999964 1.64021
0.999955 -0.00312729 -0.00896225 -0.0231897 0.00315364 0.999991 0.00292793 -0.00544654 0.00895301 -0.00295606 0.999956 1.71334
0.999941 -0.00387196 -0.0101392 -0.0239184 0.00389831 0.999989 0.00258057 -0.00560925 0.0101291 -0.00261995 0.999945 1.78651
0.999925 -0.00438363 -0.0114598 -0.0257111 0.00439826 0.99999 0.00125139 -0.00542861 0.0114542 -0.0013017 0.999934 1.85827
0.999904 -0.00434621 -0.0131614 -0.0271422 0.00436399 0.99999 0.00132306 -0.00572336 0.0131555 -0.00138037 0.999913 1.93187
0.999882 -0.00565198 -0.0143019 -0.0285214 0.00567928 0.999982 0.00186903 -0.00603894 0.0142911 -0.00195003 0.999896 2.00259
0.99986 -0.00627217 -0.0155379 -0.0296848 0.00631315 0.999977 0.00258993 -0.00634745 0.0155213 -0.00268766 0.999876 2.07445
0.999842 -0.00693926 -0.0163424 -0.0315806 0.00698001 0.999973 0.00243786 -0.00644546 0.0163251 -0.00255154 0.999864 2.14629
0.999835 -0.00685326 -0.0168026 -0.0338295 0.00689551 0.999973 0.00245801 -0.00642547 0.0167853 -0.00257347 0.999856 2.21936
0.999827 -0.00751867 -0.0170052 -0.0357504 0.00756837 0.999967 0.00286019 -0.00633339 0.0169831 -0.0029884 0.999851 2.29081
0.999822 -0.00746368 -0.0173299 -0.037223 0.00753203 0.999964 0.00388218 -0.00637065 0.0173003 -0.00401202 0.999842 2.36231
0.999836 -0.00690936 -0.0167173 -0.0394314 0.00698572 0.999965 0.00451374 -0.00636863 0.0166856 -0.00462978 0.99985 2.43197
0.999843 -0.0058425 -0.0167508 -0.0410658 0.00591527 0.999973 0.00429782 -0.00668311 0.0167253 -0.00439623 0.99985 2.50198
0.999834 -0.00541299 -0.0173852 -0.0425106 0.00549708 0.999973 0.00479273 -0.00724896 0.0173588 -0.0048875 0.999837 2.57317
0.99985 -0.00299192 -0.017038 -0.0447907 0.00310356 0.999974 0.00652929 -0.00733091 0.0170181 -0.00658119 0.999834 2.64295
0.999886 -0.00245102 -0.0148669 -0.0473745 0.00259151 0.999952 0.00943848 -0.00683844 0.014843 -0.00947593 0.999845 2.71324
0.999911 -0.00192503 -0.0132217 -0.049508 0.00208715 0.999923 0.0122583 -0.00644075 0.0131971 -0.0122848 0.999837 2.78603
0.999933 -0.00158232 -0.0114519 -0.0515024 0.00176016 0.999878 0.0155363 -0.00583122 0.0114259 -0.0155554 0.999814 2.85801
0.99994 -0.00265 -0.0106599 -0.0524712 0.00283018 0.999853 0.0169225 -0.00506408 0.0106135 -0.0169517 0.9998 2.92944
0.999948 -0.00452485 -0.00916625 -0.0540187 0.0046654 0.999871 0.0153698 -0.00395202 0.00909552 -0.0154118 0.99984 3.00102
0.999963 -0.00360511 -0.00779148 -0.0554571 0.00370953 0.999903 0.0134287 -0.00292453 0.00774231 -0.0134571 0.999879 3.07217
0.99997 -0.00278516 -0.0072549 -0.0568399 0.00287981 0.99991 0.013069 -0.00216819 0.00721785 -0.0130895 0.999888 3.14257
0.999966 -0.00357705 -0.00746155 -0.0579229 0.0036703 0.999915 0.012521 -0.00153168 0.00741613 -0.0125479 0.999894 3.21441
0.999952 -0.00467885 -0.00866015 -0.0594581 0.00478203 0.999917 0.0119322 -0.000981569 0.00860361 -0.011973 0.999891 3.28709
0.999938 -0.00477623 -0.0101026 -0.0615355 0.00490399 0.999908 0.01266 -0.000551138 0.0100412 -0.0127088 0.999869 3.35874
0.999916 -0.00492705 -0.0119937 -0.0631786 0.00508988 0.999895 0.0135831 0.000280838 0.0119255 -0.013643 0.999836 3.43074
0.999888 -0.00508214 -0.0140706 -0.0642413 0.00528312 0.999884 0.0142837 0.000574753 0.0139963 -0.0143565 0.999799 3.50268
0.999872 -0.00438243 -0.0153741 -0.0657762 0.00460152 0.999888 0.0142441 0.00123621 0.01531 -0.014313 0.99978 3.57429
0.999861 -0.00351453 -0.016298 -0.0675783 0.00374424 0.999894 0.0140854 0.00208234 0.0162467 -0.0141445 0.999768 3.64614
0.999852 -0.0046572 -0.0165899 -0.0699883 0.00488459 0.999894 0.0136923 0.00275363 0.0165244 -0.0137713 0.999769 3.71801
0.999827 -0.00598462 -0.0175936 -0.0713724 0.00620901 0.9999 0.012727 0.00335433 0.0175156 -0.012834 0.999764 3.78983
0.999821 -0.00615116 -0.0179129 -0.0736087 0.00639436 0.999888 0.0135512 0.00420802 0.0178275 -0.0136633 0.999748 3.86165
0.999798 -0.00694263 -0.0188642 -0.0753868 0.0072297 0.999858 0.0151922 0.00458539 0.018756 -0.0153255 0.999707 3.9325
0.999795 -0.00635191 -0.0192399 -0.0772763 0.00661142 0.999888 0.0134547 0.00541384 0.0191522 -0.0135791 0.999724 4.00319
0.999808 -0.00404854 -0.0191642 -0.0796621 0.00428005 0.999918 0.0120551 0.00613504 0.0191138 -0.0121348 0.999744 4.07701
0.999813 -0.00204897 -0.0192163 -0.0822139 0.00228598 0.999922 0.0123201 0.0068577 0.0191896 -0.0123617 0.999739 4.14755
0.999803 -0.000368794 -0.0198203 -0.0845795 0.000612835 0.999924 0.012308 0.00796618 0.0198143 -0.0123177 0.999728 4.21905
0.999795 0.000935661 -0.0202373 -0.0861014 -0.000675978 0.999917 0.0128349 0.00808683 0.0202477 -0.0128186 0.999713 4.29051
0.999814 0.00170441 -0.0192175 -0.0885187 -0.00144368 0.999907 0.0135731 0.008632 0.0192389 -0.0135428 0.999723 4.36123
0.999845 0.00326479 -0.0172807 -0.0907742 -0.00301109 0.999888 0.0146871 0.00894362 0.0173267 -0.0146328 0.999743 4.43369
0.999885 0.00148136 -0.0150609 -0.0923939 -0.00128753 0.999916 0.0128713 0.00960545 0.0150787 -0.0128504 0.999804 4.50288
0.999913 -0.00121503 -0.0131714 -0.0927973 0.00131599 0.99997 0.00765946 0.0103627 0.0131617 -0.00767612 0.999884 4.57407
0.999936 0.00010711 -0.0113438 -0.0940888 -3.28629e-05 0.999979 0.00654511 0.0113396 0.0113443 -0.00654432 0.999914 4.64442
0.999967 -0.0010416 -0.00810664 -0.0949437 0.00112519 0.999946 0.010313 0.0114782 0.00809547 -0.0103218 0.999914 4.71461
0.999987 -0.00106529 -0.00502479 -0.0962842 0.00112618 0.999926 0.0121305 0.011598 0.0050115 -0.012136 0.999914 4.78333
0.999999 -0.000870782 -0.00073382 -0.0982695 0.000878369 0.999946 0.0104028 0.0118561 0.000724722 -0.0104034 0.999946 4.85241
0.999996 -0.000691734 0.00268826 -0.0992205 0.000673974 0.999978 0.00660191 0.0128709 -0.00269277 -0.00660008 0.999975 4.92058
0.99998 -0.0034622 0.00521867 -0.0988917 0.00343933 0.999984 0.00438577 0.0127383 -0.00523377 -0.00436774 0.999977 4.99059
0.999951 -0.00459042 0.00878438 -0.0991698 0.00455567 0.999982 0.00397246 0.01245 -0.00880245 -0.00393224 0.999954 5.05617
0.999919 -0.00451781 0.0118716 -0.0987896 0.00445591 0.999976 0.00523588 0.0131052 -0.0118949 -0.00518256 0.999916 5.12371
0.999878 -0.00350922 0.0152502 -0.0980629 0.00341686 0.999976 0.00607851 0.0123053 -0.0152712 -0.00602566 0.999865 5.19006
0.999812 -0.00435963 0.0188832 -0.0967231 0.00428104 0.999982 0.00420066 0.0124967 -0.0189012 -0.00411903 0.999813 5.25525
0.999746 -0.00419097 0.0221379 -0.0963787 0.00414404 0.999989 0.00216537 0.0122791 -0.0221467 -0.00207308 0.999753 5.32177
0.999678 -0.004676 0.0249267 -0.0947085 0.00463886 0.999988 0.00154753 0.0123822 -0.0249337 -0.0014314 0.999688 5.38831
0.999594 -0.00546786 0.0279793 -0.0934579 0.00539348 0.999982 0.00273327 0.0123784 -0.0279937 -0.00258125 0.999605 5.45565
0.999535 -0.00596622 0.0299049 -0.0922589 0.00584343 0.999974 0.00419172 0.0125335 -0.0299291 -0.00401502 0.999544 5.52596
0.999456 -0.00719895 0.0321936 -0.0903164 0.00702425 0.99996 0.00553636 0.0129859 -0.0322321 -0.00530721 0.999466 5.59286
0.999383 -0.00820419 0.0341598 -0.0882866 0.00799038 0.999948 0.00639088 0.0131505 -0.0342104 -0.00611399 0.999396 5.66113
0.999279 -0.00904845 0.0368681 -0.0860269 0.00890563 0.999952 0.00403605 0.0133925 -0.0369029 -0.00370481 0.999312 5.72426
0.999185 -0.0101773 0.0390489 -0.0843674 0.0101531 0.999948 0.00081805 0.0133786 -0.0390552 -0.000420917 0.999237 5.78834
0.999088 -0.00921114 0.0417056 -0.0826583 0.0093115 0.999954 -0.00221267 0.0133068 -0.0416833 0.00259899 0.999128 5.8554
0.999037 -0.00921707 0.0428872 -0.0801419 0.00936799 0.999951 -0.00331951 0.0137196 -0.0428545 0.00371808 0.999074 5.92172
0.999018 -0.00954092 0.0432632 -0.0786173 0.00965393 0.999951 -0.00240388 0.0129395 -0.0432381 0.00281918 0.999061 5.98691
0.999039 -0.00907785 0.0428692 -0.0774282 0.00912594 0.999958 -0.000926249 0.0129079 -0.0428589 0.00131658 0.99908 6.05436
0.999064 -0.00976683 0.0421469 -0.0762261 0.00975329 0.999952 0.000527018 0.0124813 -0.04215 -0.000115453 0.999111 6.11971
0.999139 -0.00913834 0.0404701 -0.0740717 0.00909421 0.999958 0.00127461 0.0123582 -0.04048 -0.000905465 0.99918 6.18883
0.999232 -0.00886155 0.0381824 -0.0727407 0.00880824 0.99996 0.00156409 0.0125768 -0.0381947 -0.00122657 0.99927 6.25608
0.999363 -0.00830804 0.0347035 -0.0707326 0.00825894 0.999965 0.00155798 0.0122115 -0.0347152 -0.00127037 0.999396 6.32554
0.999485 -0.00663284 0.0313808 -0.0702838 0.00660724 0.999978 0.000919348 0.0122795 -0.0313862 -0.000711535 0.999507 6.39172
0.999609 -0.00638151 0.0272064 -0.0687386 0.0063368 0.999978 0.00172944 0.0123738 -0.0272169 -0.00155636 0.999628 6.46134
0.999702 -0.00608837 0.0236382 -0.069261 0.0060224 0.999978 0.00286084 0.012029 -0.023655 -0.00271763 0.999716 6.53095
0.9998 -0.00650207 0.0189359 -0.0689598 0.00642321 0.99997 0.00422211 0.0114904 -0.0189628 -0.00409964 0.999812 6.60378
0.999891 -0.00650266 0.013225 -0.0635693 0.00643695 0.999967 0.00500543 0.0117166 -0.0132571 -0.00491976 0.9999 6.67027
0.999932 -0.00571381 0.0101649 -0.0682259 0.00566733 0.999973 0.00459536 0.0121336 -0.0101909 -0.00453744 0.999938 6.74099
0.999972 -0.00523429 0.00540419 -0.0680522 0.005211 0.999977 0.0043153 0.0126827 -0.00542665 -0.00428701 0.999976 6.80619
0.999988 -0.00489996 0.000832581 -0.0697001 0.00489642 0.999979 0.00420297 0.0123893 -0.000853158 -0.00419884 0.999991 6.87786
0.999986 -0.00374212 -0.0037769 -0.071007 0.00375521 0.999987 0.00346579 0.0126588 0.00376388 -0.00347993 0.999987 6.94871
0.999968 -0.00209756 -0.00767619 -0.0707254 0.00212016 0.999993 0.00293683 0.0133368 0.00766998 -0.00295302 0.999966 7.01723
0.999952 -0.000281861 -0.00984193 -0.0717099 0.000315731 0.999994 0.00344004 0.0125648 0.00984091 -0.00344299 0.999946 7.08416
0.999944 0.000814995 -0.0105489 -0.0727528 -0.000783698 0.999995 0.00297061 0.0126009 0.0105512 -0.00296218 0.99994 7.15748
0.999928 0.00302859 -0.0116441 -0.075097 -0.0029911 0.99999 0.00323524 0.0127477 0.0116538 -0.00320018 0.999927 7.22636
0.999912 0.0039846 -0.0126527 -0.0766378 -0.00392923 0.999983 0.00439803 0.0127516 0.01267 -0.00434792 0.99991 7.29848
0.999908 0.00423456 -0.0128993 -0.0788668 -0.00417577 0.999981 0.00458059 0.0130562 0.0129184 -0.0045263 0.999906 7.36872
0.999873 0.00776235 -0.0138985 -0.0816951 -0.00767077 0.999949 0.00663108 0.013002 0.0139493 -0.00652363 0.999881 7.43847
0.999849 0.00857896 -0.0151257 -0.0831691 -0.0084381 0.999921 0.00935195 0.0135618 0.0152048 -0.00922291 0.999842 7.50803
0.99985 0.00745789 -0.0156394 -0.0850018 -0.00731771 0.999933 0.00900167 0.0144381 0.0157054 -0.00888588 0.999837 7.5788
0.999843 0.00705482 -0.0162288 -0.0869437 -0.0069356 0.999949 0.00739057 0.0151717 0.0162801 -0.00727685 0.999841 7.64905
0.999845 0.00425996 -0.0170754 -0.0890847 -0.00411133 0.999953 0.00872993 0.0153066 0.0171118 -0.00865837 0.999816 7.71927
0.999835 0.00229264 -0.0180436 -0.0917145 -0.00210821 0.999945 0.0102339 0.0161548 0.0180661 -0.0101941 0.999785 7.79122
0.999826 -0.00106555 -0.0186293 -0.093127 0.00128975 0.999927 0.0120268 0.0168812 0.0186152 -0.0120488 0.999754 7.86367
0.999818 -0.00309278 -0.0188111 -0.0961626 0.00334024 0.999908 0.0131376 0.0175403 0.0187687 -0.0131981 0.999737 7.93572
0.9998 -0.00705903 -0.0187035 -0.0981945 0.00726418 0.999914 0.0109234 0.0186954 0.0186248 -0.0110571 0.999765 8.00815
0.999783 -0.00974021 -0.018395 -0.10037 0.00993459 0.999895 0.0105051 0.0189391 0.0182907 -0.0106856 0.999776 8.07803
0.999766 -0.0112729 -0.01847 -0.102136 0.0114719 0.999877 0.0107031 0.0192899 0.0183471 -0.0109125 0.999772 8.15022
0.999778 -0.0112651 -0.0178109 -0.105358 0.0114547 0.999878 0.0105784 0.0201621 0.0176896 -0.0107801 0.999785 8.21981
0.999762 -0.0107127 -0.0189989 -0.107915 0.010969 0.999849 0.0134409 0.0205727 0.018852 -0.0136461 0.999729 8.3021
0.99979 -0.00858016 -0.0185896 -0.110165 0.00884899 0.999857 0.0144275 0.0217092 0.0184632 -0.014589 0.999723 8.37522
0.999794 -0.00915533 -0.0180996 -0.11244 0.00939779 0.999867 0.0133566 0.0219455 0.0179749 -0.0135239 0.999747 8.44892
0.99981 -0.00845749 -0.017577 -0.114651 0.00865917 0.999897 0.0114295 0.0226089 0.0174785 -0.0115795 0.99978 8.51832
0.999811 -0.00924901 -0.0170828 -0.117299 0.00940593 0.999914 0.00912863 0.0234921 0.0169969 -0.00928758 0.999812 8.59173
0.999809 -0.010366 -0.0165971 -0.119941 0.0104545 0.999932 0.00524993 0.0233798 0.0165415 -0.00542244 0.999848 8.66463
0.999825 -0.0100927 -0.0157726 -0.122794 0.0101163 0.999948 0.00141921 0.0242817 0.0157575 -0.00157852 0.999875 8.73843
0.99982 -0.0104068 -0.0158463 -0.123799 0.0104255 0.999945 0.00109789 0.0234294 0.015834 -0.0012629 0.999874 8.81221
0.999824 -0.0104751 -0.015595 -0.126469 0.0104931 0.999944 0.00107509 0.0233942 0.0155828 -0.00123854 0.999878 8.88467
0.999828 -0.00966826 -0.0158044 -0.127812 0.00969484 0.999952 0.00160608 0.0232081 0.0157881 -0.00175902 0.999874 8.95683
0.999832 -0.0090709 -0.0159548 -0.130018 0.00911507 0.999955 0.00269801 0.0232206 0.0159296 -0.00284299 0.999869 9.03005
0.999823 -0.00849499 -0.0167895 -0.131655 0.0085472 0.999959 0.00304053 0.0232289 0.016763 -0.0031835 0.999854 9.0989
0.999811 -0.00840129 -0.0175368 -0.13449 0.00845364 0.99996 0.00291333 0.0230957 0.0175116 -0.00306102 0.999842 9.17153
0.9998 -0.00790799 -0.0183634 -0.136721 0.00796874 0.999963 0.00323756 0.0232434 0.0183371 -0.00338325 0.999826 9.2446
0.999796 -0.00842998 -0.0183446 -0.140065 0.00851398 0.999954 0.00450584 0.0234165 0.0183058 -0.00466111 0.999822 9.31766
0.999807 -0.00697341 -0.0183926 -0.143687 0.00706098 0.999964 0.00470078 0.023415 0.0183592 -0.00482974 0.99982 9.39355
0.999762 -0.00762594 -0.0204471 -0.143003 0.00771941 0.99996 0.00449596 0.0230352 0.020412 -0.00465273 0.999781 9.46133
0.999765 -0.00660806 -0.0206422 -0.146568 0.00667799 0.999972 0.00332045 0.0225661 0.0206197 -0.00345752 0.999781 9.53467
0.999729 -0.00735157 -0.0220775 -0.148042 0.00742587 0.999967 0.0032854 0.0226933 0.0220527 -0.00344845 0.999751 9.60645
0.99972 -0.00746979 -0.0224332 -0.151442 0.00751789 0.99997 0.00206025 0.0226345 0.0224171 -0.00222832 0.999746 9.68294
0.999715 -0.0070976 -0.0227797 -0.154869 0.00712816 0.999974 0.00126091 0.0219029 0.0227702 -0.00142292 0.99974 9.75481
0.999697 -0.00657703 -0.0237224 -0.157337 0.00662254 0.999976 0.00184034 0.022256 0.0237098 -0.00199689 0.999717 9.82793
0.999673 -0.00717587 -0.0245307 -0.159676 0.0072525 0.999969 0.00303624 0.0220932 0.0245082 -0.00321316 0.999694 9.89603
0.99966 -0.00681079 -0.0251618 -0.163459 0.00689737 0.999971 0.00335548 0.0222486 0.0251382 -0.00352789 0.999678 9.97361
0.999633 -0.00644982 -0.0262921 -0.165513 0.00654987 0.999972 0.00372095 0.0220204 0.0262674 -0.0038918 0.999647 10.0441
0.999627 -0.0061322 -0.0266131 -0.169391 0.00624094 0.999973 0.00400468 0.0220322 0.0265878 -0.00416927 0.999638 10.1184
0.999611 -0.00621898 -0.027205 -0.172395 0.00630505 0.999975 0.00307912 0.0220404 0.0271852 -0.00324945 0.999625 10.1937
0.999605 -0.00529345 -0.0276007 -0.176098 0.00536686 0.999982 0.00258633 0.0219181 0.0275865 -0.00273344 0.999616 10.2656
0.999596 -0.00495228 -0.0279703 -0.179129 0.00503332 0.999983 0.00282751 0.0219499 0.0279559 -0.00296716 0.999605 10.3408
0.999595 -0.00498046 -0.0280357 -0.182577 0.00504391 0.999985 0.00219322 0.0215064 0.0280243 -0.00233374 0.999605 10.4144
0.999575 -0.00681485 -0.0283327 -0.185813 0.00682284 0.999977 0.000185343 0.0218219 0.0283308 -0.000378574 0.999599 10.4877
0.999552 -0.00960383 -0.0283461 -0.189009 0.00962378 0.999954 0.000567246 0.0216107 0.0283393 -0.000839788 0.999598 10.5617
0.999531 -0.00992582 -0.0289545 -0.192165 0.0100486 0.999941 0.00409677 0.0209565 0.0289121 -0.0043858 0.999572 10.6362
0.999543 -0.00977874 -0.0286096 -0.195788 0.0100317 0.999912 0.00870997 0.0211728 0.0285219 -0.00899299 0.999553 10.7115
0.999549 -0.00947922 -0.0284807 -0.198942 0.00970039 0.999924 0.00763727 0.0213855 0.0284061 -0.0079101 0.999565 10.7876
0.999574 -0.00710238 -0.028308 -0.20287 0.00723422 0.999963 0.00455757 0.0212927 0.0282746 -0.00476042 0.999589 10.8609
0.999556 -0.00747364 -0.0288261 -0.205565 0.00756672 0.999967 0.00312151 0.0211746 0.0288018 -0.00333824 0.99958 10.9355
0.999565 -0.00753264 -0.0285214 -0.209711 0.00761979 0.999967 0.00294832 0.0212144 0.0284983 -0.00316437 0.999589 11.0074
0.999554 -0.00746784 -0.0289268 -0.211155 0.00758921 0.999963 0.00408832 0.0212082 0.0288952 -0.00430602 0.999573 11.0791
0.999548 -0.00798522 -0.0289654 -0.21465 0.00817813 0.999945 0.00654764 0.0209069 0.0289115 -0.00678157 0.999559 11.1508
0.999538 -0.00889153 -0.0290598 -0.216028 0.0091167 0.999929 0.00762494 0.0208163 0.02899 -0.00788634 0.999549 11.2252
0.999565 -0.00916497 -0.0280205 -0.218685 0.00937146 0.99993 0.00724662 0.0206287 0.0279521 -0.00750607 0.999581 11.2971
0.999582 -0.0101622 -0.0270579 -0.22064 0.010315 0.999932 0.00551159 0.0209236 0.0270001 -0.00578839 0.999619 11.3679
0.999611 -0.0105851 -0.0258088 -0.223773 0.0106993 0.999934 0.00428945 0.0207135 0.0257617 -0.00456392 0.999658 11.439
0.999629 -0.0111336 -0.0248478 -0.225464 0.0112307 0.99993 0.00377218 0.0205604 0.0248041 -0.00404984 0.999684 11.5091
0.999658 -0.0108186 -0.0238154 -0.22747 0.0109288 0.99993 0.00449978 0.0210186 0.0237651 -0.00475852 0.999706 11.5805
0.999684 -0.011312 -0.0224623 -0.2305 0.0114513 0.999916 0.00608053 0.0208995 0.0223916 -0.00633583 0.999729 11.6516
0.99972 -0.0100378 -0.0214136 -0.232512 0.0101885 0.999924 0.00694229 0.0201095 0.0213423 -0.00715852 0.999747 11.7227
0.999742 -0.0109322 -0.0198869 -0.235852 0.0110658 0.999917 0.00662042 0.0202064 0.0198129 -0.00683878 0.99978 11.7949
0.999764 -0.0105754 -0.0189929 -0.237837 0.0107022 0.999921 0.0065895 0.0206196 0.0189217 -0.0067912 0.999798 11.8657
0.999787 -0.00997919 -0.0180402 -0.240418 0.0101096 0.999923 0.00715147 0.0204526 0.0179674 -0.00733232 0.999812 11.9348
0.999809 -0.0092944 -0.0172005 -0.242756 0.00941289 0.999932 0.00682105 0.0206037 0.0171359 -0.00698165 0.999829 12.0039
0.999826 -0.0094029 -0.0161165 -0.24543 0.00952152 0.999928 0.00729949 0.0200471 0.0160467 -0.00745167 0.999843 12.0741
0.999813 -0.010653 -0.0161631 -0.247095 0.0107733 0.999915 0.00737795 0.0201941 0.0160832 -0.0075507 0.999842 12.1405
0.999803 -0.0112487 -0.0163614 -0.249355 0.0113822 0.999902 0.00809054 0.0202999 0.0162688 -0.00827517 0.999833 12.207
0.999797 -0.0117011 -0.0163805 -0.252124 0.0118565 0.999885 0.00942628 0.0199559 0.0162683 -0.00961859 0.999821 12.2724
0.999777 -0.0118132 -0.0174935 -0.253732 0.0119759 0.999886 0.00922915 0.0201468 0.0173824 -0.00943659 0.999804 12.3374
0.999782 -0.011201 -0.0176173 -0.256326 0.0113499 0.999901 0.00837599 0.0201133 0.0175218 -0.00857412 0.99981 12.4024
0.999777 -0.011081 -0.017971 -0.258598 0.0112167 0.999909 0.00746903 0.0204781 0.0178866 -0.00766894 0.999811 12.4658
0.99977 -0.0104728 -0.018692 -0.260813 0.0106151 0.999915 0.00752968 0.020133 0.0186115 -0.00772637 0.999797 12.5283
0.999748 -0.0113345 -0.0193909 -0.262489 0.0114785 0.999907 0.00733176 0.0204199 0.019306 -0.00755249 0.999785 12.5898
0.999709 -0.0121637 -0.0208325 -0.26492 0.0123226 0.999896 0.00751384 0.0212797 0.020739 -0.00776837 0.999755 12.6517
0.999636 -0.013663 -0.0232445 -0.266159 0.0138761 0.999863 0.00903043 0.0210426 0.0231179 -0.00934969 0.999689 12.7126
0.999574 -0.0134941 -0.0258956 -0.268039 0.0137764 0.999847 0.0107575 0.020914 0.0257465 -0.0111096 0.999607 12.7725
0.999502 -0.0136476 -0.0284469 -0.269903 0.0139519 0.999847 0.0105291 0.0213392 0.0282988 -0.0109208 0.99954 12.8306
0.999446 -0.0134392 -0.030459 -0.273071 0.0137478 0.999856 0.00994457 0.0216401 0.030321 -0.0103578 0.999487 12.8886
0.999353 -0.0132517 -0.033447 -0.274937 0.0135864 0.99986 0.00979921 0.0218536 0.0333125 -0.0102473 0.999392 12.9431
0.999232 -0.0130259 -0.0369474 -0.277507 0.0134314 0.999852 0.0107473 0.0216311 0.0368019 -0.0112353 0.999259 12.9985
0.99912 -0.0128684 -0.0399167 -0.280342 0.0132785 0.999862 0.0100268 0.0219599 0.0397821 -0.010548 0.999153 13.0532
0.998945 -0.0130192 -0.0440281 -0.28271 0.0134522 0.999864 0.00955373 0.0219834 0.0438977 -0.0101359 0.998985 13.1059
0.998789 -0.0132757 -0.0473764 -0.285417 0.0137353 0.999862 0.00938906 0.02183 0.0472452 -0.0100284 0.998833 13.1574
0.998649 -0.0124331 -0.050456 -0.288794 0.0128956 0.999878 0.0088523 0.0218327 0.0503398 -0.00949101 0.998687 13.2077
0.9985 -0.0120971 -0.0533946 -0.29224 0.0125443 0.999889 0.00804892 0.0218142 0.0532913 -0.00870665 0.998541 13.2573
0.998356 -0.0104976 -0.0563506 -0.295214 0.0109577 0.999909 0.0078635 0.0218786 0.056263 -0.00846805 0.99838 13.3051
0.998308 -0.0100469 -0.0572775 -0.298548 0.010544 0.999909 0.00838204 0.0217413 0.0571881 -0.00897179 0.998323 13.3521
0.998316 -0.00997511 -0.0571483 -0.301571 0.0105457 0.999897 0.0096912 0.021507 0.0570458 -0.0102775 0.998319 13.3975
0.998345 -0.0100788 -0.0566126 -0.305018 0.0106711 0.999891 0.0101701 0.0217176 0.056504 -0.0107574 0.998344 13.4432
0.998371 -0.00995547 -0.0561802 -0.308004 0.0105102 0.999899 0.00958788 0.0218859 0.056079 -0.0101627 0.998375 13.4874
0.998389 -0.00915589 -0.055998 -0.310731 0.00959342 0.999925 0.00754946 0.021975 0.0559248 -0.00807451 0.998402 13.5311
0.998434 -0.00932985 -0.0551564 -0.313839 0.00966151 0.999937 0.00574934 0.0219134 0.0550993 -0.00627323 0.998461 13.5736
0.998489 -0.00877985 -0.0542493 -0.316563 0.00903424 0.999949 0.00444582 0.0219423 0.0542075 -0.0049292 0.998518 13.616
0.998533 -0.00859846 -0.05346 -0.318831 0.00882587 0.999953 0.00401923 0.0218577 0.0534229 -0.00448516 0.998562 13.6591
0.99862 -0.00946541 -0.0516543 -0.32155 0.00968031 0.999946 0.00391177 0.0218395 0.0516145 -0.0044064 0.998657 13.6999
0.998704 -0.00942154 -0.050018 -0.324281 0.00964111 0.999945 0.00415038 0.0216206 0.0499762 -0.00462723 0.99874 13.7417
0.998819 -0.00939725 -0.0476593 -0.32716 0.00959702 0.999946 0.00396469 0.0216499 0.0476195 -0.0044174 0.998856 13.7831
0.99889 -0.00965796 -0.0461066 -0.328955 0.00984649 0.999944 0.00386363 0.0215743 0.0460667 -0.00431333 0.998929 13.8232
0.998992 -0.00988434 -0.0437822 -0.330968 0.0100699 0.999941 0.00401965 0.0216473 0.0437398 -0.00445648 0.999033 13.8641
0.999123 -0.0106498 -0.0405048 -0.333497 0.0108502 0.99993 0.00472963 0.0217518 0.0404516 -0.00516497 0.999168 13.9055
0.999217 -0.011199 -0.0379426 -0.335235 0.0113877 0.999924 0.00476287 0.0220435 0.0378863 -0.00519123 0.999269 13.9452
0.999326 -0.0115409 -0.0348575 -0.337501 0.0117262 0.999918 0.00511477 0.021778 0.0347957 -0.00552007 0.999379 13.9859
0.999422 -0.0116992 -0.0319213 -0.339152 0.0118666 0.999917 0.00505742 0.0216535 0.0318595 -0.0054333 0.999478 14.0254
0.999514 -0.0117432 -0.0288797 -0.341072 0.0118936 0.999917 0.00504229 0.0214934 0.0288181 -0.00538332 0.99957 14.0649
0.999588 -0.0108853 -0.0265627 -0.342242 0.011 0.999931 0.00417808 0.0216969 0.0265154 -0.00446855 0.999638 14.1053
0.999653 -0.0109107 -0.0239822 -0.343623 0.0110049 0.999932 0.00380039 0.0217924 0.0239391 -0.004063 0.999705 14.1459
0.999715 -0.0108974 -0.0212608 -0.344987 0.0110045 0.999927 0.00492829 0.0215683 0.0212056 -0.00516085 0.999762 14.1864
0.999769 -0.0107913 -0.0185939 -0.346612 0.0108969 0.999925 0.00558911 0.021634 0.0185322 -0.00579044 0.999811 14.2265
0.999801 -0.0106347 -0.0168924 -0.347229 0.0107291 0.999927 0.00550327 0.0216799 0.0168327 -0.00568341 0.999842 14.2671
0.999819 -0.0108808 -0.0155892 -0.348023 0.0109524 0.99993 0.00451692 0.0215679 0.0155389 -0.00468685 0.999868 14.3081
0.999871 -0.00997324 -0.0125702 -0.349469 0.00999418 0.999949 0.00160398 0.0219069 0.0125536 -0.0017294 0.99992 14.3504
0.999861 -0.0118398 -0.0117598 -0.350446 0.0118449 0.99993 0.000363351 0.0217611 0.0117546 -0.000502593 0.999931 14.3919
0.999851 -0.0121648 -0.012221 -0.351266 0.0121686 0.999926 0.000234959 0.0217144 0.0122172 -0.000383636 0.999925 14.4338
0.999849 -0.012683 -0.0118427 -0.352591 0.0126771 0.999919 -0.000570877 0.0217247 0.011849 0.00042066 0.99993 14.4763
0.999837 -0.0130279 -0.012525 -0.353153 0.0130214 0.999915 -0.000599185 0.0215772 0.0125317 0.000435994 0.999921 14.5205
0.999881 -0.0108349 -0.010958 -0.355288 0.0108211 0.999941 -0.00131774 0.0216406 0.0109716 0.001199 0.999939 14.561
0.999849 -0.0126259 -0.0119161 -0.355241 0.0125902 0.999916 -0.00306658 0.0218342 0.0119538 0.00291609 0.999924 14.6036
0.999793 -0.0168175 -0.0114405 -0.356384 0.0167604 0.999847 -0.00507294 0.0216317 0.0115241 0.00488014 0.999922 14.6507
0.999703 -0.0213174 -0.0118465 -0.356565 0.0212553 0.99976 -0.005339 0.0216402 0.0119575 0.00508561 0.999916 14.6957
0.99976 -0.0184412 -0.0118393 -0.357112 0.0184217 0.999829 -0.00176033 0.0215975 0.0118697 0.00154181 0.999928 14.7401
0.999834 -0.0145246 -0.0110289 -0.358958 0.014576 0.999883 0.00459313 0.0211844 0.0109609 -0.00475312 0.999929 14.7854
0.999838 -0.0149302 -0.0100913 -0.359606 0.015007 0.999859 0.00757987 0.0214412 0.0099767 -0.00773008 0.99992 14.8286
0.999826 -0.0166263 -0.0084559 -0.359583 0.0166754 0.999844 0.00576398 0.0217001 0.00835875 -0.00590398 0.999948 14.8719
0.99988 -0.0149784 -0.00401072 -0.360629 0.0149761 0.999888 -0.000587885 0.0219534 0.00401908 0.000527749 0.999992 14.9215
0.999908 -0.013568 0.000168669 -0.361768 0.0135685 0.9999 -0.00393557 0.0218555 -0.000115255 0.00393749 0.999992 14.9659
0.999924 -0.011921 0.00313514 -0.362203 0.0119324 0.999922 -0.00363918 0.0215542 -0.00309151 0.00367631 0.999988 15.0153
0.999894 -0.0132401 0.00598564 -0.362223 0.0132469 0.999912 -0.00111136 0.0214483 -0.0059704 0.00119054 0.999981 15.0618
0.999829 -0.0163327 0.00864285 -0.361928 0.0163127 0.999864 0.00237785 0.0214003 -0.00868051 -0.00223646 0.99996 15.1092
0.999752 -0.0186133 0.0122166 -0.363241 0.0185692 0.999821 0.00371953 0.0215526 -0.0122836 -0.00349176 0.999918 15.1567
0.999712 -0.0185307 0.0152397 -0.363084 0.0184663 0.99982 0.0043558 0.0213416 -0.0153176 -0.00407312 0.999874 15.2037
0.999711 -0.0164166 0.0175737 -0.363052 0.0163802 0.999863 0.0022128 0.0212434 -0.0176076 -0.0019243 0.999843 15.2511
0.99969 -0.0156933 0.0193141 -0.36253 0.0156938 0.999877 0.00012754 0.0212385 -0.0193138 0.000175612 0.999813 15.298
0.999645 -0.0152073 0.0218662 -0.36194 0.0152153 0.999884 -0.000202787 0.0213344 -0.0218605 0.000535416 0.999761 15.3472
0.999579 -0.0143163 0.0252531 -0.362448 0.0142661 0.999896 0.00216805 0.0210198 -0.0252815 -0.00180687 0.999679 15.3928
0.999497 -0.0128011 0.0290036 -0.362688 0.0126992 0.999913 0.00369365 0.021044 -0.0290484 -0.00332347 0.999572 15.4429
0.999437 -0.0118707 0.031367 -0.361366 0.0117813 0.999926 0.00303454 0.0215063 -0.0314007 -0.00266329 0.999503 15.4914
0.99932 -0.0117331 0.0349517 -0.360786 0.0116573 0.999929 0.00237246 0.0215208 -0.0349771 -0.00196341 0.999386 15.5369
0.99919 -0.0147928 0.0374107 -0.359694 0.0146962 0.999888 0.00285751 0.0205869 -0.0374488 -0.00230541 0.999296 15.5853
0.999081 -0.0162439 0.0396762 -0.359434 0.0161478 0.999866 0.00274151 0.0216935 -0.0397154 -0.00209831 0.999209 15.6332
0.999047 -0.0172499 0.0400854 -0.357575 0.0171704 0.99985 0.00232712 0.0221702 -0.0401196 -0.00163662 0.999194 15.6819
0.99897 -0.0183439 0.0415133 -0.357776 0.0182327 0.999829 0.00305557 0.0214578 -0.0415623 -0.00229553 0.999133 15.729
0.998982 -0.0177114 0.0414814 -0.355663 0.0176348 0.999842 0.00221303 0.0225643 -0.041514 -0.00147926 0.999137 15.7791
0.999008 -0.0169302 0.0411951 -0.354205 0.0168174 0.999854 0.00308146 0.0223381 -0.0412412 -0.0023856 0.999146 15.8283
0.999069 -0.0164353 0.039896 -0.351674 0.0163242 0.999862 0.00310773 0.0224781 -0.0399415 -0.00245356 0.999199 15.8771
0.999116 -0.0166721 0.0385978 -0.350197 0.0166022 0.99986 0.00212995 0.0228091 -0.0386279 -0.00148725 0.999253 15.9264
0.99924 -0.0153663 0.0358359 -0.346776 0.0153764 0.999882 -4.53343e-06 0.0231669 -0.0358316 0.000555555 0.999358 15.9763
0.999306 -0.0133561 0.0347749 -0.346812 0.0134274 0.999908 -0.00181841 0.0241337 -0.0347475 0.00228408 0.999394 16.0274
0.999374 -0.0131112 0.0328508 -0.345732 0.0131736 0.999912 -0.00168278 0.0234123 -0.0328259 0.0021145 0.999459 16.0764
0.999451 -0.0120775 0.0308438 -0.344404 0.0121293 0.999925 -0.00149303 0.022688 -0.0308235 0.00186632 0.999523 16.126
0.999533 -0.0123513 0.0279621 -0.343205 0.0123743 0.999923 -0.000650855 0.02215 -0.0279519 0.000996563 0.999609 16.1758
0.999612 -0.0114849 0.0253802 -0.342919 0.0114863 0.999934 9.09834e-05 0.0226952 -0.0253796 0.000200577 0.999678 16.2246
0.999706 -0.0122815 0.0208987 -0.342405 0.012246 0.999923 0.00182873 0.022799 -0.0209195 -0.00157226 0.99978 16.2739
0.999774 -0.0135718 0.0163664 -0.342704 0.013519 0.999903 0.00333246 0.0228549 -0.0164101 -0.00311045 0.999861 16.3215
0.99983 -0.0145558 0.0113437 -0.342901 0.0145026 0.999884 0.00475854 0.0226892 -0.0114116 -0.00459321 0.999924 16.3699
0.999848 -0.0157477 0.00744426 -0.342975 0.0157054 0.99986 0.00571095 0.0224342 -0.00753315 -0.00559317 0.999956 16.4122
0.999868 -0.0159532 0.00315909 -0.343261 0.0159329 0.999853 0.00634658 0.0224596 -0.00325987 -0.00629541 0.999975 16.4572
0.999846 -0.0175592 -0.000618972 -0.344489 0.017563 0.999822 0.00686172 0.0225474 0.000498375 -0.00687153 0.999976 16.5037
0.999828 -0.0179392 -0.00467228 -0.345716 0.0179699 0.999817 0.00661688 0.0224605 0.00455272 -0.0066997 0.999967 16.5487
0.999812 -0.0176868 -0.00791921 -0.346628 0.0177365 0.999823 0.00625711 0.0224699 0.00780714 -0.0063964 0.999949 16.5917
0.999763 -0.0179705 -0.0122834 -0.347446 0.0180466 0.999818 0.00611564 0.0226241 0.0121712 -0.00633586 0.999906 16.6358
0.999736 -0.0177985 -0.0145442 -0.349547 0.0178911 0.99982 0.00626609 0.0226113 0.01443 -0.00652465 0.999875 16.6714
0.999648 -0.0189824 -0.0185468 -0.351337 0.0190852 0.999803 0.00538252 0.0227248 0.018441 -0.00573459 0.999813 16.7118
0.999603 -0.0167799 -0.0226478 -0.353148 0.0168701 0.999851 0.00379652 0.0223637 0.0225807 -0.00417708 0.999736 16.7479
0.999463 -0.0156 -0.0288226 -0.355385 0.0156459 0.999877 0.00136513 0.0226046 0.0287977 -0.00181535 0.999584 16.7863
0.999172 -0.0153264 -0.0376885 -0.356912 0.0153266 0.999883 -0.000282239 0.0222458 0.0376884 -0.000295632 0.99929 16.8238
0.998743 -0.0151567 -0.0477683 -0.359549 0.0150877 0.999885 -0.00180474 0.0223554 0.0477902 0.00108176 0.998857 16.8609
0.998023 -0.0149235 -0.061059 -0.362484 0.014832 0.999888 -0.00195101 0.0215955 0.0610813 0.00104153 0.998132 16.8961
0.996908 -0.0141644 -0.0772839 -0.3652 0.0140902 0.9999 -0.0015054 0.0212774 0.0772974 0.0004118 0.997008 16.9287
0.995203 -0.0121816 -0.0970651 -0.369613 0.0121232 0.999926 -0.00119078 0.0210615 0.0970724 8.32607e-06 0.995277 16.9638
0.992879 -0.0107833 -0.118635 -0.375095 0.0106632 0.999942 -0.00164733 0.0207959 0.118646 0.000370575 0.992937 16.9965
0.989573 -0.00975843 -0.143701 -0.381148 0.00958789 0.999952 -0.00187919 0.0203004 0.143712 0.000481809 0.989619 17.0288
0.985173 -0.00884745 -0.171338 -0.387113 0.00866195 0.999961 -0.00183023 0.0198223 0.171347 0.00031897 0.985211 17.0591
0.979423 -0.00814338 -0.201652 -0.394537 0.0080525 0.999967 -0.00127103 0.0198372 0.201656 -0.000378931 0.979456 17.0904
0.972277 -0.00887903 -0.233663 -0.403465 0.00918207 0.999958 0.000209101 0.0195082 0.233651 -0.00234881 0.972318 17.121
0.963011 -0.00924055 -0.269302 -0.41274 0.0100158 0.999949 0.00150493 0.0192151 0.269275 -0.00414655 0.963055 17.1506
0.951769 -0.00810735 -0.306709 -0.422903 0.00964996 0.999947 0.00351343 0.0190754 0.306664 -0.00630371 0.951797 17.1804
0.93904 -0.00723507 -0.343731 -0.435177 0.00957536 0.999941 0.00511156 0.0190947 0.343674 -0.00809131 0.939054 17.2056
0.923473 -0.00759454 -0.383588 -0.446438 0.0109688 0.999918 0.0066098 0.0190963 0.383507 -0.0103115 0.923481 17.2336
0.905934 -0.00857891 -0.423333 -0.460229 0.0128232 0.999892 0.00717861 0.0194247 0.423226 -0.0119318 0.905946 17.2606
0.885385 -0.00907708 -0.46477 -0.472446 0.0142618 0.999869 0.00764091 0.0199755 0.464639 -0.0133936 0.885399 17.2865
0.862542 -0.0107511 -0.505872 -0.489461 0.0167271 0.999834 0.00727168 0.02061 0.50571 -0.0147339 0.862578 17.3058
0.836403 -0.0116948 -0.54799 -0.50641 0.0186359 0.999801 0.00710722 0.0212966 0.547798 -0.0161568 0.836455 17.3306
0.807427 -0.0123708 -0.589837 -0.525062 0.0202122 0.999773 0.00669993 0.0226675 0.589621 -0.0173316 0.807494 17.3551
0.775738 -0.011359 -0.630953 -0.546655 0.0194884 0.999792 0.0059613 0.0228307 0.630754 -0.0169207 0.775798 17.3779
0.74051 -0.0128838 -0.671922 -0.567977 0.0228505 0.999721 0.00601379 0.0213934 0.671657 -0.0198071 0.740597 17.4002
0.702036 -0.0142764 -0.711998 -0.592122 0.0265615 0.999628 0.00614618 0.0225464 0.711646 -0.0232266 0.702154 17.4207
0.659887 -0.0154054 -0.751207 -0.615433 0.0325287 0.999438 0.00807827 0.0230562 0.750661 -0.0297665 0.660017 17.4374
0.613573 -0.0152417 -0.789491 -0.64027 0.0365952 0.999288 0.00914894 0.0233207 0.78879 -0.0345051 0.613694 17.4523
0.563611 -0.0122177 -0.82595 -0.666046 0.036761 0.999271 0.0103035 0.0230006 0.825222 -0.0361699 0.563649 17.4667
0.511539 -0.00655265 -0.859235 -0.691649 0.0325088 0.999403 0.0117323 0.0227012 0.858645 -0.0339342 0.511447 17.4788
0.457643 -0.00272423 -0.889132 -0.719384 0.0299441 0.999475 0.0123501 0.0221022 0.888632 -0.0322761 0.457484 17.4889
0.401181 -0.000237109 -0.915999 -0.745188 0.029034 0.999501 0.0124573 0.0215869 0.915539 -0.0315928 0.400987 17.4978
0.342694 0.00151368 -0.939446 -0.771998 0.0302832 0.999461 0.0126572 0.0223614 0.938959 -0.032787 0.342463 17.5073
0.284817 0.00573627 -0.958565 -0.800093 0.0312727 0.999394 0.0152726 0.0213787 0.958072 -0.0343268 0.284466 17.5135
0.225591 0.010039 -0.97417 -0.829011 0.0325895 0.999309 0.0178449 0.0207095 0.973677 -0.0357734 0.225108 17.5186
0.163583 0.0135496 -0.986436 -0.859839 0.0345781 0.999213 0.0194593 0.0206573 0.985923 -0.0372923 0.162986 17.522
0.100121 0.0172788 -0.994825 -0.891588 0.0342307 0.999197 0.0207998 0.0214997 0.994386 -0.0361361 0.0994496 17.522
0.0349747 0.0232285 -0.999118 -0.923944 0.0357751 0.99906 0.0244795 0.0215738 0.998748 -0.0365997 0.0341108 17.5214
-0.0302546 0.0289902 -0.999122 -0.960055 0.0373851 0.998913 0.027852 0.0233365 0.998843 -0.0365096 -0.0313055 17.5166
-0.0965818 0.0358105 -0.994681 -0.996273 0.0391961 0.998714 0.0321499 0.0243549 0.994553 -0.0358825 -0.0978612 17.5107
-0.162798 0.0417979 -0.985774 -1.03205 0.0409754 0.998527 0.0355716 0.025659 0.985808 -0.0346015 -0.164271 17.5025
-0.227729 0.0475102 -0.972565 -1.07025 0.0442182 0.998283 0.0384128 0.0272636 0.97272 -0.0342574 -0.229438 17.4913
-0.290611 0.0524465 -0.955403 -1.10741 0.04751 0.998056 0.0403365 0.028271 0.955661 -0.0336689 -0.292538 17.477
-0.351377 0.0557973 -0.93457 -1.14448 0.0507512 0.99789 0.0404964 0.0292629 0.934857 -0.033201 -0.353468 17.4603
-0.409111 0.0570203 -0.910701 -1.1809 0.0530024 0.997846 0.0386665 0.0305208 0.910944 -0.0324504 -0.411251 17.4401
-0.464338 0.058051 -0.883754 -1.21933 0.055318 0.997802 0.0364776 0.0321732 0.883929 -0.0319496 -0.466529 17.417
-0.514685 0.0582354 -0.855399 -1.25701 0.0557073 0.997854 0.0344152 0.0342593 0.855568 -0.029939 -0.516824 17.3905
-0.560366 0.0581432 -0.826202 -1.29462 0.055905 0.997913 0.0323101 0.0363547 0.826357 -0.0280834 -0.562447 17.3616
-0.5999 0.0593797 -0.797869 -1.33025 0.055831 0.997918 0.0322898 0.0376137 0.798125 -0.0251752 -0.601966 17.3301
-0.636501 0.0638808 -0.768626 -1.36768 0.0599554 0.997647 0.0332656 0.0394279 0.768942 -0.0249097 -0.638833 17.2959
-0.672951 0.0709371 -0.736278 -1.4058 0.0672036 0.997138 0.0346462 0.0419177 0.736628 -0.0261653 -0.675792 17.2585
-0.707542 0.0773594 -0.702425 -1.44298 0.0730575 0.996671 0.0361757 0.0436934 0.702885 -0.0257216 -0.710838 17.2175
-0.740319 0.0788667 -0.667613 -1.48116 0.0746076 0.996599 0.0349978 0.0460948 0.668102 -0.0238995 -0.743685 17.1727
-0.770334 0.0775388 -0.632909 -1.51585 0.0745788 0.996723 0.031338 0.0468656 0.633264 -0.0230608 -0.773592 17.1268
-0.797549 0.074691 -0.598612 -1.55222 0.0743899 0.996909 0.0252761 0.0489391 0.59865 -0.0243718 -0.80064 17.074
-0.822572 0.0704206 -0.564283 -1.58479 0.0723745 0.997198 0.0189444 0.050899 0.564036 -0.0252566 -0.825364 17.0217
-0.845343 0.0674089 -0.529954 -1.61928 0.0710014 0.997383 0.0136086 0.0530379 0.529484 -0.0261235 -0.847917 16.9632
-0.866096 0.0672557 -0.495333 -1.65077 0.0703284 0.997446 0.0124619 0.0535276 0.494906 -0.0240427 -0.868614 16.9028
-0.886073 0.0639976 -0.459107 -1.68312 0.0669946 0.997705 0.00977706 0.0555046 0.458679 -0.0220945 -0.888327 16.8377
-0.903963 0.0641325 -0.422774 -1.71168 0.0672746 0.997706 0.0075019 0.0564402 0.422285 -0.0216605 -0.906204 16.7705
-0.920188 0.0671915 -0.385666 -1.73844 0.0700635 0.997521 0.00662025 0.0583412 0.385155 -0.0209293 -0.922615 16.7004
-0.934878 0.0704779 -0.347903 -1.76491 0.0732267 0.997301 0.00525928 0.0594093 0.347335 -0.020559 -0.937516 16.6251
-0.947583 0.0722987 -0.311222 -1.7877 0.0738529 0.997246 0.00680484 0.0594537 0.310857 -0.0165365 -0.950313 16.5489
-0.958764 0.075405 -0.274019 -1.81157 0.0766422 0.997039 0.00620404 0.0613336 0.273676 -0.0150532 -0.961704 16.4675
-0.968059 0.0749489 -0.239259 -1.82869 0.0759231 0.9971 0.00515592 0.061483 0.238951 -0.013174 -0.970942 16.3842
-0.97591 0.0743705 -0.205108 -1.84663 0.0757992 0.997123 0.000894203 0.0620626 0.204584 -0.0146743 -0.978739 16.2967
