1 0 0 0 0 1 0 0 0 0 1 0
0.9999982776999407 0.0013849102815408308 0.0012355649172261136 0.0032676328297977382 -0.0013835243713481073 0.99999841367551 -0.0011218318846789065 -0.024075200724381175 -0.0012371165937304788 0.0011201205183724197 0.9999986074353094 1.2495256860671682
0.99999378030667 0.0024166629158021338 0.002568869075517229 0.007276484549239543 -0.0024148624202794955 0.999996836574853 -0.000703761165299465 -0.05023222533420428 -0.0025705617026019582 0.0006975533227277543 0.9999964528096563 2.5088178908999597
0.9999898397664232 0.0023188663552916686 0.0038656464854139078 0.014105776507625945 -0.0023173570216928905 0.9999972369587943 -0.00039488126238899 -0.07702172410884343 -0.0038665514813470713 0.00038591916727677243 0.9999924503945212 3.7771148628947646
0.9999856427341831 0.0021757078132702023 0.004897001226706742 0.02226092306897004 -0.0021745834891882306 0.9999976079997666 -0.0002349072030646431 -0.10304231045039491 -0.004897500602515766 0.00022425489242535525 0.9999879820265801 5.0281263345686265
0.9999821916263002 0.0018202974575994343 0.005683568195032248 0.03090318090104925 -0.0018198734822926891 0.9999983408474492 -7.976752052186309e-05 -0.1290182199772663 -0.005683703965740386 6.942272494910704e-05 0.9999838452143692 6.277389129414331
0.9999780689032539 0.00186782716362127 0.006353969956354832 0.03958923691596791 -0.0018622541552847933 0.9999978762514474 -0.0008828941363936334 -0.15485614902590703 -0.006355605555770893 0.000871042066603135 0.9999794235701743 7.536243035851436
0.9999743993050273 0.0018781344850819911 0.0069045887210282255 0.04869067540593934 -0.001869592256336155 0.9999974792529203 -0.0012434277625760375 -0.1810521630704239 -0.006906906640866972 0.0012304871643551464 0.99997538996817 8.793156946603126
0.9999729674394422 0.0023297247425503316 0.006974006953025138 0.05745622282359842 -0.002330561996705197 0.999997277972618 0.00011192915010776279 -0.2078137598662475 -0.00697372720547683 -0.0001281794799457127 0.9999756750535913 10.049086488053495
0.9999776088437338 0.002147918251732247 0.006337843351866141 0.06763675935807169 -0.0021561936649680145 0.999996831487394 0.0012991705246404358 -0.23241754287890398 -0.0063350327582475975 -0.001312807052395056 0.9999790717298018 11.277571780759486
0.9999874822479188 0.001531590095424623 0.004763357980345971 0.07742327868958263 -0.001536530078320016 0.9999982853785921 0.0010335933411444113 -0.2559415953892722 -0.004761766771666411 -0.0010408994456898213 0.9999881209822232 12.470089865587418
0.9999937920915933 0.0018166462830721962 0.003019200980094785 0.0856225332650646 -0.0018175942649179542 0.9999982997295421 0.00031127016162359867 -0.2786031543221043 -0.0030186303788544084 -0.0003167559116730008 0.9999953937575559 13.671602314002499
0.9999957073772235 0.0024787106558801985 0.0015624405945063593 0.08986099158661427 -0.0024785690728243315 0.999996924060527 -9.254640111238986e-05 -0.3021119367177139 -0.001562665184284262 8.867338690993144e-05 0.9999987751065263 14.864521503278525
0.9999918203917676 0.003962801685456868 0.0008095383632016776 0.09122034651361347 -0.0039625647721299746 0.9999921057772396 -0.00029404698515280223 -0.32600457219390966 -0.0008106972224138733 0.00029083673176395053 0.9999996290919363 16.021083763982556
0.9999903169040953 0.004399761060593115 9.055748313079139e-05 0.09410769807572747 -0.004399720514868199 0.9999902229833312 -0.00044316716852513553 -0.35058769019812736 -9.250642740018084e-05 0.00044276444967863494 0.999999897701097 17.197705848030747
0.9999884072282782 0.0047685626482632405 -0.0006679964982139043 0.09645430384131064 -0.004768571023530199 0.9999886302406568 -1.094574805262235e-05 -0.37573990051788675 0.000667936707769155 1.4131009906265814e-05 0.9999997768304102 18.38705228863647
0.9999842570841111 0.005360822387342266 -0.0016574580750646929 0.09720692642773694 -0.005360110892501482 0.9999855405775689 0.0004334132072770702 -0.40115951332775296 0.001659757560402763 -0.00042452222500738445 0.9999985324917844 19.57275896126817
0.9999721204803451 0.006938885741849711 -0.0027586458098460493 0.09559769386949174 -0.006939714608240276 0.9999758775483424 -0.0002910027136321717 -0.4269023894604945 0.0027565600299653973 0.00031013881524184653 0.9999961525879573 20.77380062184333
0.9999666651081388 0.0072577994648156795 -0.003740724453414796 0.09353492242434447 -0.007261956831910127 0.999973027729083 -0.0010989983179415842 -0.45289248744246047 0.0037326472481776203 0.0011261266624522685 0.9999923995627475 21.988728667970598
0.9999506462166392 0.008739117778435604 -0.004725775214836597 0.08894695153635908 -0.008742196214903257 0.9999615870900104 -0.0006311495614138519 -0.4810888589940423 0.00472007799370563 0.0006724320659907572 0.999988634284836 23.229195513610087
0.9999403326148419 0.00954962104964989 -0.00530433293903055 0.08368619446540772 -0.009552600024209318 0.9999542289206299 -0.0005365599011725939 -0.5094873804955347 0.0052989662102599505 0.0005871980570081073 0.9999857879767822 24.493462936863846
0.9999358697700492 0.009734242782819254 -0.005787993146306401 0.07888197618127175 -0.009741172597544968 0.9999518688303488 -0.001170290186363931 -0.5372710942429527 0.005776322674625911 0.001226596975616747 0.999982564626114 25.764615540614557
0.9999268573622344 0.010494845331530615 -0.006011501239646478 0.07315774850381342 -0.010498889037388992 0.99994467937395 -0.0006414988005315399 -0.5649080468454416 0.006004436248942452 0.0007045659640803191 0.9999817249990807 27.035361464532357
0.9999299348894128 0.01021213720281432 -0.005986448513701172 0.06864628525518351 -0.010205359675552118 0.9999472492662922 0.0011616017694550621 -0.5925577934237211 0.005997995160794469 -0.0011004265214371322 0.9999814063849012 28.30091377818094
0.9999279710777454 0.010462454294453095 -0.0058813014275131996 0.06412555175693657 -0.01045370321227736 0.99994420825681 0.0015167276662279043 -0.6195580867948339 0.005896841993339365 -0.0014551370383435861 0.9999815547452402 29.61132406988184
0.9999318782722805 0.010127768248208859 -0.0058023379065109204 0.060293492591001606 -0.01012454508782359 0.9999485745934695 0.0005845983712516119 -0.6460411521078271 0.005807960195747557 -0.0005258125156512828 0.999982995415205 30.93131811924866
0.9999336006345606 0.010043232265833502 -0.005650469684832821 0.05649934425367781 -0.010046482126784188 0.9999493831809153 -0.0005470584846260452 -0.6723689410744688 0.005644689440606936 0.0006037895029864157 0.9999838863298537 32.21923828776695
0.9999261234884242 0.010924817837949106 -0.005328782283196401 0.0515885800108065 -0.01092797218504161 0.9999401293297161 -0.0005631873542748284 -0.6990608847711833 0.005322310526175211 0.000621378532528643 0.9999856433466355 33.470853468289185
0.9999235728783566 0.01125232014203154 -0.005121883794467836 0.04762387082331001 -0.011251142730445116 0.9999366704422236 0.00025863522779884593 -0.7267742370200156 0.005124469674215342 -0.00020098841543251828 0.9999868496206421 34.72514919251208
0.9999203156050741 0.011631071768677444 -0.004907199788226805 0.04508076151080545 -0.011627466709713296 0.999932107971689 0.0007625386617817262 -0.7533126850122898 0.004915735770381422 -0.000705419597174335 0.9999876688864866 35.92428117127324
0.999919896646643 0.011753915670110388 -0.004695290894913775 0.04238660205156054 -0.011750870369571322 0.9999307278730654 0.0006756484301492971 -0.7795964904008608 0.004702907156797516 -0.0006204205537907909 0.9999887488080121 37.146050285781
0.9999152795262146 0.012108570744633108 -0.004776639460478948 0.03801910461135481 -0.012105706003493442 0.9999265259253775 0.0006281981887350844 -0.8034141597993452 0.004783895083524723 -0.0005703203744936594 0.9999883944739074 38.35527191494485
0.9999165177175212 0.01195924845862382 -0.004892235886788496 0.033639193023196595 -0.011954262510931079 0.9999279969694225 0.0010471315771747 -0.8247179240308867 0.004904406537678642 -0.000988561088184514 0.9999874846934287 39.564562937124236
0.9999096220078 0.012552199536593653 -0.004815610346856672 0.029266085573483924 -0.012541707531585993 0.9999189233434648 0.0022027963681587543 -0.843839061792789 0.004842869852822178 -0.002142201307289418 0.9999859786942763 40.75677479131647
0.9998994706663143 0.013358694766691725 -0.004753297314016936 0.02537732344678352 -0.013343690290578542 0.9999059298737797 0.0031744814824965304 -0.8623751452033382 0.00479525709990582 -0.003110735826771016 0.9999836642825543 41.94034550255721
0.9998894470895627 0.014104869405332737 -0.004705981086717898 0.02102242568647151 -0.014091342323691101 0.9998965202239128 0.002895326515045173 -0.8800107015559064 0.004746332315229274 -0.002828692837810509 0.9999847352966872 43.12748244159169
0.9998741219202595 0.015272258374048962 -0.004300981091368208 0.016252025038503985 -0.015260065758563044 0.9998794865962597 0.0028535376371424917 -0.8955736384651307 0.004344042729571968 -0.0027875451850236433 0.9999866793535843 44.3272103917397
0.99983245503729 0.01796091347053694 -0.0035309264239424807 0.009079148449390928 -0.017944234218668156 0.9998279423589183 0.004700014536089423 -0.909128983567689 0.003614735455464102 -0.004635867301569126 0.9999827210616954 45.52626901773578
0.9998278170247478 0.018444804699205158 -0.002031128537932658 0.005513243415193373 -0.01842835585676002 0.9997994498226521 0.00783937719086546 -0.922157081601299 0.0021753169759930677 -0.007800597024088765 0.999967208803431 46.72355792799559
0.9998176035312963 0.01908580575206767 -0.0007012044864808455 0.0031127143143902707 -0.01907706286754287 0.9997589339864857 0.010869203584210237 -0.9321902911689097 0.0009084829581985377 -0.01085384415778725 0.9999406826035813 47.91936940314342
0.9998150238890349 0.019229106484592622 0.00039933641842291825 0.0018203633134597 -0.01923281616726443 0.9997166834751475 0.014023250826029352 -0.937937314921735 -0.00012956869642274116 -0.014028337223552876 0.9999015896410497 49.1194771091613
0.999818423225063 0.018985847750478048 0.0016303879743734054 0.004389124341088069 -0.01900870269989506 0.9997009662592563 0.01538334430409543 -0.9404370582021131 -0.0013378346005078318 -0.015411542606339283 0.9998803401172951 50.34338648511694
0.9998521863349283 0.016986727672377543 0.0026564194418736537 0.009896813953970227 -0.01702228675022805 0.9997572111773804 0.013991442120893111 -0.941823178230785 -0.002418105675873539 -0.014034592328022025 0.9998985863492008 51.578656368231655
0.9998526654983233 0.016870028983079256 0.0031700817041290367 0.014958769230539546 -0.01690734636012869 0.9997833726455706 0.012138756958983952 -0.945037472126751 -0.0029646137959995363 -0.012190566170638031 0.9999212974836987 52.83318559862201
0.9998536562733114 0.01671655641933888 0.003636313844144536 0.018944289830506198 -0.016758341161968008 0.9997901588231618 0.011781185078693242 -0.9512826765655438 -0.0034386099507134832 -0.011840399564136168 0.9999239875609407 54.10477612256038
0.9998671945715153 0.01579511534685022 0.004013421342159076 0.023932566758543612 -0.015840642735600263 0.9998075027091632 0.011577200187956835 -0.9594646085472742 -0.003829785557061374 -0.011639237846553789 0.9999249276245401 55.42558244016872
0.9998908725762836 0.014202705892994195 0.004065228647754407 0.030235151413549873 -0.014245655133552035 0.9998408591881917 0.010738603616738588 -0.9690756729772595 -0.003912064475097239 -0.01079534358594652 0.9999340759812158 56.75815272843444
0.9998999700685043 0.01358423697978499 0.003939335309982086 0.0363803551666399 -0.013626408693999583 0.999847921487471 0.010883698052176531 -0.9786830210792389 -0.0037908894881706055 -0.010936288349522464 0.99993301113326 58.08980934965328
0.999909166255544 0.012912145928170188 0.0038646766586775553 0.042364106102392884 -0.012958414789079872 0.9998416469041751 0.012196745553811183 -0.9886052529774879 -0.003706578516724724 -0.01224571776091116 0.9999181484862767 59.44551044374525
0.9999156280674905 0.012510802088724116 0.003495222095487983 0.04718311443113053 -0.012554003782621387 0.999841496715237 0.012624517228944414 -0.9991033568341318 -0.0033367252547878657 -0.012667331105436651 0.9999141988126998 60.78317209909018
0.9999105925671574 0.01298280621658023 0.003202126596870441 0.05183895815822388 -0.013021180933559043 0.9998399411157869 0.012269514932461404 -1.0086979341094993 -0.0030423213333206603 -0.01231011341641907 0.9999195994621682 62.12638451037879
0.9999106863166104 0.013056982892915452 0.002852119840222766 0.05595320851868078 -0.013090094950936377 0.9998433041663984 0.011917068758581824 -1.0191383621889059 -0.0026960719620123786 -0.011953338920795743 0.9999249216239305 63.445425047946785
0.9999183552847337 0.012467145640164287 0.002802328364614155 0.059922008389383025 -0.012498118166269157 0.9998578070991786 0.011320893300709602 -1.030099370215174 -0.0026607906678582376 -0.011354992840641134 0.9999319898526169 64.75510417677482
0.9999353561221009 0.011030755034825061 0.002757901436133804 0.06530944819526008 -0.011058600416596691 0.9998858651911228 0.010293879143856472 -1.0397074164609852 -0.0026440374043865214 -0.010323712237560552 0.9999432134035627 66.02385692013365
0.9999373797295256 0.010877364769724287 0.002630504765186117 0.07010505303388843 -0.010905489325339138 0.9998808527559074 0.01092476977775277 -1.0498985228203486 -0.002511358641894904 -0.010952772607351407 0.9999368629318485 67.27795525676063
0.9999360846202515 0.011097284754327755 0.002162624656785844 0.07399843592798362 -0.01112302218771054 0.999862774270372 0.012276441087313657 -1.0611499777500695 -0.0020260927265237645 -0.012299711355960712 0.9999223030060023 68.50055821116956
0.999936281328266 0.011186349262420283 0.0015162036743131852 0.07750365183896582 -0.011202456529420236 0.9998760001425847 0.01106748872038876 -1.0738740060409098 -0.0013922108709896015 -0.011083768720459297 0.9999376039632903 69.72671641497323
0.9999203603616146 0.012557321825375485 0.0012596042538585007 0.08121672780311026 -0.012569109184330145 0.9998726587556057 0.00983279041330227 -1.0862334216401566 -0.0011359703406240763 -0.009847839436825222 0.9999508636077153 70.99207996258494
0.9998931889944196 0.014560424575836462 0.0012667433619924769 0.08334445525916759 -0.014572709733902732 0.9998407624897773 0.010299795865735862 -1.0998888139291574 -0.0011165722480838726 -0.010317155617503826 0.9999461533334597 72.25942487691107
0.999870163652669 0.01604850873237937 0.0014495532605588632 0.08530818461897992 -0.01606336535466493 0.9998116037937183 0.010896109990213829 -1.1151601814507375 -0.0012744138538968678 -0.010917979982717978 0.9999395849662266 73.52092264840735
0.999854171638998 0.016979927986827528 0.0018214010155241803 0.08836801720539371 -0.01700017566360199 0.9997864915722867 0.011745862973336947 -1.12882280181491 -0.0016215682236267238 -0.011775114230608754 0.9999293561053982 74.82071526103654
0.9998452247243331 0.01743578481592547 0.0023494688345992473 0.09263187187272526 -0.017464327661925114 0.9997664252854823 0.012731540802627967 -1.140983120886286 -0.002126935652277149 -0.012770602168449488 0.9999161904204722 76.10966330521383
0.9998194016420494 0.018767697040867583 0.0029895899252295782 0.09647611289320575 -0.018807079763821198 0.9997287132573143 0.013740219781209 -1.1516287186545622 -0.002730906606988137 -0.013793963776263527 0.9999011294685324 77.35170069048877
0.9998454120861967 0.01715011795229309 0.0038762590741810224 0.10270371375297958 -0.017195678997030693 0.9997796108902824 0.012043183628517364 -1.1627578202741098 -0.003668862769144436 -0.012107976804633616 0.9999199649690385 78.59477193670553
0.999897498217326 0.013539338858783397 0.004656110179521613 0.11312282390046584 -0.013573392498889815 0.9998807776429416 0.007361624563965978 -1.1737373391578731 -0.0045558835375686104 -0.007424069195309518 0.9999620628412754 79.82354971729237
0.9998941156175244 0.013571928809255208 0.005249790648198829 0.12148545739019173 -0.013606378763632939 0.9998857583074072 0.006583068506814005 -1.183964393081439 -0.0051598459661084915 -0.0066538021026595374 0.9999645508252722 81.08413518610833
0.9999057348453638 0.0124991705257482 0.0056826190727525 0.1315439976532992 -0.012556209369532783 0.9998700050872784 0.01011506465810962 -1.1965665484454115 -0.005555450443141427 -0.010185463314820242 0.9999326943886974 82.37133654068316
0.9999095763783491 0.011915818624739784 0.006233163994053378 0.1393195624080547 -0.011991102890585017 0.9998538784025999 0.01218340242908658 -1.2083618078752898 -0.006087077980596503 -0.012257043272501485 0.999906351800946 83.65567118551267
0.9999011560023797 0.012300947243963033 0.006809179246391374 0.14326935161414522 -0.012370100185494776 0.9998713738807379 0.01020863924569354 -1.220221690803448 -0.006682727475295626 -0.01029186041243908 0.9999247065468204 85.03287403935585
0.9998915585746078 0.012881008116443174 0.007137977385097587 0.14563717998601147 -0.012927427011383876 0.9998953391861425 0.006495560383602683 -1.2330886372562349 -0.007053560952553134 -0.006587131677430714 0.9999534274025749 86.37938044129254
0.9999023128806305 0.012098739063258541 0.006998943423758728 0.15027989385636162 -0.01211876994835352 0.9999225696199673 0.0028266905637267573 -1.2496712078981984 -0.006964202101366494 -0.002911233017702313 0.9999715118999197 87.68311238176466
0.9999078417065976 0.011255026140855046 0.0075916059055839815 0.15648413617251505 -0.011272017202709131 0.9999340506732468 0.0021990753458069616 -1.2693386320231421 -0.007566354593782765 -0.0022844453951399632 0.9999687653058972 88.96056406576375
0.9999035119962703 0.010911913182365026 0.008596327601259324 0.1643295430559863 -0.010948797256750699 0.999931005474809 0.004255364704656167 -1.2895340582032608 -0.008549300331501582 -0.004349073561069472 0.999953996453339 90.23190381404794
0.9998818541427902 0.01173695761481475 0.009925803842874467 0.1744910859171118 -0.011787465542211734 0.9999177961853374 0.005045446258801152 -1.3086976183000516 -0.009865769715047617 -0.005161850231004536 0.9999380090236216 91.46389637521997
0.9998691283524308 0.01163753700536432 0.011238055890682403 0.18575100275850018 -0.011668448411289747 0.9999283058334424 0.002688959786958023 -1.3271991039384083 -0.011205957318604931 -0.0028197385537640776 0.9999332355687874 92.64237769909104
0.9998521873175201 0.011722774021759176 0.012576966470839602 0.19793622355024798 -0.011721592651403621 0.9999312857198369 -0.00016764363924939103 -1.344878346361107 -0.012578067502141025 2.0196781631824065e-05 0.9999208927760255 93.79414601039036
0.9998301387617567 0.011805613279568663 0.014153484332229403 0.21247410267170963 -0.011794636896719404 0.9999300721002252 -0.0008587491567223092 -1.363741631040041 -0.01416263266924397 0.0006916680800051485 0.9998994656619961 94.9547437928571
0.999814504257414 0.011121724255240405 0.015724640730220906 0.23029577299953258 -0.011127970228680137 0.9999380342421402 0.00030976532274617157 -1.384411861833903 -0.01572022121643756 -0.00048469119650019614 0.9998763122103415 96.12001125297701
0.9997874974834065 0.010722727526180848 0.017606333811156605 0.2526753980016659 -0.010758610223626711 0.9999402336271929 0.00194460269788981 -1.4059391537504111 -0.017584430099570118 -0.002133609147864031 0.9998431054570911 97.31578934322005
0.9997599257262911 0.009996862129374893 0.01949752956992424 0.2775805952585318 -0.010069603884426199 0.9999426888622335 0.003636216244764525 -1.4247012134386874 -0.019460061391849432 -0.0038316756822845397 0.9998032927891833 98.50694673202608
0.9997375784030709 0.008534377165831273 0.02125885074875374 0.3064643620934734 -0.008632223421772764 0.9999525481463863 0.0045151051313380595 -1.4409267425426993 -0.02121930836674578 -0.004697431419592556 0.9997638096523084 99.70126967170373
0.9997183692973541 0.007490544169528985 0.0225183000576431 0.3343053444045784 -0.007536425991499649 0.9999696928744473 0.001953360145891828 -1.4576730047274553 -0.022502985862244203 -0.002122517521540235 0.9997445226389872 100.85126009493446
0.9996949443730803 0.005895088413435092 0.023984706116695346 0.36295061106495186 -0.005838637272906966 0.9999800195417603 -0.0024229799953004397 -1.4717369176582455 -0.023998510572572653 0.0022822028525062927 0.9997093892929285 101.93296730699699
0.9996544639046188 0.006288686400625887 0.025522641299959674 0.3889491133496733 -0.00613224706611811 0.9999619579420933 -0.006203081051919397 -1.4869247793052454 -0.025560679597614582 0.006044426521282107 0.9996549987703451 103.00084387865937
0.9996167838886595 0.006082052376709387 0.027005444024900276 0.417878179587259 -0.00587764871693749 0.9999535260807585 -0.007641918883309975 -1.5066442797254758 -0.027050667526982427 0.007480261863449038 0.9996060759463202 104.11837472491214
0.9995939321952632 0.006371902227822183 0.02777354101321937 0.44856019182168977 -0.006175774677687321 0.9999554267087324 -0.007141736685734341 -1.529604467042887 -0.027817809502984594 0.0069673135250971924 0.9995887284362006 105.27616151099024
0.9995932266688238 0.0071132312500314585 0.027618528907150847 0.4791036018570949 -0.006969608262335513 0.9999617034782237 -0.0052930272623064305 -1.553477012509465 -0.027655121740486625 0.005098383872710094 0.9996045221603425 106.43895518090383
0.9996148722481808 0.007089613599228106 0.026829919106637942 0.5109628106134531 -0.006992572069785832 0.9999686730956258 -0.0037090110842361184 -1.5790107230437918 -0.02685537406375021 0.0035199724981560755 0.9996331320427055 107.61380358883977
0.9996496433763297 0.007707689635053762 0.02532157218793872 0.5414454410266402 -0.007636959310703898 0.9999666652774036 -0.0028888036410345645 -1.6046314051904524 -0.02534299410223584 0.002694411713062096 0.9996751836448957 108.80357703843167
0.9996912733439853 0.008565658812247209 0.0233235393754066 0.571395680972588 -0.00851108786352415 0.99996080799603 -0.002438002318979286 -1.6311461857094094 -0.02334350837520664 0.002238740949763531 0.9997249965143907 110.05731450616058
0.9997293982912097 0.00969846324579075 0.021144029960472772 0.5996667451408615 -0.009643919370237905 0.9999499047407034 -0.0026800798943596225 -1.659264850503322 -0.02116896340116054 0.002475443340059809 0.9997728477853323 111.35038367257994
0.9997594589815285 0.011700333278850497 0.018550643604125297 0.6249302738169555 -0.01164064414262991 0.9999267259898362 -0.0033223568731075414 -1.6887923065793053 -0.018588157006763938 0.003105616269189172 0.9998224020128185 112.66742338121904
0.9997930566397875 0.01294341036028822 0.015694330922900478 0.6478032940122047 -0.012895198342409887 0.9999118309445347 -0.0031692580927666523 -1.718435342239201 -0.015733968176599188 0.0029662207257453266 0.9998718136741455 114.00869130992574
0.9998146864313814 0.014494881235796038 0.012668512702000931 0.6666153344170007 -0.0144660482025104 0.9998925651809405 -0.002364644853241446 -1.7471024043985222 -0.012701426908943613 0.002180943337063906 0.9999169551720976 115.35712880309859
0.9998343804259546 0.015498057919348579 0.009540540811635023 0.6825790003602332 -0.015483400402985006 0.9998788315103301 -0.0016082939714994076 -1.7751453227749843 -0.009564310231835885 0.0014603075930893345 0.9999531946403911 116.71236916859093
0.9998524748520399 0.016040919579940506 0.0061414518872351985 0.6946029268096073 -0.01603398654559105 0.9998707552425099 -0.0011764719415917578 -1.8025809095974765 -0.006159529828578535 0.0010778264254641709 0.9999804490501244 118.0586078506247
0.9998536861386469 0.016884331660170178 0.0027432935227155657 0.7013348503442847 -0.01688110210886746 0.9998567885231346 -0.0011961754861698236 -1.8289492768734816 -0.002763097275230973 0.0011496906510440213 0.9999955217424003 119.40486411500163
0.9998328702046224 0.018269423203064496 -0.0006781107696058836 0.7015281989518396 -0.018270390830593005 0.9998320320850507 -0.001449287954569028 -1.8543615647950829 0.0006515192137686663 0.0014614350841568628 0.9999987198642853 120.76024962170574
0.9998074808579518 0.01922749879593164 -0.003912097970568802 0.696568475862188 -0.01923517060268805 0.9998131184746182 -0.0019329609268379838 -1.8794816459580035 0.0038742008678392392 0.002007838666737047 0.9999904795304427 122.09569187519733
0.9997619844162898 0.02071147323416674 -0.0068563395828668315 0.6862038338792189 -0.020730314768906685 0.999781489210403 -0.002688472021701681 -1.9050144697169873 0.006799159182372532 0.0028299662011794804 0.9999728809951366 123.41064129051169
0.99969228661042 0.02306067796164624 -0.00913986999807139 0.6704225895425107 -0.02308919078910662 0.9997288281604451 -0.003026452320445441 -1.9312943698442255 0.009067599480382627 0.0032365532427166056 0.9999536506072524 124.71815431565838
0.9996175535460785 0.025537982636293186 -0.010609339537581029 0.651199313424812 -0.02557001328702361 0.9996688433594001 -0.0028944838885417196 -1.9584555135832502 0.010531906905054147 0.0031646578563850943 0.9999395301104943 126.03020552035697
0.999563872144893 0.02735467185262701 -0.01112597998132281 0.6312689843609196 -0.027392189388444548 0.9996195330477395 -0.003233745495058993 -1.9867228794994412 0.011033288866756133 0.0035371001193526984 0.9999328754769136 127.36900343852146
0.9994883656576857 0.029972076735366525 -0.011166088442196966 0.6098041549533346 -0.03001083580552854 0.999544060158805 -0.00331986980232614 -2.0144573077160604 0.011061493985139096 0.003653274889752032 0.9999321461646268 128.69641039497924
0.9994267238679172 0.032150192259941826 -0.01061078490459933 0.589573351099609 -0.03217999230714653 0.999478577536605 -0.002649743481184466 -2.0425564256969793 0.010520062440636193 0.0029896794230933462 0.999940193263173 130.01577119969983
0.999416089744841 0.03267865446157789 -0.00997923352333979 0.5717226484038971 -0.032703661868131284 0.9994623221956981 -0.0023530855481913595 -2.071676601214914 0.009896972241422447 0.002678069036258922 0.9999474375619395 131.32813703364346
0.9992836973811658 0.036713134331033105 -0.00917812158444197 0.5524664505257881 -0.03672161618566529 0.9993252470740881 -0.0007572747360025775 -2.100081738299815 0.009144126690940108 0.0010937677562552434 0.9999575934104182 132.5990606599136
0.9992315898489832 0.038361337006974056 -0.008039755649941006 0.5355645083796003 -0.03834486034669291 0.9992621575302119 0.00219367569577425 -2.130800196372512 0.008117975909425345 -0.0018837067454830607 0.9999652744550833 133.8646668296734
0.9992855346709327 0.03708468224885188 -0.007290167345789855 0.5215786255062587 -0.03707259378372579 0.9993109783473719 0.0017864334760938033 -2.1599214117271726 0.007351393580456956 -0.0015148917186866057 0.9999718306609965 135.1482186906178
0.9993121744273525 0.03644109572110213 -0.006872014546090546 0.508913192340056 -0.03644482156382893 0.999335579530804 -0.0004176900910839965 -2.185937005643171 0.006852227554370544 0.0006678521370742076 0.9999763001946921 136.41273350905752
0.999419736366482 0.03340570158204662 -0.006652042014475381 0.5010881882223192 -0.033407035880813445 0.999441825188454 -8.954121537618987e-05 -2.210777457649829 0.0066453378250573856 0.00031171426412345715 0.9999778709148553 137.69093937729073
0.9995050176374985 0.03078080845378832 -0.006500888277346899 0.4936622759220628 -0.03077114489407627 0.9995252052748146 0.0015813482372201851 -2.2335358174767777 0.006546476867072383 -0.0013805257226113508 0.9999776186442161 138.94495343726308
0.9995888362908862 0.027963029040165604 -0.006342504988640843 0.4867516295760808 -0.027941748459133237 0.9996037046549229 0.0034194053869693254 -2.25161551520137 0.006435608415573617 -0.0032407787725740604 0.9999740398116682 140.21104688643564
0.9996316895196015 0.026366439596608802 -0.006426209706024046 0.48054956839727564 -0.02633925984124089 0.9996439072806811 0.004278086912237803 -2.266771720475037 0.006536719299695455 -0.004107249640750703 0.9999702004565859 141.52998672528204
0.9997340733847285 0.022092386381529903 -0.006611276544465572 0.4763805315190418 -0.022078921369430092 0.999754019511344 0.0021027843620204127 -2.279394848781315 0.006656105824033301 -0.0019562553207155674 0.9999759343706118 142.8040717297484
0.9997916736272013 0.019302848761919084 -0.00663395624001105 0.47234962361793753 -0.019302202452458225 0.9998136821012563 0.00016144228646459145 -2.2925536257391177 0.006635836511263442 -3.33586873732004e-05 0.9999779820381008 144.08512695523214
0.999822605135182 0.017750888504690823 -0.0062979534765262215 0.4685407758162396 -0.01775418312612888 0.9998422727271795 -0.00046759947773889973 -2.305776342119127 0.006288659811305809 0.000579331547334837 0.9999800583675328 145.36646150480186
0.9998338182199746 0.017335103601150797 -0.005641819458657192 0.4643558203609512 -0.01733728217634447 0.9998496410778135 -0.0003374660051142843 -2.3181454447818437 0.00563512115260368 0.0004352237403555806 0.9999840278673904 146.6397237099202
0.9998240599227443 0.01801761543268274 -0.005216774263908316 0.4581909659190822 -0.018011006518160504 0.9998369290570175 0.0013110827717601327 -2.3316059929601654 0.0052395461447917475 -0.0012168927444849624 0.9999855330594755 147.96243038288682
0.9997898907859373 0.01995529973520725 -0.004686181251535184 0.4496764056961913 -0.01994324939476304 0.9997977218334393 0.00260426961777907 -2.3473714269972192 0.004737202320197513 -0.0025102647553280474 0.9999856286392491 149.33328988279197
0.9997919702970153 0.019965300671891527 -0.004171678162731916 0.4439119557941382 -0.0199625215329977 0.9998004791963385 0.0007067763544405017 -2.365869194323163 0.004184956828576444 -0.0006233521088131442 0.9999910487441825 150.74278258804082
0.9997889990882787 0.020155378808399172 -0.003964594197206065 0.4394466190413011 -0.020163477163327725 0.9997946690982653 -0.002013412867018243 -2.385851342726878 0.003923199044472067 0.0020929280396248494 0.9999901140318725 152.16987339371644
0.999793442299925 0.019987972014436972 -0.003681536203457733 0.43536655717263256 -0.020006166105730014 0.9997874872506094 -0.004973294165969872 -2.4092908132393385 0.003581347765468172 0.005045920318575778 0.9999808561349162 153.6216619702297
0.999817249794047 0.018838578417282346 -0.0032519190465274245 0.43216348177398983 -0.018868548067839688 0.9997773562703951 -0.009445410673428183 -2.435738160996274 0.003073256917487706 0.009505043513524413 0.9999501033750252 155.03905808265264
0.9998265583600442 0.018435414520058493 -0.0026436129413030408 0.42956109246018537 -0.018470360187197034 0.9997332347833513 -0.013867410146468997 -2.465973126981938 0.002387256262954183 0.01391383344333264 0.9999003481579777 156.39740223249558
0.9998284935059069 0.018390740906835925 -0.002182709922692743 0.4270266083058277 -0.018422394853724735 0.9997101969593423 -0.015496369360744234 -2.5051180918858327 0.0018970876528101813 0.015533922376810979 0.9998775416589909 157.8194789178165
0.9998329957977954 0.01818967823754287 -0.0017652534155059836 0.4245028394100839 -0.018215004997690538 0.9997126124025987 -0.015585448216333486 -2.5494529248379667 0.0014812518153250905 0.015614999480773733 0.9998769812753335 159.2256518359865
0.9998229244861294 0.018788531906826004 -0.001053916879865535 0.4218405157262904 -0.018802492104027048 0.9997056066716522 -0.01533513221134276 -2.594399464962944 0.0007654819929192475 0.015352232998738126 0.9998818545104562 160.57949877777727
0.9998012900214814 0.019932033425595658 -0.00030743276068785044 0.41964172665509036 -0.01993439920879251 0.9996930622902199 -0.014710572286096143 -2.63580327881014 1.4126779464250514e-05 0.014713777635974581 0.9998917464146362 161.9200589048727
0.9997932845014283 0.020331847601005485 6.510741268361832e-05 0.41897852911773736 -0.020328741677131532 0.9996872055095473 -0.014568232642778033 -2.674246934322313 -0.0003612861333526133 0.014563897611530258 0.9998938755481445 163.23856562895625
0.9997923908461623 0.02037584310454751 -1.4963051576157967e-05 0.4192067462927455 -0.02037369676072361 0.9996758637175189 -0.015266957160209264 -2.712217780292174 -0.0002961189222720404 0.015264092452826984 0.999883453105997 164.56194216284067
0.9997849568869082 0.020736577582820177 -0.00018529110693188243 0.42057315528814554 -0.02073696133124284 0.9996651645929095 -0.015476987244775453 -2.7522900212956296 -0.00013571068184095554 0.015477501399776526 0.9998802070913434 165.9375453460403
0.9997847580375405 0.020743456526660327 -0.00038289312097700303 0.42261055154066035 -0.020746846289362998 0.9996762556016117 -0.014729302610226605 -2.7955365014746913 7.723251311063156e-05 0.014734076070953287 0.999891444626601 167.36768422076506
0.9997682918137842 0.021505543423106423 -0.0009350325255471908 0.42317237775811706 -0.02151688433925537 0.999662452763895 -0.014560364775696945 -2.8388759301631263 0.0006215883509624907 0.014577110006689771 0.9998935550806252 168.79570982365277
0.9997576033142164 0.021959840787201916 -0.0015811413643638161 0.4235233888170073 -0.0219819144413765 0.9996359121550765 -0.015647318216773037 -2.8829120450491246 0.0012369530732249123 0.015678281872887053 0.9998763230643105 170.23516472623683
0.9997399878558769 0.022693066364968685 -0.002231909694641763 0.42158278464831317 -0.022728279737769665 0.9995924466719456 -0.017273270001695946 -2.9266195705143625 0.0018390166099292741 0.01731950620961605 0.9998483148570884 171.65239531161419
0.9997121281163194 0.023833702093753427 -0.002759627084431335 0.4184814033417057 -0.023878822898171972 0.9995586722583969 -0.017670951587979267 -2.9707343044048935 0.002337244988581447 0.01773176126427334 0.9998400481718693 173.04350041732414
0.999708865490335 0.02391239316286854 -0.0032220666118474416 0.4165943696342508 -0.023968630275088536 0.9995374047486443 -0.018721145025810782 -3.0190529392174774 0.0027729087188169688 0.018792923177774402 0.9998195522271344 174.45488383714786
0.9996940383539955 0.024444664735911045 -0.003779953098688898 0.413049735583581 -0.024516733922283505 0.9994919201478547 -0.020367408203667524 -3.067250938648179 0.0032801581155992906 0.02045384866228795 0.9997854172959482 175.80297620335824
0.999663489522542 0.025563847002239595 -0.004404252724259603 0.407910557258657 -0.025648786023548056 0.9994618300344646 -0.02044969632226383 -3.116472060150536 0.003879109579698154 0.020555778520908723 0.9997811822985385 177.15218552323293
0.9996293818123775 0.026762729261907245 -0.004985512998350456 0.40202865109858427 -0.02685521637930426 0.9994488613889767 -0.019513349827610892 -3.164967611215161 0.004460534791212062 0.019640004855595878 0.9997971663485768 178.48568921377526
0.999610591788397 0.02736404101333816 -0.005465715311834887 0.3960621403770679 -0.027465699003235627 0.9994328899243996 -0.019481630209580394 -3.211882100563467 0.004929519521549526 0.019624163594393607 0.9997952750641017 179.79187632905186
0.9995747416313325 0.028540476491082503 -0.005981395682959916 0.38996818455088783 -0.02865200276693701 0.9993997616661502 -0.019472522155138533 -3.2571783854407523 0.005422050359190253 0.019635620267791313 0.9997925003652496 181.08898712477122
0.9995358687945334 0.02979117069455443 -0.006366564364250507 0.3832437134909705 -0.0299102261808835 0.9993622892903797 -0.019503669246990433 -3.3057698506914486 0.005781467198264705 0.019685042365601695 0.9997895147200213 182.47141992140504
0.9995057173795016 0.030587179151302896 -0.007262602650084273 0.3755851876410193 -0.03073063455846087 0.9993166528951597 -0.020539117460238874 -3.356741196105788 0.006629406106223745 0.020752149719420954 0.999762671465932 183.9257685725315
0.9994452739329845 0.03219153036060554 -0.008535208612767608 0.3653111372955806 -0.03236679961697982 0.9992499139714995 -0.0212602848170563 -3.4074560068916706 0.007844405367873435 0.021524748569734672 0.9997375408093019 185.35949813726276
0.9994066146130924 0.032988983951300205 -0.009906846393210643 0.35340449844991567 -0.03319223622460208 0.9992261237608776 -0.021105190077786037 -3.459713214457713 0.009202940943417065 0.021421496952130265 0.9997281757289422 186.81138054054958
0.9993892965135903 0.033150282588693764 -0.011049560098064983 0.33974490637188764 -0.03339050536735091 0.9991932217718194 -0.022315459138515986 -3.5141225434938796 0.010300881777008624 0.022670781405580567 0.999689915676393 188.24120571823647
0.9994113716498078 0.032161026413376335 -0.011940628002217827 0.3255831575411272 -0.0324435462618847 0.9991787838270978 -0.02427291197513665 -3.5669542956264646 0.011150180402225854 0.02464602056799228 0.9996340566162984 189.64675021095002
0.9994697772672855 0.02995019662205611 -0.012773020456520335 0.3126972624037067 -0.030255987743845685 0.9992428607282341 -0.024459772879114865 -3.6231978794879884 0.012030774494053289 0.024833264101881695 0.9996192122298956 191.08019970454995
0.9994248897285469 0.031028200206262152 -0.013679933590528819 0.2960558154774928 -0.03131681791882763 0.9992800854844347 -0.021414193182513374 -3.6767880806771696 0.013005641334442415 0.02183028964945548 0.9996770937394223 192.45134372211066
0.9993939925716113 0.031715319176668 -0.014345248038828725 0.2780511155318133 -0.031963339947608006 0.9993375067443286 -0.017403807440340723 -3.72576292145764 0.01378377710089238 0.017851782643447476 0.9997456283201648 193.75335385493142
0.9993338080436047 0.03338164934200988 -0.01475146054713894 0.2592470852587808 -0.03364787037590874 0.9992683274020254 -0.01818325246820517 -3.772979643576677 0.014133680349885618 0.018667494164015218 0.9997258442900239 195.0267246596369
0.9992615947552471 0.03537277946029472 -0.015001057311132574 0.2402336771197674 -0.035697401401786254 0.9991214642611572 -0.021954388759392974 -3.818937369131121 0.014211290594392717 0.022473676287874413 0.9996464240388931 196.29013293753474
0.9992217703740951 0.036236865686018624 -0.015580217447476941 0.22010442950668496 -0.0366042025587484 0.9990421711370144 -0.023976501931600388 -3.8681677383235646 0.01469646098539817 0.024528144142828466 0.999591108493573 197.57678869392345
0.9992070302800543 0.036349342642094364 -0.01624918239174557 0.19957676434266985 -0.03673341154677972 0.9990369122465182 -0.02399800918982329 -3.920554977725616 0.015361221144410962 0.024575867399291483 0.9995799415887263 198.87749056665663
0.9991987926783301 0.03639315353610583 -0.016652660023630778 0.1781197316513267 -0.03676997362756337 0.9990610858544692 -0.022911040367346525 -3.9742658891585396 0.015803219595813107 0.023505001743954843 0.9995988060934343 200.1997311294304
0.9991653675800378 0.03708121033718472 -0.017133361274868336 0.1556900516413926 -0.03743752033376701 0.99907900922657 -0.020965814892601024 -4.029109687193887 0.016340143815293317 0.021589746704894417 0.9996333740613655 201.5376770105975
0.9991576011771753 0.037173034434176064 -0.017385439908893272 0.13450155973562145 -0.03752184886639519 0.9990918812805188 -0.020187214196057117 -4.082340922662788 0.016619231857025473 0.020822542359319563 0.9996450484357796 202.87007004016522
0.999160361965962 0.03738742114756672 -0.016755650270283366 0.11488629097545089 -0.03773882530458047 0.9990633430654768 -0.021171150357506083 -4.134250294094629 0.01594842125967072 0.021785712812856475 0.9996354488395034 204.15084006973973
0.9992023638301861 0.036784104051484454 -0.015542387374412277 0.0975582333556274 -0.03713674226668467 0.9990444515635875 -0.023044439108511224 -4.186321973509343 0.014679866824482952 0.02360325166449774 0.9996136193654397 205.43388695606947
0.9992385263492372 0.036257262818996557 -0.014414518801457185 0.081935680604403 -0.03660836065890046 0.999019699564665 -0.024889110301333513 -4.240806401921897 0.013497977228874514 0.025397849802656376 0.9995862913406359 206.73965866781907
0.9992756599970197 0.035681594438262985 -0.013227968697505206 0.06807679601339439 -0.0360132744878736 0.9990195950258909 -0.02574670493410492 -4.296339315988973 0.012296316447616437 0.026204438033396487 0.9995809762241228 208.019589164571
0.9992715323009389 0.03620320032540397 -0.012071993171425651 0.055007413021106885 -0.036500069652432125 0.9990120247690801 -0.025351908846245007 -4.349609946931851 0.011142246106592441 0.025774069391141703 0.9996056961115805 209.26258549874842
