1 0 0 0 0 1 0 0 0 0 1 0
0.9999669790423127 0.0009663913745978897 -0.00806372852078439 -0.007589014712721109 -0.0009640871405997703 0.9999994613668649 0.0002896340015946804 -0.02667452022433281 0.008064004592597485 -0.000281850307436958 0.9999673962612476 0.12970750033855438
0.9998477700681043 0.0020931791960805105 -0.017320815827583862 -0.016822898760437965 -0.002088421285071543 0.9999977257398663 0.00029278004035838127 -0.05110045522451401 0.01732139103114605 -0.00025656232231976127 0.9998499155133977 0.26562437415122986
0.9996375458817397 0.003103597826356103 -0.026742414780716692 -0.025182470679283142 -0.0031133080478840114 0.9999951461295826 -0.0003214777644246893 -0.06908664107322693 0.026741284877061844 0.0004046186009621644 0.9996423125480192 0.41229361295700073
0.9992830225163374 0.0043111496989700765 -0.03761554988110401 -0.035497672855854034 -0.004380961950905871 0.9999888159455964 -0.0017737069394071264 -0.0795782282948494 0.03760748356580734 0.001937227471167896 0.9992907060764082 0.5567046403884888
0.9987321654621013 0.004835136869653503 -0.050106252483998054 -0.04841680824756622 -0.00501601959826975 0.999981330108768 -0.003484866025525369 -0.08529052883386612 0.05008846893906593 0.0037317819173699612 0.9987378207957782 0.7039505243301392
0.9978670171102273 0.004907951427085032 -0.06509518222902404 -0.06551225483417511 -0.005215325438011814 0.9999760342128788 -0.004552827446137672 -0.08738145977258682 0.06507127732038498 0.0048826088221189945 0.9978686825032135 0.8571598529815674
0.9965338520652764 0.004447991370511937 -0.08306927470139717 -0.08739075809717178 -0.004854957361250578 0.9999772093706456 -0.004697761177105594 -0.08814315497875214 0.08304648101329803 0.005084775768649685 0.9965327234890111 1.0193413496017456
0.9946528921552726 0.0025175296747717278 -0.10324393085193787 -0.11434726417064667 -0.0030320374789454263 0.9999837365824916 -0.0048267819108546465 -0.0884886234998703 0.10323010385036469 0.005114012086084863 0.9946443549413289 1.1937241554260254
0.9921254567273152 0.00048133894141217824 -0.1252474825241506 -0.167196124792099 -0.0011480419805108139 0.9999855828269377 -0.00525096094212985 -0.09100094437599182 0.1252431422472 0.005353401242559175 0.9921116781967783 1.3723812103271484
0.9888496412217904 -0.0003422998756368548 -0.14891718969174195 -0.232856884598732 -0.0005315787118569809 0.9999828896224692 -0.005828376323221418 -0.0942104309797287 0.14891663193702698 0.0058425487485588845 0.9888324896705498 1.5512460470199585
0.9847320840993916 0.0025404312280846867 -0.1740582285521635 -0.3170791268348694 -0.0037689403502270125 0.9999702354127907 -0.006727867237062292 -0.09525295346975327 0.1740359663963318 0.007281161909392431 0.9847123625671657 1.7225735187530518
0.9797918630369473 0.006471752009914073 -0.19991504406817814 -0.4139687716960907 -0.008153341490786004 0.9999379624012608 -0.007589359491611788 -0.0953262448310852 0.19985352456569672 0.009065968451033635 0.9797838619398718 1.8857970237731934
0.9738348991270129 0.008944979787825895 -0.22708071440007596 -0.5245380401611328 -0.011103671983470065 0.9999045019599011 -0.008230630371949696 -0.09017734229564667 0.2269853949546814 0.01053670428540765 0.973841168403311 2.0618784427642822
0.9666242261689959 0.00901585191514687 -0.25603955710256426 -0.6435972452163696 -0.01162742756827262 0.9998946075608287 -0.008687919578212262 -0.08115839213132858 0.2559342682361603 0.01137503541403978 0.9666272223810708 2.248852252960205
0.9580494044659957 0.009843704834525267 -0.28643420489666643 -0.7733681201934814 -0.012814075066773956 0.9998818082886275 -0.008497499775480066 -0.06625772267580032 0.2863166928291321 0.011811413325984121 0.9580622540585857 2.428542137145996
0.9480231460190751 0.010312294701774144 -0.31803422836709805 -0.9151808023452759 -0.01349067157360484 0.9998786411526911 -0.00779295385469616 -0.04786580801010132 0.31791526079177856 0.011678395325246116 0.9480471637475922 2.616611957550049
0.9360536831998623 0.011393657768449438 -0.35167270410596024 -1.074791669845581 -0.014743147109768429 0.9998678301421793 -0.006847913189956497 -0.027362193912267685 0.3515482246875763 0.01159477733175368 0.9360979884543035 2.8110384941101074
0.9225120133320885 0.012381584532227978 -0.3857697202993562 -1.2485076189041138 -0.016047287642617647 0.999851477697763 -0.006283722154129815 -0.004065556451678276 0.3856346309185028 0.011987367183936837 0.9225737169593629 3.006117820739746
0.907468543062695 0.014528819471503474 -0.4198686891953473 -1.4396300315856934 -0.018381086410480085 0.9998178662626982 -0.00513037600169435 0.020835792645812035 0.4197176992893219 0.012373298067723526 0.9075703600834935 3.1992716789245605
0.890398523250667 0.015163748137351872 -0.45492908661721704 -1.636873483657837 -0.019285626880864548 0.9998042130973843 -0.004420720649667047 0.047639086842536926 0.4547730088233948 0.012709795740308838 0.8905166358963754 3.383913278579712
0.8708767818606766 0.010985813844044557 -0.49137863836083795 -1.8357181549072266 -0.016363962856689174 0.9998440086595313 -0.006648427271546166 0.07238830626010895 0.49122893810272217 0.013830862732775118 0.87092070403531 3.567671537399292
0.8485039442795994 0.005448024419785041 -0.5291610098459341 -2.04024600982666 -0.01248486642594221 0.9998747537735617 -0.009725047455075329 0.0954621210694313 0.5290417671203613 0.014858245919191493 0.8484657056097689 3.7469584941864014
0.8226141105081339 0.0052125076123908445 -0.568576165500701 -2.257265329360962 -0.012098641167697988 0.9998920723411178 -0.008337614028053266 0.11707702279090881 0.5684713125228882 0.013737637518986934 0.8225883661231101 3.904951810836792
0.7924221087894878 0.009456258276010368 -0.609899785241081 -2.4853529930114746 -0.014909695626093011 0.9998813256071946 -0.0038688909109064976 0.13610611855983734 0.6097908616065979 0.012159214965683507 0.7924690657453581 4.031016826629639
0.7596488067099472 0.012475752313458655 -0.6502138653991575 -2.734165906906128 -0.017113882399444114 0.9998531949484631 -0.0008099149081898117 0.16148188710212708 0.6501083374023438 0.011742934597734123 0.7597507999844026 4.145133018493652
0.7233175046779508 0.011681668069149023 -0.6904167712214769 -2.996126413345337 -0.016848776806007715 0.9998577796843842 -0.0007343516413704614 0.18992045521736145 0.690310001373291 0.01216384777278412 0.7234114735701169 4.252226829528809
0.6836019475369426 0.00588268477107372 -0.7298312660473895 -3.2725839614868164 -0.013048736210441336 0.9999061474466924 -0.004162617946191868 0.22101172804832458 0.7297383546829224 0.012368949941057306 0.6836145810520478 4.359182834625244
0.6404982364123413 -0.00027370581002772107 -0.7679595589200661 -3.5753049850463867 -0.00954237817753223 0.9999198633854609 -0.008314969040668837 0.2594456374645233 0.7679003477096558 0.012653884090397804 0.6404443249711989 4.4525146484375
0.5948308334940151 -0.005317743824611105 -0.8038333292674215 -3.9037957191467285 -0.0067706871954698045 0.999909510285328 -0.011625141346352875 0.3046530485153198 0.80382239818573 0.012357496927110745 0.5947410209692521 4.52670431137085
0.5446029568201993 -0.008969422006954355 -0.8386460213319358 -4.262683868408203 -0.0047560801899221294 0.999893697358578 -0.01378250609353765 0.3586798310279846 0.8386805057525635 0.011494661655832017 0.5445024216837524 4.583517074584961
0.492599471347436 -0.012800736774291721 -0.8701620359761899 -4.649106502532959 -0.002958094881309603 0.9998614533531607 -0.016383292755017133 0.4093770384788513 0.8702511191368103 0.010644422589754676 0.4924933286391333 4.620203495025635
0.44004596923301165 -0.016075804980119374 -0.8978313898629592 -5.0714006423950195 -0.0014276023774952712 0.999825986907503 -0.018601731193806273 0.45249655842781067 0.8979741334915161 0.009467362733571183 0.4399464304768408 4.636741638183594
0.3870681236019742 -0.01767057016068428 -0.921881736110264 -5.530246257781982 -0.00039452557746158523 0.9998130561685614 -0.019330001202314116 0.48501312732696533 0.9220510125160217 0.007845733485493445 0.3869888052619821 4.624378204345703
0.3356154458981173 -0.01914335952427697 -0.941804572041156 -5.991560459136963 0.00017167210550075168 0.9997947278630912 -0.02026090623297057 0.5072908401489258 0.941999077796936 0.006638191351632128 0.33554983198495236 4.5811052322387695
0.28436890451614616 -0.02049575982089471 -0.9584958578761366 -6.459784984588623 0.0008734908048403794 0.9997766047131617 -0.0211193271309744 0.5158239603042603 0.9587145447731018 0.00516844251090709 0.28432327568859606 4.512192249298096
0.2347968003421652 -0.023839913433832315 -0.9717521449277484 -6.940624237060547 0.0017875441859768054 0.9997081339461863 -0.024093845541847767 0.515720009803772 0.9720428586006165 0.003920107858518346 0.23477088088859865 4.426013469696045
0.18625923842816583 -0.027279066111360533 -0.9821218805060518 -7.41314697265625 0.001977209911518951 0.9996228822694309 -0.02739019018192922 0.509602427482605 0.9824986457824707 0.0031598147723868597 0.18624292879527715 4.314950942993164
0.14013190267759157 -0.026893355458496356 -0.9897675239619589 -7.896230220794678 0.0013648921490449217 0.9996353249073008 -0.026968235230303908 0.5001909136772156 0.9901319146156311 0.0024281842615676563 0.14011751061609612 4.1828813552856445
0.09885271774106386 -0.026172897348947198 -0.9947578106111872 -8.382149696350098 0.000858061205498882 0.9996559262620793 -0.026216501867494732 0.4895617365837097 0.9951016902923584 0.0017380093708251748 0.09884116293470457 4.036287307739258
0.062412487807743444 -0.026287454438859006 -0.9977041541525269 -8.873346328735352 0.00045962254210294394 0.999653690863628 -0.026310068495226414 0.4783155620098114 0.998050332069397 0.0011835095213324487 0.06240295671924767 3.8806872367858887
0.029508976594060377 -0.029377587646242265 -0.9991326428274996 -9.367953300476074 0.0002291131746428197 0.999568132094033 -0.02938362529885844 0.4631684720516205 0.9995644688606262 0.0006381662850619488 0.029502964588011604 3.7218782901763916
0.0006839593994081294 -0.032502646680353645 -0.9994714363236309 -9.86367416381836 5.19665789044943e-06 0.9994716747064857 -0.0325026508078554 0.4476985037326813 0.9999997615814209 1.7036581916853033e-05 0.0006837669321073103 3.56046986579895
-0.023764928872538338 -0.03349804650411112 -0.999156156122336 -10.375226974487305 -0.00014900976013209472 0.9994385604154752 -0.03350396991858573 0.43368637561798096 0.9997175335884094 -0.0006473354593443045 -0.023756578439942944 3.3973681926727295
-0.041992489064250904 -0.03408627157770033 -0.9985363015011096 -10.903971672058105 -0.00020542545465895845 0.9994181294624631 -0.03410773494952654 0.4144417345523834 0.999117910861969 -0.0012271439502696824 -0.04197505832977022 3.2367477416992188
-0.05564082503826917 -0.03355419773473531 -0.9978868560010288 -11.450181007385254 -0.00023388074406156464 0.9994355484602447 -0.033593231982687995 0.39492473006248474 0.9984508156776428 -0.001635768581335545 -0.05561726475818496 3.083458662033081
-0.06572865253409388 -0.03132322277535893 -0.9973457525751543 -12.012600898742676 -0.00020445574904784727 0.9995075838198766 -0.031377643962323155 0.3756893277168274 0.997837483882904 -0.001858497147583557 -0.06570268959224812 2.9407143592834473
-0.07290743850664505 -0.027953440901869596 -0.9969469112207958 -12.596482276916504 -7.478242275413272e-05 0.9996073011296288 -0.02802256681372335 0.3569238781929016 0.9973387122154236 -0.0019684995023135365 -0.07288089977901535 2.805053472518921
-0.07792424071536175 -0.023846441296240205 -0.9966740583504797 -13.200675010681152 0.0001428080560820083 0.9997136319069356 -0.023930331547323023 0.34021878242492676 0.9969592690467834 -0.0020070859590719525 -0.07789851861907948 2.6775660514831543
-0.08132238786409829 -0.0210216781872699 -0.996466124913442 -13.803645133972168 0.0002966933985226305 0.9997769594825818 -0.02111573751795051 0.3255074918270111 0.9966878294944763 -0.0020128272001874448 -0.0812980160198169 2.567664861679077
-0.08227628800511333 -0.020783021873280294 -0.996392800496025 -14.42048454284668 0.00027248156291740516 0.999782010413593 -0.020876214915698604 0.31013837456703186 0.9966095089912415 -0.001989116137245811 -0.08225268959230547 2.4745755195617676
-0.08153988218439245 -0.019475370556806194 -0.9964797502893782 -15.045153617858887 0.00024150087361011346 0.9998086023442552 -0.019560191626223643 0.2932429313659668 0.9966700673103333 -0.0018355865419316664 -0.08151957636426133 2.3974978923797607
-0.07974960001628606 -0.015421762381103443 -0.9966956225249275 -15.676706314086914 0.0003909769512516967 0.9998797568146018 -0.015502313816765121 0.275301456451416 0.9968148469924927 -0.0016259884162548727 -0.07973398475626103 2.3299121856689453
-0.07746786228354496 -0.012260979792292404 -0.9969194923159753 -16.332962036132812 0.0006231808717906059 0.9999236053289918 -0.012346352334591084 0.2570948004722595 0.99699467420578 -0.0015777067149960883 -0.07745430502796369 2.270707368850708
-0.07496807416211837 -0.012598617751307242 -0.9971063341807092 -16.99622344970703 0.000743809990508687 0.9999192000123502 -0.012690082833475318 0.23888550698757172 0.9971856474876404 -0.0016930087818642359 -0.07495264832902748 2.2208452224731445
-0.07253745129285338 -0.012310903730635307 -0.9972897375165863 -17.68324851989746 0.0007684283933319519 0.9999228391273116 -0.012399298541010571 0.22354087233543396 0.997365415096283 -0.0016657592018609613 -0.07252239145729078 2.177119255065918
-0.0697830844204601 -0.009197665056764236 -0.997519770272164 -18.3848819732666 0.0007757509889180503 0.9999566903047773 -0.009274404000908912 0.20965950191020966 0.9975618720054626 -0.0014210235403179783 -0.06977293070732493 2.1343510150909424
-0.06677162351369503 -0.004032788687758557 -0.9977601798099143 -19.098901748657227 0.0008490678720202149 0.9999912834244886 -0.004098627327062045 0.19569730758666992 0.9977679252624512 -0.0011208380807126161 -0.0667676154315533 2.092803716659546
-0.06394068128863672 -0.0011454290648442427 -0.9979530207872158 -19.8253173828125 0.0008714071465264206 0.9999988979547071 -0.0012036106099203754 0.18383285403251648 0.9979532957077026 -0.0009465830969905553 -0.06393961406428339 2.0556349754333496
-0.06171160919938057 0.0002643743658346156 -0.9980939648920341 -20.557376861572266 0.0009521844209313818 0.9999995257183781 0.00020600536387082626 0.17118601500988007 0.9980935454368591 -0.0009376566309407114 -0.06171183360230259 2.0201034545898438
-0.060122563114006766 0.00010061209709976565 -0.9981910029885909 -21.300500869750977 0.0010860163894395314 0.9999994239681463 3.538164011781392e-05 0.15920589864253998 0.9981904029846191 -0.0010819245010504352 -0.06012263479737712 1.9827734231948853
-0.058898229324672036 0.0007209311535146187 -0.9982637283762569 -22.071022033691406 0.0011667412748840242 0.9999991133383935 0.0006533454629387148 0.14758813381195068 0.9982632994651794 -0.0011262346257128603 -0.05889901936645403 1.942673921585083
-0.058143947340880686 0.0012665747370076072 -0.9983074210228292 -22.85639762878418 0.0010741737806507778 0.9999986969416966 0.0012061584027844609 0.14218071103096008 0.9983076453208923 -0.0010022248072982798 -0.058145229849912994 1.9025442600250244
-0.05815012819894472 0.0013358673635533655 -0.9983069318297529 -23.647153854370117 0.0009732199826987115 0.9999987092998937 0.001281441406765109 0.13492901623249054 0.9983073472976685 -0.0008970562518169356 -0.058151351874533574 1.8609685897827148
-0.05865660062469269 0.001257345501845199 -0.9982774302105603 -24.440624237060547 0.0009042661294813431 0.9999988925971282 0.0012063801911613922 0.1295352578163147 0.9982777833938599 -0.0008319462777816589 -0.058657670590784416 1.8175063133239746
-0.05887014912621469 -0.003466212140782004 -0.9982595907924181 -25.23368263244629 0.0008704313740805006 0.9999933759933948 -0.0035235641300393923 0.11869294196367264 0.998265266418457 -0.0010763492682698134 -0.05886674508780576 1.7718034982681274
-0.05919633768703392 -0.011821634952505693 -0.9981763112166502 -26.038330078125 0.0008052017500057851 0.999928958567592 -0.011890144593573775 0.10494565218687057 0.9982460141181946 -0.001507586354304924 -0.05918261456064888 1.726906418800354
-0.059650995267236384 -0.020163947297765217 -0.9980156636846234 -26.841062545776367 0.000611415603496715 0.9997950551560252 -0.020236441730867444 0.0919133871793747 0.9982191324234009 -0.0018173261876114552 -0.059626439857886515 1.6861768960952759
-0.06028589499598169 -0.020413319469273532 -0.9979724123360034 -27.659526824951172 0.0005719593339337248 0.9997900120922498 -0.020485049271758156 0.07901393622159958 0.9981809854507446 -0.0018057591609471624 -0.060261559942187404 1.6386855840682983
-0.06103059475827188 -0.011348293945270926 -0.998071343366284 -28.479291915893555 0.0006953039701289403 0.9999346283777274 -0.011411997348398725 0.06689005345106125 0.9981356263160706 -0.0013904440054488335 -0.061018716874187806 1.5871530771255493
-0.060938361796538665 -0.0012856804094865722 -0.9981407488030725 -29.300107955932617 0.0008637952777257318 0.999998761625557 -0.001340809645771865 0.054046034812927246 0.9981411695480347 -0.0009438959803845931 -0.060937173944761724 1.5325027704238892
-0.06055449392633139 0.006994548222064519 -0.9981403754534688 -30.13934326171875 0.00107056703024061 0.9999753401072338 0.0069424576595268 0.04172336310148239 0.9981642961502075 -0.0006481791411881883 -0.060560486348796294 1.4758445024490356
-0.05998014250074846 0.00929783906237731 -0.9981562682024318 -31.00709342956543 0.0011965262530777565 0.9999565574116769 0.00924270894027943 0.029926519840955734 0.9981988668441772 -0.0006399411605628735 -0.05998866007139725 1.4216424226760864
-0.05995576499418753 0.005876450544618626 -0.9981837512015156 -31.878320693969727 0.0012132601599351145 0.9999823757342005 0.00581416499139412 0.0221811905503273 0.9982002973556519 -0.0008624638659522066 -0.059961837855079914 1.3741618394851685
-0.06021236835470978 0.0032731250006750937 -0.998180263139546 -32.74507522583008 0.0012597074020084045 0.999994111285366 0.0032030847648808446 0.01806471310555935 0.9981848001480103 -0.001064549693459059 -0.06021613397316661 1.3283138275146484
-0.060141366611745184 0.005971708607410385 -0.9981719918053771 -33.62266159057617 0.00138698988212127 0.9999816174906473 0.005898967040120731 0.012672299519181252 0.9981889128684998 -0.0010296825367505091 -0.06014854509904666 1.2786476612091064
-0.05990913193244296 0.009256113342169438 -0.9981608912746185 -34.49592971801758 0.0014675744568337645 0.9999567300638995 0.009184682623973331 0.0030669551342725754 0.9982027411460876 -0.0009146291050837752 -0.059920126344863434 1.229073166847229
-0.05990519326671384 0.009309095301371632 -0.998160644050082 -35.360252380371094 0.001562211386365274 0.9999561328346017 0.009232084059295518 -0.009154058992862701 0.9982028603553772 -0.0010062881564989676 -0.05991710893066271 1.1799695491790771
-0.05978377250134015 0.005683530407083481 -0.9981951574197653 -36.21596145629883 0.001637913139525507 0.9999829840643093 0.005595612604665654 -0.02308245189487934 0.9982100129127502 -0.001300430126751087 -0.059792064057794025 1.129453182220459
-0.059715121752402345 0.0022775361705348884 -0.998212795639278 -37.07364273071289 0.00168795949860856 0.9999961579998167 0.002180626466254356 -0.03716995567083359 0.9982140064239502 -0.0015547264661400079 -0.05971873944431372 1.0788601636886597
-0.059844139450970335 0.0014263062321840901 -0.9982066862819126 -37.92788314819336 0.0016417376796391825 0.9999977454442289 0.001330440195359453 -0.054255105555057526 0.998206377029419 -0.0015591745350135022 -0.05984634824769963 1.0303082466125488
-0.06006965398246522 0.0023468322114488654 -0.9981914547393569 -38.77869415283203 0.0015776195486283395 0.9999962113653547 0.0022561378876134117 -0.07240049540996552 0.9981929659843445 -0.0014392409153772198 -0.060073128197480896 0.9808882474899292
-0.06046910050129295 0.00612859274444174 -0.9981513118350565 -39.64885330200195 0.0015557763366031985 0.9999805433090581 0.006045574948489445 -0.08915714174509048 0.9981688857078552 -0.0011873296964538954 -0.06047745789255998 0.9257155060768127
-0.060671677223425036 0.010462542979733766 -0.9981029600486712 -40.52942657470703 0.0014946167048936199 0.9999449043633142 0.010390998209434111 -0.10433471202850342 0.9981566667556763 -0.0008613420283722778 -0.06068396918537555 0.8708118200302124
-0.06074016004815874 0.013667900249275843 -0.9980599898524793 -41.41889190673828 0.0015215951820666818 0.99990632818379 0.013600582424176645 -0.12143591046333313 0.9981524348258972 -0.0006925417376961174 -0.06075526907765649 0.8136968016624451
-0.06045329333202165 0.013307300996825271 -0.9980823677019891 -42.31834030151367 0.0015173055302026145 0.9999112228916284 0.013239783786976204 -0.13321298360824585 0.9981698989868164 -0.0007140073709247172 -0.060468118360278655 0.7583538889884949
-0.06045517766602426 0.008905013798504412 -0.9981311952425258 -43.2174072265625 0.0015037427619078586 0.9999598877834144 0.008830249549520237 -0.1413533091545105 0.9981697797775269 -0.000967098298235991 -0.06046614623259461 0.708310604095459
-0.06043898787031021 0.005160405258396318 -0.9981585252173195 -44.124595642089844 0.0015464289906208378 0.9999859129853249 0.005076214579216632 -0.14776447415351868 0.9981706738471985 -0.0012367799923032746 -0.06044611583739479 0.659896194934845
-0.060417402417973776 0.006674610008541082 -0.9981508910250447 -45.0256462097168 0.0017933575241528554 0.9999767831999745 0.006578267713818777 -0.15717466175556183 0.9981715679168701 -0.001392599553404622 -0.06042796926577676 0.6042242646217346
-0.06023576647191109 0.009700328157257757 -0.9981370400583772 -45.90974426269531 0.0020535267382999767 0.9999518718441195 0.009594038376608063 -0.17132732272148132 0.9981820583343506 -0.001471796845708119 -0.06025278734485373 0.5439631938934326
-0.06023827638674084 0.005851299145482894 -0.99816689763843 -46.773529052734375 0.0019492616832092052 0.9999816281338377 0.0057443010488963595 -0.18796804547309875 0.9981821179389954 -0.001599661700047314 -0.060248575684033856 0.49302881956100464
-0.06035829255589764 -0.001505992616253976 -0.9981756498736588 -47.64180374145508 0.0017468335169700672 0.9999971652509804 -0.001614368500291348 -0.20687033236026764 0.9981752634048462 -0.0018410872587258653 -0.06035549242421112 0.44529813528060913
-0.06066737284287993 -0.008161720146598161 -0.9981246833410659 -48.49922561645508 0.001495549189969303 0.9999647305338172 -0.008267668465694222 -0.22289136052131653 0.9981569051742554 -0.001994322178607219 -0.060653023586273225 0.40157318115234375
-0.061282650828688334 -0.005945440985961708 -0.9981027369298421 -49.36771011352539 0.0014837336992216121 0.9999805990113957 -0.006047726654920309 -0.2385564148426056 0.9981193542480469 -0.0018515393561559165 -0.06127263941384009 0.3513107895851135
-0.06190458930755849 -0.0024130315819136487 -0.9980791498081464 -50.23719787597656 0.0013612756986159935 0.9999959339781227 -0.0025020969466915503 -0.25136715173721313 0.9980811476707458 -0.0015135521959375453 -0.06190105362358356 0.2984306514263153
-0.06280158510810097 -0.0005819445595174506 -0.9980258292928011 -51.10088348388672 0.0012913488350307922 0.9999989300870327 -0.000664354969760271 -0.2631615698337555 0.9980251789093018 -0.0013305220897293357 -0.06280076890356412 0.2444349080324173
-0.06354684426974089 -0.001563997211371508 -0.9979776842011148 -51.96417236328125 0.0013037916810922923 0.9999978150161997 -0.0016501817487709174 -0.27544212341308594 0.9979780316352844 -0.0014060188362653991 -0.0635446658913299 0.18896165490150452
-0.06401226436593621 -0.002404374832434532 -0.9979462515968339 -52.81603240966797 0.001512555265766019 0.9999957261703982 -0.002506332834368165 -0.2908657491207123 0.9979479908943176 -0.001669884956176676 -0.06400835627675239 0.12784689664840698
-0.06441631370963918 -0.0010923704901633566 -0.9979225019455928 -53.64651107788086 0.001847909509312906 0.9999975374382319 -0.001213924919045227 -0.3073268532752991 0.9979214072227478 -0.0019222670293841393 -0.06441413581104172 0.06310912221670151
-0.06438475853425363 0.003080112794551511 -0.9979203521625049 -54.45945739746094 0.0022213939440343666 0.9999931756449701 0.0029431874536251443 -0.32513123750686646 0.9979226589202881 -0.0020272778832108873 -0.06439116351107987 -0.0039688944816589355
-0.06393436343898529 0.007473664774177494 -0.9979261316350904 -55.26873016357422 0.0024392569455640167 0.9999701264637629 0.007332698147129953 -0.34209924936294556 0.9979511499404907 -0.001965386797012303 -0.06395068165139861 -0.06673262268304825
-0.06362526117452205 0.01019659065634625 -0.9979217336378918 -56.05638885498047 0.00250457142975824 0.9999462671700007 0.010057589746383343 -0.35986563563346863 0.997970700263977 -0.0018594495901648744 -0.06364738396830028 -0.12111978232860565
-0.06345291372117057 0.011947071945347804 -0.9979133150347788 -56.837337493896484 0.0026039543748647698 0.9999269225984677 0.011805604381475251 -0.37743353843688965 0.9979814291000366 -0.0018494206805796665 -0.06347938412583076 -0.17481376230716705
-0.0631780838342415 0.011985733681250606 -0.9979302924509774 -57.624061584472656 0.0026157996336582112 0.9999264406965831 0.011844104006087722 -0.3915007412433624 0.997998833656311 -0.0018620979482929512 -0.06320479049779948 -0.2258143424987793
-0.06300719478063233 0.011746029212585163 -0.9979439415223282 -58.4254264831543 0.002513915961874974 0.9999294132505795 0.011610678623182727 -0.4033815860748291 0.9980099201202393 -0.0017771908993477054 -0.06303227531455002 -0.27441826462745667
-0.06268148018014141 0.012466770329582544 -0.9979556841768887 -59.2249755859375 0.0023907122048313634 0.9999209519177932 0.012341160937611534 -0.4168758988380432 0.9980307221412659 -0.0016122626598405465 -0.06270633214271859 -0.3200087249279022
-0.062307066846341685 0.015354867305981238 -0.9979389283152641 -60.01778030395508 0.002323656683689751 0.9998811897256289 0.01523967306253396 -0.43250828981399536 0.9980543255805969 -0.0013693281578786368 -0.06233534472333213 -0.36671140789985657
-0.06196030201362834 0.016843226527656928 -0.9979364964637247 -60.812461853027344 0.0022738571388447038 0.9998573983691283 0.01673446720702968 -0.449093222618103 0.9980760216712952 -0.0012322923433584487 -0.06198976339916751 -0.4137161374092102
-0.061649543582829924 0.015691635078457247 -0.9979744899907268 -61.59161376953125 0.0021985044595602826 0.999876090043445 0.015585724138148245 -0.4643395245075226 0.9980954527854919 -0.0012331986046943896 -0.06167640359284943 -0.45513078570365906
-0.061630130109897596 0.0119680076610174 -0.9980273059094567 -62.3623046875 0.002110180751147897 0.9999274425097728 0.011860485524080006 -0.4808766543865204 0.9980968236923218 -0.0013750548010498173 -0.061650915598024936 -0.49266111850738525
-0.06154648036345334 0.006456560128697376 -0.9980833133565308 -63.1230583190918 0.0020164858707100997 0.9999778121246978 0.006344470069001525 -0.4981999695301056 0.9981021881103516 -0.0016221411834049931 -0.06155813763208107 -0.5305455327033997
-0.06081044851716011 0.002377613154444635 -0.9981464983078463 -63.871849060058594 0.0019490726430653749 0.9999955384136955 0.0022632734703603025 -0.5144549012184143 0.9981474280357361 -0.0018078293523949573 -0.060814811132271274 -0.5701191425323486
-0.059290989728554955 -0.00041529594231554806 -0.9982406542115523 -64.61381530761719 0.001895844579931416 0.9999980823018386 -0.000528632996217214 -0.5318423509597778 0.9982389211654663 -0.001923852287948724 -0.05929008809330183 -0.6105766296386719
-0.05711663146730728 -4.027098893383263e-05 -0.9983675667207283 -65.33496856689453 0.001917796192947449 0.9999981751854718 -0.00015005195179808306 -0.5521435737609863 0.9983657002449036 -0.0019232358970334984 -0.05711644752521772 -0.6491626501083374
-0.05330268876328148 0.0002712652981610997 -0.9985783165823469 -66.04265594482422 0.0017991391585736594 0.9999983384212983 0.00017561420812307882 -0.5753679871559143 0.9985767602920532 -0.0017872206784508293 -0.053303089304321816 -0.682011067867279
-0.04740985672199827 0.0005220499164422313 -0.9988754248104881 -66.734130859375 0.0015746144879553725 0.9999986735120628 0.0004479024817341873 -0.6015369892120361 0.998874306678772 -0.001551608769996271 -0.04741061729417595 -0.7038394808769226
-0.03991379524082839 -0.00037470587369309305 -0.9992030632348915 -67.41139221191406 0.0012724711369530989 0.9999991119556594 -0.00042583442015977496 -0.6294568181037903 0.999202311038971 -0.0012884536648363892 -0.03991328110548609 -0.7124930024147034
-0.030642862733734955 0.0004043120763060695 -0.9995302954281695 -68.07550048828125 0.0009935321214515416 0.9999994217239133 0.00037404252346314587 -0.6582103967666626 0.9995298981666565 -0.0009816037726763371 -0.030643248318674154 -0.7080223560333252
-0.01879960787830015 0.0032661296686949393 -0.9998178849590276 -68.71612548828125 0.000650926747257384 0.999994466310548 0.0032544653132302523 -0.6865067481994629 0.9998230338096619 -0.0005896255536874742 -0.018801630550978832 -0.6898302435874939
-0.003952831166770698 0.006705256599638124 -0.9999697602012856 -69.3250732421875 0.0001489419339254644 0.9999775500345627 0.006704721229120809 -0.7133501768112183 0.9999921917915344 -0.00012243479581628552 -0.003953741019751877 -0.6559197306632996
0.014597811319356446 0.009077438717876328 -0.9998522309197674 -69.90896606445312 -0.0005840037315135264 0.9999587146753087 0.00906987681539758 -0.7391325831413269 0.9998932480812073 0.00045151709013085614 0.01460251012044489 -0.6014367938041687
0.03686005161707051 0.00953500714239526 -0.9992749002305841 -70.463623046875 -0.0015201823999170805 0.9999538356116534 0.009485408711651287 -0.7610443234443665 0.9993192553520203 0.0011694474568482716 0.036872844805358795 -0.5230484008789062
0.06232346681973944 0.00710566511170016 -0.9980307531566204 -70.98677825927734 -0.002497535660954342 0.999972663412634 0.006963530029574207 -0.7803205251693726 0.9980528950691223 0.0020586260358784747 0.06233950890953821 -0.4171465039253235
0.09196536062684757 0.0033143165129708857 -0.9957567324951833 -71.49244689941406 -0.0035212353960089593 0.9999893428027079 0.0030031920343663934 -0.7995362877845764 0.9957559704780579 0.00323010405620644 0.0919760465349384 -0.2820724844932556
0.12546046150897094 -0.00020548821146464114 -0.9920986456863932 -71.9736557006836 -0.004592130157084595 0.9999891652506284 -0.0007878397969429962 -0.8172885179519653 0.9920880198478699 0.004654688786909167 0.1254581567345765 -0.1211555004119873
0.1628594292963248 -0.003291522612814672 -0.9866438384012507 -72.42805480957031 -0.005688066089962196 0.9999747350894955 -0.004274891062798464 -0.8331959247589111 0.9866328835487366 0.00630830136209154 0.16283658409219637 0.06472170352935791
0.20328621017585213 -0.006416701109011075 -0.9790983506040237 -72.85285949707031 -0.00684190432721099 0.9999448142022271 -0.007973878623380316 -0.8454413414001465 0.979095458984375 0.008319876589364783 0.20323108388036193 0.273029625415802
0.24741918064831392 -0.008893125301341565 -0.9688677255895088 -73.25186157226562 -0.00791171172426447 0.9999059895365467 -0.011198430444000262 -0.8554319739341736 0.9688762426376343 0.010436108636575403 0.2473255609968028 0.5125939846038818
0.2935188907412183 -0.01392167035902079 -0.9558519467726633 -73.63423919677734 -0.008425149073830296 0.9998174759074384 -0.017149171280918703 -0.864758312702179 0.955916166305542 0.013086800496997064 0.29334801583782166 0.7811251878738403
0.33915061346325714 -0.025364646866859047 -0.9403901018465097 -74.0076904296875 -0.007086082084869494 0.9995392080215534 -0.02951563118186521 -0.8724557161331177 0.940705418586731 0.01667392629198572 0.3388146080729548 1.0821914672851562
0.3846505059821368 -0.035185468993669894 -0.9223914803667635 -74.37232208251953 -0.005743573462215323 0.9991626766078218 -0.04050912873794131 -0.8757404685020447 0.9230444431304932 0.020879680014799007 0.384126337326137 1.4054632186889648
0.4311989957788782 -0.04417058405597587 -0.9011750443158548 -74.70995330810547 -0.0038173685185742823 0.998702719725466 -0.05077740209611273 -0.8735611438751221 0.9022487998008728 0.025335280794190673 0.43047097333068507 1.746551513671875
0.4774284472720858 -0.04556878029497711 -0.8774882744248004 -75.01692199707031 -0.003753027285989946 0.9985394806285305 -0.053897048303657755 -0.8733461499214172 0.878662645816803 0.029025220336876822 0.476560113455049 2.0963785648345947
0.5209636828994313 -0.047635413979203865 -0.8522486332504743 -75.30261993408203 -0.002849861343348442 0.9983389628770549 -0.05754302446037492 -0.8730910420417786 0.8535740971565247 0.032406616295802326 0.519962587160542 2.447197437286377
0.5623074887757866 -0.05513841946070609 -0.825087863648737 -75.56214904785156 0.0014111507865859352 0.9978370087023636 -0.06572106712292662 -0.8721886873245239 0.8269270062446594 0.03579112554780295 0.5611690425157576 2.80891489982605
0.6024812723945239 -0.06455271559690268 -0.795518201406785 -75.80931854248047 0.007796547810756671 0.9971522911006392 -0.07500974105441316 -0.873863935470581 0.7980949282646179 0.03898967039591472 0.6012688980542613 3.1938958168029785
0.6423032642798177 -0.0688657660647804 -0.7633505233378441 -76.02644348144531 0.010388315552891658 0.9966460079256158 -0.08117154556154577 -0.8751948475837708 0.7663801908493042 0.04420682315022795 0.6408643919869306 3.572774648666382
0.6812751650712734 -0.07054606562041457 -0.728620145081935 -76.21951293945312 0.00984890913820119 0.9961387193634561 -0.0872386666737917 -0.8747251033782959 0.7319611310958862 0.05225742416126833 0.6793393817180338 3.9486165046691895
0.7194135992426709 -0.07381150362512665 -0.6906489930470575 -76.38724517822266 0.00908725600053728 0.9952526831637414 -0.0968995875326644 -0.8741545081138611 0.6945225596427917 0.06343477472711356 0.7166690352710248 4.3233771324157715
0.7567392969837954 -0.07328140444731603 -0.649596450352866 -76.52598571777344 0.0066322322590979255 0.9945064925817805 -0.10446479806537397 -0.8765519857406616 0.6536831855773926 0.07474434059296886 0.7530681359204436 4.70379114151001
0.7923586052441749 -0.0716786455970134 -0.6058299431363513 -76.64214324951172 0.006163560378188715 0.993963352995856 -0.10953931356638415 -0.8711469173431396 0.6100243926048279 0.08306035261068523 0.7880172527574985 5.114155292510986
0.8250757558000998 -0.07041091664013494 -0.560617703010898 -76.72859954833984 0.007588336498115522 0.9934963778025157 -0.11361046437744655 -0.8551892638206482 0.5649710893630981 0.08948308905017299 0.8202441229513369 5.538538932800293
0.8549294664399838 -0.0660038587513713 -0.5145280311416145 -76.7966537475586 0.006860621219710317 0.9932241826035463 -0.11601171805605744 -0.8451870083808899 0.5186988711357117 0.09565185228360562 0.8495894301426716 5.991093635559082
0.8800718350826386 -0.06103117235251194 -0.4709021322367476 -76.84565734863281 0.006701961664786038 0.9932034204759831 -0.11619858491310221 -0.8393519520759583 0.47479331493377686 0.09910712849789771 0.8744993384818613 6.471560478210449
0.9012666401728566 -0.05216843328583499 -0.4301126808402073 -76.8878402709961 0.0028145089721368366 0.9934084923313419 -0.1145930917362069 -0.8434469103813171 0.43325576186180115 0.1020683771367934 0.8954727834305451 6.977429389953613
0.9190823059913953 -0.042865686924538716 -0.3917271906549934 -76.92353057861328 -0.0023235311490823474 0.9934592842283487 -0.11416320385050141 -0.854485034942627 0.3940587043762207 0.10583557585716363 0.9129712921382804 7.514143943786621
0.933349008266898 -0.03397651905377304 -0.3573586034254098 -76.95262908935547 -0.006826295132935922 0.993650645840472 -0.11230205619538572 -0.8647342324256897 0.35890525579452515 0.10725645192874422 0.9271909444560897 8.09012222290039
0.9446846989082047 -0.02817516556280604 -0.32676744250830386 -76.970703125 -0.008688322679215044 0.9938038532613782 -0.11080759037152822 -0.8757064938545227 0.32786479592323303 0.10751730236822077 0.9385865534330406 8.696107864379883
0.9533024914856014 -0.024072797185747855 -0.30105615742544073 -76.9844741821289 -0.00949280877721198 0.9939375483774597 -0.10953563028053727 -0.887929379940033 0.30186784267425537 0.10727846116010076 0.9472946525784032 9.315322875976562
0.9599710400554784 -0.020262741093589227 -0.2793653366134844 -77.00079345703125 -0.01041925883711936 0.9941064085715878 -0.10790711858697939 -0.8993639349937439 0.2799053490161896 0.10649848711024035 0.9541022267674037 9.939908981323242
0.9653537321628392 -0.014923333457591701 -0.2605177224442341 -77.02376556396484 -0.013063887711058153 0.9943474713155427 -0.10536807637193817 -0.907963752746582 0.26061758399009705 0.10512083956357854 0.9597020813148909 10.569132804870605
0.9696067276045603 -0.007729632664672612 -0.24454650862862048 -77.0623550415039 -0.018013339809356377 0.9945330622140693 -0.10285663629845507 -0.9199998378753662 0.24400463700294495 0.1041355920026441 0.9641667680170265 11.205044746398926
0.9729385560021235 -0.002047248964608766 -0.2310549292844621 -77.11474609375 -0.021936907831661467 0.9946256342460356 -0.10118593481663232 -0.9301744699478149 0.23002031445503235 0.10351632932724009 0.9676647304786989 11.863604545593262
0.9758351664735869 -0.0013834639155293135 -0.21850353332158431 -77.16923522949219 -0.02138329510882464 0.9945755416195673 -0.10179482916554396 -0.939642071723938 0.21745911240577698 0.10400730555281257 0.9705122617542656 12.53151798248291
0.9785985339563936 -0.000294933863327608 -0.20577848541238358 -77.22624969482422 -0.021283531201108374 0.9944906749172342 -0.10264114794897822 -0.9518877267837524 0.2046750783920288 0.10482417521157839 0.9732008902460123 13.207233428955078
0.9812257719956108 0.0011918382938629138 -0.19285889871590328 -77.28392791748047 -0.021365018212185838 0.9944978400857717 -0.10255489671896749 -0.9613877534866333 0.19167554378509521 0.1047499464164372 0.975852419510634 13.896284103393555
0.9836687463063534 0.0034937283287079304 -0.17995463813396861 -77.34087371826172 -0.02225801754787693 0.9944984998624532 -0.10235917768905572 -0.9703785181045532 0.17860698699951172 0.10469295285668512 0.9783348127906919 14.606409072875977
0.9856110401680311 0.0038270712261321838 -0.1689861884452239 -77.39266967773438 -0.021853257593146824 0.9942381848571042 -0.10494224223870238 -0.9828676581382751 0.16761089861392975 0.10712512601409552 0.9800157177513178 15.33434772491455
0.9871580987341702 0.0038266167988617802 -0.15970031770526388 -77.44119262695312 -0.021608289861409613 0.9937235510019118 -0.1097568243489053 -0.9990425705909729 0.1582779735326767 0.11179818987593748 0.981044947331938 16.082374572753906
0.9884530085744352 0.001914273718613236 -0.1515152497297949 -77.4847183227539 -0.019651039031317485 0.9930953256802334 -0.1156522075080593 -1.017411470413208 0.1502477079629898 0.11729421130970019 0.9816657365454304 16.83096694946289
0.9895852654506889 0.0020880525117524668 -0.1439326369860826 -77.53106689453125 -0.019035330679324836 0.9930119282803869 -0.11646852196603157 -1.0336949825286865 0.14268364012241364 0.11799533836232756 0.9827097177086443 17.594675064086914
0.990443758641355 0.005219342850337861 -0.13781852647385456 -77.58386993408203 -0.020594741371591785 0.9936766767143619 -0.11037406858948808 -1.0469458103179932 0.13637098670005798 0.11215764712388632 0.9842883787151848 18.36236572265625
0.99105797698045 0.010395249350800946 -0.13302630985270278 -77.64273071289062 -0.024059150284768238 0.9945419705166231 -0.10152502432438884 -1.061250925064087 0.13124488294124603 0.10381769115914752 0.9858989107757026 19.130496978759766
0.9916522445699556 0.01170459383036656 -0.12840896556445094 -77.70297241210938 -0.024416471396750516 0.9948993893649366 -0.09787288617018818 -1.0747822523117065 0.12660843133926392 0.10019115837757475 0.9868799707679017 19.908132553100586
0.9921863923721048 0.009936063507406178 -0.1243685524639098 -77.76335906982422 -0.02243785986198532 0.9947816511431892 -0.09952938335354827 -1.0895016193389893 0.12273061275482178 0.10154225858656618 0.9872317094426428 20.702489852905273
