1 0 0 0 0 1 0 0 0 0 1 0
0.9999528527315888 0.0004888226200277851 -0.009698345965173012 -0.014749575406312943 -0.0004860224613506027 0.9999998198361645 0.0002910812423449997 -0.013133171945810318 0.009698486886918545 -0.0002863539053063399 0.9999529123334305 0.21067699790000916
0.9997766020562722 0.0015398930149066804 -0.02107862228814731 -0.03406147286295891 -0.0015345808629937396 0.9999988002768713 0.0002681855867211057 -0.028083475306630135 0.021079009398818016 -0.00023577883087956553 0.9997777938842773 0.3699849843978882
0.9994785207230308 0.002592941539067702 -0.03218755158766234 -0.05432174354791641 -0.0026083355882118853 0.9999965270277518 -0.00043628015291576825 -0.04933972656726837 0.03218630701303482 0.0005200085700736434 0.9994817972800831 0.5014195442199707
0.9990481225317929 0.004211485759982254 -0.04341835501077796 -0.07596925646066666 -0.004297610396890472 0.9999890034189708 -0.0018904490663234044 -0.06910332292318344 0.043409913778305054 0.0020752447083926817 0.9990552087983673 0.6018924117088318
0.9984703895553437 0.005370830232299762 -0.0550272215755031 -0.09771809726953506 -0.005565695438977558 0.9999787218137043 -0.003388610667580256 -0.09567007422447205 0.05500785633921623 0.0036896923258968317 0.9984790786575601 0.7101431488990784
0.9975966714980586 0.006144801368454022 -0.06901514891994184 -0.12586650252342224 -0.006459864960850992 0.9999697148995635 -0.004342884972734594 -0.11623314023017883 0.06898637115955353 0.004778276287854821 0.9976061855209082 0.8450127840042114
0.9962963708303505 0.006357007410825118 -0.08575021437438857 -0.16392874717712402 -0.0067424115867543155 0.9999684442491259 -0.004205631951424179 -0.14098745584487915 0.08572077006101608 0.004768218990090056 0.9963077727984455 1.0252485275268555
0.9943765778182012 0.005424173491543567 -0.10576252084161662 -0.21186375617980957 -0.005853582837441751 0.9999758402060107 -0.0037501356696022503 -0.16006600856781006 0.10573962330818176 0.004348136914393841 0.9943843422524878 1.2450350522994995
0.9919526467133721 0.00467345422068531 -0.12652317205977676 -0.2857423424720764 -0.005146658166304663 0.9999809156388484 -0.0034134140245916126 -0.18455344438552856 0.1265048086643219 0.00403711668248774 0.9919577906563717 1.444369912147522
0.9892171597970716 0.005097188772869068 -0.14636759496952428 -0.36012953519821167 -0.005666167848981496 0.9999779225569921 -0.0034706723065860384 -0.21456527709960938 0.14634667336940765 0.0042625918523345185 0.9892241763826348 1.6099289655685425
0.9859593460532494 0.008645705832495852 -0.16676156756308688 -0.4414227306842804 -0.009509785045727526 0.9999452026476979 -0.004383683640088293 -0.22711136937141418 0.16671451926231384 0.005908000278149805 0.985987497117442 1.7395845651626587
0.9818241449408305 0.013622949809093805 -0.18930318787280204 -0.531099259853363 -0.014869936068382383 0.999876039941332 -0.005168433837200363 -0.2358953356742859 0.18920932710170746 0.007889419596966984 0.9819050306248656 1.85166597366333
0.9766018425463585 0.016208554188967994 -0.21444381796364237 -0.63306725025177 -0.01784473061402947 0.9998245586946342 -0.0056960666008709845 -0.248599112033844 0.21431386470794678 0.009389481242987052 0.9767197374841707 2.003606081008911
0.9705830960420947 0.01772171084129985 -0.24011309229385105 -0.7499724626541138 -0.0196306585420849 0.9997918049230786 -0.005560566230331907 -0.26206356287002563 0.2399645745754242 0.010110570282858777 0.9707289689017458 2.1862881183624268
0.9626844808946871 0.020086032019425423 -0.2698800044683917 -0.8770652413368225 -0.022147626817709543 0.9997441458723115 -0.004595678929547013 -0.2740081548690796 0.26971864700317383 0.01040139019752706 0.9628830124450012 2.3593316078186035
0.9522869097289686 0.022784024968380813 -0.30435261639917244 -1.0261635780334473 -0.024785942259848648 0.9996891205309528 -0.0027152329159832542 -0.2829263508319855 0.3041961193084717 0.010129347199290262 0.9525555924338107 2.5545132160186768
0.9392435349838948 0.025620383175162548 -0.34229401802505305 -1.188238263130188 -0.027529759150753397 0.9996207381813794 -0.0007200892424811846 -0.2917950451374054 0.34214574098587036 0.010099610931554093 0.9395926286074037 2.736821174621582
0.9244255211294572 0.028332920606570035 -0.3803088019128091 -1.3691847324371338 -0.03033587289520301 0.9995394834942797 0.0007273597974350142 -0.29961344599723816 0.3801542818546295 0.01086460916264076 0.9248592817202095 2.923001289367676
0.9070084344793514 0.03130400942912195 -0.41994738276764965 -1.5669338703155518 -0.03326658887710199 0.9994430131678573 0.002651516151713584 -0.3080667555332184 0.4197964668273926 0.011565269190056071 0.9075446023879579 3.1080570220947266
0.8889022868328524 0.032621175645930436 -0.4569338514141408 -1.781164288520813 -0.0346591871991202 0.999391453844179 0.003923313232550019 -0.3161407709121704 0.45678380131721497 0.01234951429004183 0.8894920082559636 3.302342653274536
0.8676660268191512 0.030110549436139843 -0.49623484486785585 -2.0439302921295166 -0.03267532103119142 0.9994598561441868 0.0035124876562341485 -0.322549432516098 0.49607256054878235 0.013166966646978195 0.8681812337531376 3.5309348106384277
0.8453158900515803 0.027186580707387407 -0.5335746572250535 -2.327237129211426 -0.030176991518188423 0.9995396988961306 0.003120417294373151 -0.3291631042957306 0.5334138870239258 0.013463938887765092 0.845747155765828 3.7504730224609375
0.8231109724735859 0.028197792264645805 -0.5671800846947521 -2.602590322494507 -0.030225840885272248 0.9995261305495668 0.00582744115661709 -0.3429817855358124 0.5670756101608276 0.012346863756557247 0.8235731953432364 3.9472389221191406
0.7987391779140403 0.03234423852038197 -0.6008074594069923 -2.9085607528686523 -0.032600838368220364 0.9994136772057425 0.010462103672124957 -0.35394707322120667 0.6007936000823975 0.011230334651197604 0.7993252984665844 4.138738632202148
0.7707304084926925 0.03551605154792324 -0.6361708070728982 -3.21525239944458 -0.03435353441399447 0.9993092941809586 0.014169478745785162 -0.36233440041542053 0.6362346410751343 0.010933867481447368 0.7714181560186226 4.305174827575684
0.7388485360696535 0.03611392248027865 -0.672903174413698 -3.554621458053589 -0.034032300219754674 0.999288408868364 0.016263128887136206 -0.3696194589138031 0.6730116605758667 0.01088445343948341 0.7395517879041194 4.482187271118164
0.6997489898398896 0.03362637759702498 -0.7135969346953488 -3.9235737323760986 -0.031079397926815133 0.9993787907996533 0.016616816264227105 -0.37287962436676025 0.7137123942375183 0.010550563014658398 0.7003594079527247 4.634263038635254
0.6580229636302448 0.030406331006099834 -0.7523836511024243 -4.304831027984619 -0.028162773717954614 0.9994790804859673 0.015761555454607758 -0.3704710006713867 0.7524709701538086 0.010817745283320246 0.6585365254164088 4.7648420333862305
0.6134694966547407 0.029748626691929746 -0.7891579083792742 -4.699686527252197 -0.026282068775848932 0.9995057879658683 0.017247088343319443 -0.3704623579978943 0.7892809510231018 0.010160139363572296 0.6139481406221456 4.86884069442749
0.5662986719188439 0.029550037899032485 -0.8236701992737088 -5.095662593841553 -0.02463936384231502 0.9995173610687579 0.018918419175282704 -0.36868226528167725 0.8238317370414734 0.009581234351811574 0.5667534648075048 4.9406232833862305
0.5208543652081481 0.029898053103518944 -0.8531218213292835 -5.503322124481201 -0.023076991108169853 0.9995143591645916 0.020939312014834316 -0.3678852915763855 0.853333592414856 0.008781152785476753 0.5212913841295261 4.975010871887207
0.4706853992296942 0.030538768317939224 -0.8817724265630892 -5.9405436515808105 -0.020959060947506214 0.9995057893910988 0.02342843811257187 -0.36996349692344666 0.8820521235466003 0.007453697960898287 0.4710928250087605 4.990039348602295
0.41533091022660784 0.03218620112644873 -0.909100787524893 -6.404930114746094 -0.018725440875833055 0.9994645670734622 0.026830593669355737 -0.3704971373081207 0.9094776511192322 0.005879738393284317 0.41571124593939857 4.972531318664551
0.36450551844190215 0.034545951608567244 -0.9305602422763246 -6.872674942016602 -0.0167263834040714 0.9993933068588902 0.030549484178026137 -0.3733484447002411 0.9310510158538818 0.004429451814123797 0.3648622034246074 4.9364824295043945
0.3101888874433971 0.03678581297287886 -0.9499630274360567 -7.333981513977051 -0.014270766485011688 0.999318714361066 0.03403723920317341 -0.37615376710891724 0.9505678415298462 0.0029987270566108615 0.3105025098156382 4.882758140563965
0.2583422004025291 0.036734051195012385 -0.9653548453893512 -7.812870979309082 -0.011387492542235034 0.9993231749012599 0.03497917939630829 -0.3766119182109833 0.9659863710403442 0.0019563729105634836 0.2585856542190754 4.8132643699646
0.20638133631094568 0.036010909601528196 -0.9778087497029677 -8.283942222595215 -0.008816795110822007 0.9993503712431824 0.03494333254538045 -0.3759486973285675 0.9784319400787354 0.0014094877525797772 0.2065647680338234 4.7076826095581055
0.15783157977150797 0.037296014947437194 -0.9867614689716725 -8.767609596252441 -0.0068761326352451135 0.9993037916913559 0.036670235774782824 -0.3741360604763031 0.9874420762062073 0.0009973814836207462 0.15797814632944274 4.577746868133545
0.1105983414277989 0.038625754642396565 -0.9931142839110291 -9.258044242858887 -0.0049236623557073755 0.9992535117574526 0.03831620517085377 -0.372844398021698 0.993852972984314 0.0006520507026705306 0.11070596629411122 4.418168544769287
0.06918249717497904 0.03901152680974956 -0.9968409845747876 -9.733572959899902 -0.0031867173050170172 0.9992386599918831 0.03888419787990018 -0.3725265860557556 0.9975989460945129 0.00048654449010850434 0.06925414222941395 4.234464645385742
0.03322102199385668 0.036017610728671795 -0.99879881457658 -10.19906997680664 -0.0015134906515765212 0.9993511082678803 0.03598718544298372 -0.373401015996933 0.9994468688964844 0.00031614159215591353 0.033253977736591445 4.046382427215576
0.0013073923776406177 0.033805258176493234 -0.9994276056777759 -10.688155174255371 -5.97011394114803e-05 0.9994284387659378 0.03380521025994447 -0.37574154138565063 0.9999991655349731 1.5470292889470123e-05 0.0013086633597697017 3.8496251106262207
-0.02559438491089483 0.03179511272152257 -0.99916667146761 -11.185208320617676 0.0011657361250942272 0.9994943385606189 0.0317756808811303 -0.38084298372268677 0.9996717572212219 -0.00035148567472867084 -0.02561850738938687 3.6592392921447754
-0.04545564012278014 0.029953515732616325 -0.9985171622841269 -11.672508239746094 0.002095569723551613 0.9995510284886535 0.029889130027302882 -0.3882277011871338 0.9989641308784485 -0.0007338327705801173 -0.0454979999632088 3.478053331375122
-0.06233523908517902 0.0298788358583324 -0.997607952076299 -12.175507545471191 0.002916855724977685 0.999553015563282 0.029754830876978597 -0.3987090587615967 0.9980509877204895 -0.0010551039070508875 -0.06239452475552598 3.301161766052246
-0.07658611621300881 0.030390768990868292 -0.9965997589616116 -12.685967445373535 0.003583108307760041 0.9995373470885469 0.030204997606656472 -0.41233375668525696 0.9970565438270569 -0.0012576413474971182 -0.07665957248602506 3.1331288814544678
-0.08716663072854569 0.03325942934483486 -0.9956384057684492 -13.236287117004395 0.004222066461138374 0.9994458687282101 0.0330169852860594 -0.4258226156234741 0.9961848258972168 -0.0013256721418025905 -0.08725875154500073 2.966775417327881
-0.09519098915793389 0.03637719534009631 -0.9947941251794934 -13.801283836364746 0.004767895465851157 0.9993372364535273 0.03608709272410115 -0.44103825092315674 0.9954476356506348 -0.0013079084064019156 -0.09530134705840076 2.8104312419891357
-0.100159684410555 0.03817908138837681 -0.9942386032752006 -14.363204956054688 0.005080879602843452 0.9992701233500222 0.0378604449531328 -0.45349979400634766 0.9949584007263184 -0.001259516435602695 -0.10028056462705903 2.6810779571533203
-0.10185631151734142 0.03780150376140421 -0.9940806834999412 -14.945252418518066 0.005060383904449184 0.9992845537977693 0.037480889180581387 -0.46141189336776733 0.994786262512207 -0.0012127647631112182 -0.10197472866902757 2.5718700885772705
-0.10165888105698517 0.03869426499301273 -0.9940664802213006 -15.537832260131836 0.004970830981556984 0.9992505383292507 0.03838770914331105 -0.4668596386909485 0.9948068857192993 -0.0010388849366141373 -0.10177503788368547 2.4716885089874268
-0.10005360259384943 0.04150017544832561 -0.9941161963508827 -16.152925491333008 0.004946482436581023 0.9991382083064804 0.04121197804867455 -0.46930113434791565 0.9949697256088257 -0.0007939713848815755 -0.10017265125241792 2.382291078567505
-0.09885035737303705 0.044178004663429166 -0.9941211342412666 -16.82665252685547 0.005142944798806753 0.9990233591123131 0.04388446498750284 -0.46902066469192505 0.9950889945030212 -0.0007747150817698917 -0.09898102266762354 2.292147397994995
-0.09720200108353616 0.0440058025545903 -0.9942913282029459 -17.52903938293457 0.005237402301440097 0.9990308197944928 0.043703554919055136 -0.4674551486968994 0.9952508807182312 -0.0009594306799229624 -0.09733826908211718 2.2112977504730225
-0.09603320323460851 0.0444527170089571 -0.9943850328997934 -18.21497344970703 0.005220726025512268 0.9990110559061298 0.044155322061596496 -0.46813663840293884 0.9953644275665283 -0.0009510347999335533 -0.09617030689083528 2.1392455101013184
-0.09414553210834464 0.04676998823038835 -0.9944592735926281 -18.884981155395508 0.005080206523961184 0.9989054651124644 0.04649815407416554 -0.46827542781829834 0.995545506477356 -0.0006744650455071596 -0.09428008960529022 2.0822272300720215
-0.0918959578393217 0.05052014996580876 -0.9944862266209749 -19.57049560546875 0.004984785091389166 0.9987229767033744 0.050274757884142846 -0.46939894556999207 0.9957561492919922 -0.00033725307668008506 -0.09203043433969471 2.02911376953125
-0.08976727108705296 0.05282568198182184 -0.9945608310467903 -20.336637496948242 0.004834947423099617 0.9986037026745084 0.05260402631244142 -0.46808263659477234 0.9959510564804077 -8.652944191377956e-05 -0.08989734386330284 1.9719690084457397
-0.08771717364651987 0.05384797213156706 -0.9946888926319746 -21.08599090576172 0.00484187747034609 0.998549115685743 0.05362996068501329 -0.47062432765960693 0.9961336255073547 -0.00011189316520363209 -0.08785063148082095 1.9148119688034058
-0.0860191979783802 0.053358888723163495 -0.9948636027390453 -21.84010124206543 0.004960306002803783 0.9985753486171441 0.053129083206445736 -0.47360968589782715 0.9962811470031738 -0.00036470677549175004 -0.08616132740290983 1.863030195236206
-0.08418266460104151 0.05425115756207351 -0.9949724273163932 -22.606082916259766 0.004982506192332203 0.9985272330437626 0.054023427222466884 -0.47682350873947144 0.9964379072189331 -0.00040962022564407577 -0.08432898984330617 1.807063341140747
-0.08192064699502266 0.054834356233039866 -0.9951292695702355 -23.396766662597656 0.004710994595722079 0.998495446474827 0.054632028257155 -0.47601228952407837 0.9966277480125427 -0.00021255751504182033 -0.08205571948673551 1.7563841342926025
-0.0804985212146696 0.055693770568554304 -0.9951975738721367 -24.196443557739258 0.004531068826518186 0.998447881639065 0.05550916432017429 -0.4760209619998932 0.9967444539070129 -4.090306356059961e-05 -0.08062593422818853 1.7071380615234375
-0.07904781106297554 0.05632405318472061 -0.9952783273884306 -25.027198791503906 0.004374443215206553 0.9984124972564633 0.056153988269753916 -0.48105278611183167 0.9968612194061279 8.506133221752171e-05 -0.07916871209814591 1.6553623676300049
-0.07821592390150478 0.05212873695032914 -0.9955725947956716 -25.811960220336914 0.004319346564928356 0.9986403107719246 0.05195001994480676 -0.4914793074131012 0.9969270825386047 -0.00023690426914673747 -0.07833473939880031 1.606095552444458
-0.07747339480746707 0.04527243244553165 -0.9959659728913994 -26.596118927001953 0.004248840489336436 0.9989743639350205 0.04507867699449216 -0.5086121559143066 0.9969853758811951 -0.0007393024368692394 -0.07758629331345457 1.5532665252685547
-0.07699646330309484 0.03839536573722129 -0.9962917650391439 -27.378908157348633 0.004107896076745332 0.9992619086772536 0.03819236175341541 -0.526022732257843 0.9970229268074036 -0.0011519863134294706 -0.07709736111877596 1.5060819387435913
-0.07751661148879929 0.03854841406912467 -0.9962455395048726 -28.19626235961914 0.0041117969804085885 0.9992560987567451 0.03834496920507483 -0.5401517748832703 0.9969825744628906 -0.0011239873050732097 -0.07761744896122469 1.4513665437698364
-0.07776224735517978 0.04601434016649138 -0.9959095044690609 -28.997894287109375 0.004205467182385347 0.9989405760782126 0.04582601836409781 -0.5554481744766235 0.9969630837440491 -0.0006247305612699372 -0.07787337583443588 1.3893483877182007
-0.07815536420048375 0.054358660721831806 -0.99545810255956 -29.814085006713867 0.0043383735635202925 0.9985214707965592 0.05418532466903733 -0.5722736120223999 0.9969317317008972 -8.379532815672164e-05 -0.07827563388605085 1.3236256837844849
-0.07789606779615132 0.06135102853981994 -0.9950719245022914 -30.66706085205078 0.004504957309151847 0.9981161759318378 0.06118606225569807 -0.589439332485199 0.9969512820243835 0.00028339712276360257 -0.07802571142248693 1.2561235427856445
-0.07797663326305715 0.0641714696361215 -0.9948877748028565 -31.507999420166016 0.004699065317611245 0.9979388290203709 0.06399996825985964 -0.6033408641815186 0.9969441294670105 0.0003154594139132584 -0.07811745541222193 1.186884880065918
-0.07778734735931891 0.060844979071628766 -0.9951115762172148 -32.35203170776367 0.004735918619129059 0.9981472365360236 0.060660387747379474 -0.6143022775650024 0.9969587326049805 5.843210670070098e-06 -0.07793138176202774 1.121117115020752
-0.07840998303363911 0.05755790742746228 -0.9952582456809079 -33.17750930786133 0.0048073454706321905 0.9983421234158261 0.057357516316529175 -0.6211476922035217 0.9969096183776855 -0.0002871483437380234 -0.07855669120501574 1.0579040050506592
-0.07844813471192147 0.05970478640555556 -0.995128746490135 -34.06108474731445 0.00491229298061846 0.9982160423301829 0.05950276945847934 -0.6223005652427673 0.9969061017036438 -0.00022048268711321976 -0.07860147579206167 0.9857177138328552
-0.07824361016545645 0.06360351463851972 -0.9949032720773677 -34.96541213989258 0.004998019717454505 0.9979752644399297 0.06340683573458761 -0.6253470182418823 0.996921718120575 -1.1366433594305059e-05 -0.07840307801961899 0.9140346646308899
-0.0778682533177526 0.06338571860421659 -0.9949466719707625 -35.84140396118164 0.005086206244512004 0.9979891387574001 0.0631814817417889 -0.6342450976371765 0.9969506859779358 -0.00014067234235912163 -0.07803405929070761 0.8457732200622559
-0.07749702637322997 0.05916888074191286 -0.9952352241718964 -36.690162658691406 0.005166957023501784 0.9982477870320463 0.05894564098737791 -0.6539085507392883 0.9969791769981384 -0.0005742257449078969 -0.07766695915999478 0.7775750160217285
-0.0771738182944226 0.05514262354433022 -0.9954915281556171 -37.51716613769531 0.005183738536902183 0.9984780323471354 0.05490618885637387 -0.677048921585083 0.9970041513442993 -0.0009230475760114987 -0.07734220889072274 0.7152467370033264
-0.07678574695428608 0.05473560690902037 -0.995544043373195 -38.375526428222656 0.00509777757255625 0.998500451049871 0.05450496665808821 -0.7026818990707397 0.9970346093177795 -0.0008898575496779082 -0.07694963554946099 0.6512683033943176
-0.07615516154690916 0.05570065714479612 -0.995538989743791 -39.22134017944336 0.00497100300703851 0.9984472604962918 0.05548311390993982 -0.7244879603385925 0.9970836043357849 -0.0007235017895727835 -0.0763137985354545 0.5894713401794434
-0.07574377209099836 0.060992173730846054 -0.9952602032664236 -40.11329650878906 0.004942998630622197 0.9981381998488972 0.06079236227034826 -0.7406251430511475 0.9971150755882263 -0.00031492700097184023 -0.0759042393979854 0.5250241160392761
-0.07509081333132173 0.0669298901680149 -0.9949279844996164 -40.99796676635742 0.00488905738796408 0.9977576247841112 0.06675124993610462 -0.7571662068367004 0.9971647262573242 0.0001481456402132146 -0.07524965803363326 0.4613417685031891
-0.07498409504722492 0.07026460358890065 -0.9947060979205876 -41.867706298828125 0.0049052135055484 0.9975283037226781 0.07009418810525832 -0.7707527875900269 0.9971726536750793 0.0003767034793240587 -0.07514342037075128 0.3989185392856598
-0.07470241250755283 0.07016973804572037 -0.9947339815300287 -42.74714660644531 0.00488620126568895 0.9975349931691934 0.07000037788296257 -0.7804001569747925 0.9971938729286194 0.00036872664646038847 -0.07486113030575048 0.3354353904724121
-0.07444353145809046 0.06623592940245035 -0.995023068785078 -43.600406646728516 0.004909921489693048 0.9978039795894844 0.06605370443005473 -0.789522111415863 0.9972131252288818 3.1785874288203786e-05 -0.07460526232656584 0.2756570875644684
-0.07416023230296709 0.06226840583742533 -0.9953004202217015 -44.44862747192383 0.004963400197048884 0.9980593936509368 0.06207118895438611 -0.7949493527412415 0.9972339868545532 -0.00033686051499378505 -0.07432538067719108 0.21344619989395142
-0.07363711515880444 0.06307195264191066 -0.9952886942717524 -45.31975173950195 0.005217593429175105 0.9980088388687947 0.06285830584543525 -0.801209568977356 0.9972714781761169 -0.0005643074394107161 -0.07381957485388835 0.14563952386379242
-0.07394215339039878 0.06435259969719866 -0.9951840596925906 -46.19343566894531 0.005477101715118005 0.9979269515165112 0.0641230213642685 -0.8125792145729065 0.9972475171089172 -0.0007093300477151315 -0.07414133440545356 0.07583872228860855
-0.07400846532302197 0.06012039833676592 -0.9954437416623048 -47.052818298339844 0.005349525049678672 0.998190692239708 0.05988858267124106 -0.8278012275695801 0.9972432851791382 -0.000892889181029255 -0.0741961804098974 0.013059534132480621
-0.0741778297307647 0.053503690253188435 -0.9958087396497143 -47.87637710571289 0.005190312470241376 0.9985669102012333 0.05326525991986707 -0.8501585721969604 0.9972315430641174 -0.0012174571126233324 -0.07434922553145551 -0.046831388026475906
-0.07402724748569511 0.04811268010248487 -0.9960949265352987 -48.71229553222656 0.004951234942929261 0.998840920558918 0.04787735370102221 -0.8735736608505249 0.9972439408302307 -0.0013876713463059076 -0.07417966393186504 -0.10354799777269363
-0.07499082248850408 0.050789655918420176 -0.9958899461543846 -49.52075958251953 0.00500532524899111 0.9987086796426003 0.05055650383494213 -0.9002561569213867 0.9971716403961182 -0.0011934793021592671 -0.07514820495293195 -0.16008853912353516
-0.07555548871072126 0.054579747078622426 -0.9956467421027675 -50.32374572753906 0.004973182039227364 0.9985090607203104 0.05435926130566693 -0.924298107624054 0.9971292018890381 -0.0008443919597862781 -0.07571427673695563 -0.2194925844669342
-0.07594430834369703 0.05702426272555197 -0.9954801423469014 -51.17829895019531 0.004943903876514888 0.9983726051135002 0.05681278769594138 -0.9419785737991333 0.9970998167991638 -0.0006069502395148474 -0.07610263585441857 -0.2825873792171478
-0.07682690761117072 0.05707133759390365 -0.9954097069373026 -52.009864807128906 0.005077002166955058 0.9983698744613215 0.05684920706186998 -0.9589304327964783 0.9970315098762512 -0.0006861484681242036 -0.07699142227632905 -0.34683531522750854
-0.07721513522580281 0.05766812450897903 -0.995345204161698 -52.830360412597656 0.005433466440717072 0.9983352930948561 0.05741985198893612 -0.9744501709938049 0.9969996213912964 -0.0009744931573271859 -0.077399934823835 -0.4206700325012207
-0.0779598331295217 0.06067547185803722 -0.9951084302189183 -53.630638122558594 0.006033594639632489 0.9981567372282272 0.06038864604155257 -0.9886989593505859 0.9969382286071777 -0.001296192080538272 -0.07818222136601971 -0.4972813129425049
-0.07937704756122077 0.0635437392888814 -0.9948172680098997 -54.42197036743164 0.006494654359336938 0.9979779888361757 0.06322741463691384 -1.0016398429870605 0.9968234896659851 -0.001442188866331101 -0.07962924415014117 -0.5697448253631592
-0.08037675868593386 0.06595445089909815 -0.9945801245088012 -55.210567474365234 0.006707251519495472 0.9978216542135828 0.0656273680835103 -1.0129097700119019 0.9967420101165771 -0.0013959839504162908 -0.08064404494494237 -0.641897976398468
-0.08136543935013218 0.06745214131251373 -0.9943992689001813 -56.020076751708984 0.006781194011996061 0.9977217246196984 0.06712264431363815 -1.0256497859954834 0.9966612458229065 -0.0012817508987626736 -0.08163747099370244 -0.7154968976974487
-0.08236308664371883 0.06924308629893278 -0.9941940197696042 -56.82587814331055 0.0070207877255166196 0.9975989581830589 0.06889860450082086 -1.045966386795044 0.9965776801109314 -0.001305323437979955 -0.08265147039657705 -0.7902504205703735
-0.08317561818587649 0.0699857438592574 -0.9940743831479506 -57.60529708862305 0.007165930936012754 0.9975471414920378 0.06963065163252131 -1.0700604915618896 0.9965091347694397 -0.001331895821123849 -0.08347310943779584 -0.8623912930488586
-0.08345926158308492 0.07068666450103273 -0.9940009857023273 -58.3607177734375 0.007140985474765105 0.9974978321337921 0.0703357562839632 -1.0906769037246704 0.9964855909347534 -0.0012279762604761463 -0.08375520099056866 -0.9311274886131287
-0.08372881615770877 0.0729968312862213 -0.9938113176964457 -59.14179229736328 0.0070961459946991545 0.9973317078928686 0.07265755499523893 -1.1070817708969116 0.9964632987976074 -0.0009686991108211057 -0.08402339712890905 -1.0005297660827637
-0.08393796548698873 0.07709956754728993 -0.9934837561557155 -59.917198181152344 0.007094123312024969 0.9970231784422117 0.07677487112660611 -1.1192209720611572 0.9964457154273987 -0.0006035698125576583 -0.08423505388254426 -1.064629077911377
-0.08440205587081939 0.07836135167186814 -0.9933458040838578 -60.681148529052734 0.00705974352090738 0.9969249558723867 0.07804385301417516 -1.1340774297714233 0.9964067935943604 -0.00042570493655483613 -0.08469572182178986 -1.128825306892395
-0.08514664096481717 0.07804082992112231 -0.9933074114328972 -61.43347930908203 0.007080971657849766 0.9969500579638558 0.07772003493044659 -1.1487023830413818 0.9963432550430298 -0.00041598172586523874 -0.08543955518763324 -1.1953849792480469
-0.08594526047875473 0.07533596085309596 -0.9934474721856571 -62.17625045776367 0.00711106094191144 0.9971580156109437 0.07500214701900663 -1.1616919040679932 0.996274471282959 -0.0006183864810815898 -0.08623672759625611 -1.2557430267333984
-0.08587668399820103 0.07144432011368482 -0.9937408371365737 -62.89396667480469 0.0071202836101944555 0.9974441086883924 0.07109524364277081 -1.17488694190979 0.996280312538147 -0.0009702927956987684 -0.08616589389289686 -1.318174123764038
-0.0855309578206942 0.06862755924791067 -0.993969214998545 -63.60875701904297 0.007175838389824274 0.9976415290862556 0.06826363434258144 -1.187710165977478 0.9963096976280212 -0.0012939084459311079 -0.08582169742937573 -1.3780975341796875
-0.08409929055538701 0.06695890295649551 -0.994205116880126 -64.32059478759766 0.007143021773472147 0.9977546141561137 0.06659373265421606 -1.2031817436218262 0.9964317679405212 -0.0015011430556488986 -0.08438874017288445 -1.4349067211151123
-0.08205571054941752 0.06746483226810236 -0.9943416138348399 -65.02068328857422 0.007102345889391293 0.9977204044450336 0.06710797099762934 -1.2231730222702026 0.9966024160385132 -0.0015555658634266445 -0.08234781706373573 -1.4884800910949707
-0.0779554212165765 0.06835241946972678 -0.9946109096767607 -65.73936462402344 0.006768407507242669 0.9976601893549611 0.06803148282600502 -1.2475303411483765 0.9969338774681091 -0.0014285091241700715 -0.07823566148455363 -1.5382542610168457
-0.07206731733029814 0.06829166756003088 -0.9950590900434092 -66.4395751953125 0.00617285492602504 0.997664644219892 0.06802341963757111 -1.270241141319275 0.9973806738853455 -0.0012400899834909135 -0.07232056595485314 -1.5732148885726929
-0.06524287478601298 0.0681226439167215 -0.9955413846762761 -67.13526153564453 0.005515617971059983 0.9976763757593965 0.06790727060312278 -1.2934041023254395 0.9978541731834412 -0.001060560437393318 -0.06546701569512203 -1.5961402654647827
-0.05710990661909565 0.06938886771652604 -0.9959536375959375 -67.8166732788086 0.004866383778977773 0.9975892829278733 0.0692237777695805 -1.3127893209457397 0.99835604429245 -0.0008933291360604806 -0.057309903247806826 -1.6134167909622192
-0.04490607203770702 0.07146450966388235 -0.996431756054849 -68.48088836669922 0.003888709062461887 0.9974429290150375 0.07136177542010846 -1.3304051160812378 0.99898362159729 -0.0006702561563086407 -0.04506914764561443 -1.6146950721740723
-0.028857878881554333 0.0746549886352474 -0.9967918116391059 -69.06847381591797 0.0025778272165127847 0.9972093621965492 0.07461163181173731 -1.3455755710601807 0.9995802044868469 -0.00041642360605950723 -0.028969793180346537 -1.6036497354507446
-0.010651173442565609 0.07654536397476439 -0.9970091360347582 -69.64923858642578 0.0009705061247891889 0.9970660406733441 0.07653936041547288 -1.358535647392273 0.9999427795410156 -0.0001523694778478822 -0.010694211626574246 -1.5696369409561157
0.010078902059819816 0.07787115583983695 -0.9969124684378012 -70.23371887207031 -0.0009313699586897747 0.9969633795898118 0.07786572129224965 -1.3702048063278198 0.9999487996101379 0.0001436933524538277 0.010120823582242255 -1.5094482898712158
0.036445483795494615 0.0773832245198856 -0.9963350652269762 -70.82412719726562 -0.0033686203940063997 0.9970012575111149 0.0773117471719132 -1.380074143409729 0.9993299841880798 0.0005386105924532342 0.036596867965963176 -1.4166512489318848
0.0658399745593723 0.07566283736992252 -0.9949573752297489 -71.40559387207031 -0.0060358895474761365 0.9971329156278875 0.07542885760014365 -1.3899595737457275 0.9978119134902954 0.0010392187107989836 0.06610789545760731 -1.2900683879852295
0.10016543795758626 0.07399638195469445 -0.9922153817515664 -71.94136047363281 -0.009099431620201326 0.9972570727227599 0.07345377788840925 -1.4011608362197876 0.9949291944503784 0.0016710662716490354 0.10056402156175537 -1.1304261684417725
0.13964889542549486 0.07371302744884282 -0.9874535549958747 -72.45104217529297 -0.012728681518513696 0.9972765119462078 0.07264617769051969 -1.415132761001587 0.9901192784309387 0.0024240234757701984 0.14020684056990262 -0.9357677102088928
0.18098235475333624 0.0724482755554127 -0.980814301999051 -72.93032836914062 -0.016513527810415596 0.9973663371562221 0.07062378383203317 -1.42974054813385 0.9833477139472961 0.003415045640749903 0.18170208951086764 -0.7063499689102173
0.23210792916472656 0.0717039263774753 -0.9700435344941026 -73.33273315429688 -0.021149228779914875 0.9974154528325377 0.06866671342485886 -1.4386979341506958 0.9724600911140442 0.004577584116662647 0.2330245248773366 -0.41726595163345337
0.28526073054879575 0.06673725188008255 -0.9561236377173864 -73.67385864257812 -0.025053617012247953 0.9977511910598098 0.06216806485428558 -1.4458134174346924 0.9581224322319031 0.006220247552572222 0.2862912300525249 -0.10308191180229187
0.3351406692260728 0.05626052764549717 -0.9404867723085426 -74.00109100341797 -0.026853031445568387 0.9983803476619941 0.05015473077136161 -1.451423168182373 0.9417853355407715 0.008446031233343698 0.3361086394127266 0.226852685213089
0.3840322881815794 0.04707368251543505 -0.9221189772971232 -74.32323455810547 -0.02843187808535763 0.9988288604496136 0.039148741200995305 -1.4582948684692383 0.9228818416595459 0.011183193043135198 0.3849209040667745 0.5715453624725342
0.43330354214569944 0.0392100286986221 -0.9003946932504283 -74.5732421875 -0.029403338148499047 0.9991363312518672 0.029360007187837447 -1.463541030883789 0.9007682800292969 0.013752814861911933 0.43408222791573436 0.9311972856521606
0.47863566313463934 0.03732308334470708 -0.8772199224633237 -74.8331069946289 -0.03168453706825747 0.9991795478726251 0.025224130684214037 -1.4724024534225464 0.8774417042732239 0.01572113949402887 0.4794255563536911 1.2967944145202637
0.5238842251477678 0.034628946287221525 -0.851085302593932 -75.0637435913086 -0.03313637522074453 0.9992454558966352 0.020260244998372617 -1.480233907699585 0.8511447310447693 0.017587858761543673 0.5246363966899565 1.6968281269073486
0.5680856564367218 0.02983593471433835 -0.8224283729671895 -75.28070068359375 -0.03270372736909444 0.9993716658210456 0.013665220528394598 -1.487275242805481 0.8223193287849426 0.019133457847085644 0.5687044649207138 2.117814540863037
0.6076543243814285 0.023390397183206867 -0.793857082669956 -75.48194122314453 -0.030464320885144502 0.9995170147355511 0.006131235820680092 -1.494327187538147 0.7936171293258667 0.02045864576601275 0.6080734333190776 2.5436689853668213
0.6467541259553116 0.018852326820383774 -0.7624655785344607 -75.69440460205078 -0.030479370657165106 0.9995347951671169 -0.0011398593473211371 -1.5008940696716309 0.7620893120765686 0.023976678343050395 0.6470278227801316 2.994887113571167
0.6793256623162947 0.014712880573389112 -0.7336894201508004 -75.917236328125 -0.032084427576477115 0.9994384005606957 -0.009665063534830862 -1.5090709924697876 0.7331352233886719 0.030105731292571214 0.6794162199652547 3.471592426300049
0.7081387701053288 0.00756635403388211 -0.7060327141898958 -76.13603210449219 -0.03220741418916373 0.9992478991566041 -0.02159483208887599 -1.5197449922561646 0.7053382992744446 0.03803162708506003 0.7078498932230097 3.9403350353240967
0.7411203028894384 0.005358639197188389 -0.6713508877525246 -76.30427551269531 -0.0342456865462486 0.9989681145516938 -0.029830987582682492 -1.5311470031738281 0.6704983115196228 0.045099225040898805 0.740539101707931 4.405352592468262
0.7758964036749241 0.006573544903230068 -0.6308261397482322 -76.41824340820312 -0.0360994848173648 0.9987699143104544 -0.03399352198870484 -1.5398467779159546 0.6298266649246216 0.04914794859615679 0.7751792622642419 4.885837078094482
0.8081501898558692 0.008616565797933087 -0.5889133715906572 -76.51921844482422 -0.03758909177134351 0.9986090890564887 -0.03697156918276166 -1.5507818460464478 0.587775707244873 0.05201530170068702 0.8073500491263133 5.354113578796387
0.8374033053809207 0.010836911823415236 -0.5464780358515379 -76.60517120361328 -0.039352339575584594 0.9984041419534126 -0.04050329381680354 -1.560846209526062 0.5451670289039612 0.05542278452658733 0.8364934342286006 5.833569526672363
0.8657663542750385 0.01308771427686884 -0.5002772460514857 -76.66868591308594 -0.039743746962143334 0.9982986703812775 -0.04266304086748757 -1.57337486743927 0.49886777997016907 0.056819118829277926 0.8648135733594557 6.307962894439697
0.8871978540299779 0.018930577826042013 -0.4610006478610952 -76.72547912597656 -0.04349757223280348 0.9981395879654975 -0.042723568476717405 -1.5856859683990479 0.45933422446250916 0.05795666844862213 0.886370752992157 6.803019046783447
0.9048592441022691 0.023232472540571827 -0.4250764375688249 -76.75181579589844 -0.04671423985556 0.9978986645292807 -0.04490053820312824 -1.5997693538665771 0.4231400489807129 0.060485789205518614 0.904043110884615 7.316925048828125
0.919702740037053 0.02898285594741707 -0.39154431505666465 -76.80175018310547 -0.050425432246420154 0.9977318878746857 -0.04459082256010878 -1.6078085899353027 0.3893638849258423 0.06075409060018444 0.9190781875420839 7.873886585235596
0.9321953108791483 0.03189355945134724 -0.36054779575356777 -76.82756805419922 -0.051225192110378126 0.9977091763771718 -0.04418662643033941 -1.6129438877105713 0.35831254720687866 0.05965969429469942 0.9316935419131127 8.473625183105469
0.9416292135991853 0.03293150251517994 -0.33503727583181325 -76.85331726074219 -0.05059435281314961 0.997744025593535 -0.044126168861903736 -1.6165014505386353 0.3328282833099365 0.05850148062364724 0.9411710187695235 9.112342834472656
0.9489660289007666 0.03480400614886539 -0.3134520105782519 -76.87921142578125 -0.05081064499346821 0.9977804881402507 -0.043039502787142414 -1.618452787399292 0.31125834584236145 0.05676972171037775 0.9486281486186314 9.741698265075684
0.9548986674386981 0.037444993034273746 -0.29456142800606694 -76.91735076904297 -0.05197152108680658 0.9977800398788789 -0.04164043709868819 -1.6221697330474854 0.29234829545021057 0.055071204851447675 0.9547249295076483 10.35538387298584
0.959003277908046 0.0411456263377999 -0.28039224753889647 -76.96417236328125 -0.054605605713459404 0.9976920643849144 -0.04035878275865118 -1.6258395910263062 0.27808451652526855 0.05401519190047832 0.959036714031761 10.983611106872559
0.9623488178588993 0.044569686604086584 -0.26813864071535287 -77.01968383789062 -0.05712388847575012 0.9975973093698933 -0.03919802808813211 -1.6282222270965576 0.2657473385334015 0.053039297016290066 0.9625825709319891 11.647047996520996
0.9654098423498745 0.04399261560343111 -0.2569991286131834 -77.07383728027344 -0.056104298808472786 0.9976240278124056 -0.039982817064682846 -1.6295117139816284 0.25462955236434937 0.0530185595460444 0.9655842033428073 12.277754783630371
0.9684561601136821 0.04415062671170299 -0.24524164193283113 -77.1339340209961 -0.05578390640374575 0.9976133867792871 -0.040690516443216314 -1.6297787427902222 0.2428598254919052 0.053087517148571184 0.9686077067699017 12.948019981384277
0.9713756653184191 0.04478897076407168 -0.23328792157454273 -77.20606231689453 -0.05572716703993308 0.9976240374540515 -0.04050555662074046 -1.6324372291564941 0.23091945052146912 0.05234658727252395 0.9715636809012267 13.64700698852539
0.9741902329746921 0.04699863254258224 -0.22078166670335914 -77.28716278076172 -0.057150565054664426 0.9975712854421193 -0.03981780433466815 -1.6374250650405884 0.21837404370307922 0.05140791019166979 0.9745101464925909 14.382475852966309
0.9768507394800139 0.046827922189005514 -0.20873355428234688 -77.3619613647461 -0.05703493912531865 0.9974392973487677 -0.04314886103754317 -1.6430352926254272 0.2061784863471985 0.05405510391287671 0.9770201707047441 15.101829528808594
0.9787514553354804 0.04602088784936697 -0.19981889069198566 -77.44918060302734 -0.05681038098195734 0.9972013812893027 -0.048599768523450534 -1.652498483657837 0.19702307879924774 0.05891888408487711 0.9786268106559106 15.840060234069824
0.9803666595176423 0.04345666409940328 -0.19233481812395375 -77.5334243774414 -0.05497917090119642 0.9969726471841936 -0.05498039419284055 -1.6639950275421143 0.1893632858991623 0.06447535404022275 0.9797879522336075 16.601032257080078
0.9818412379430015 0.04337492060423345 -0.18467904733180254 -77.60653686523438 -0.05451660538938086 0.9969589530901656 -0.05568381077525929 -1.6788362264633179 0.1817021667957306 0.06474074013205211 0.9812201218855989 17.3712158203125
0.9828782218716796 0.0475111818471881 -0.17802573305934521 -77.68708801269531 -0.05728440784782829 0.9970968708647567 -0.05016321518533171 -1.694014549255371 0.1751255840063095 0.059502428585518796 0.9827464186811739 18.138660430908203
0.983648822662829 0.05320943818483446 -0.17205735068486008 -77.76981353759766 -0.061345635217806116 0.9972190722620111 -0.04231783229493602 -1.7063580751419067 0.16932716965675354 0.05218085259249161 0.984177518182193 18.90961456298828
0.9844919841600124 0.05383844650539443 -0.16696423807435362 -77.85064697265625 -0.06110539846780272 0.9973810760451385 -0.03869284858664425 -1.716246247291565 0.16444380581378937 0.04829521295838224 0.9852034408623425 19.71675682067871
0.98511660959457 0.05253287484365786 -0.16366290122117683 -77.9358139038086 -0.05982088570587596 0.9974104573036003 -0.03992171987790828 -1.7236989736557007 0.16114190220832825 0.04911801145324879 0.9857082195330769 20.52590560913086
0.9856491055975596 0.05254596038721854 -0.16042042604379586 -78.03067779541016 -0.059876669907511504 0.9973548624869976 -0.04120682481970846 -1.7289451360702515 0.1578308492898941 0.050220912739407986 0.986188240934041 21.336111068725586
0.9861475288366037 0.05137734998926733 -0.15771332139246166 -78.12494659423828 -0.058336162967786764 0.9975027977731489 -0.039812795321686884 -1.7275044918060303 0.15527400374412537 0.04846167879206309 0.9866820571628239 22.182815551757812
