0.999534 0.00138737 -0.0304867 -0.00303727 -0.00144441 0.999997 -0.00184905 7.8772e-05 0.0304841 0.00189222 0.999533 0.0373889
0.999534 0.00138737 -0.0304867 -0.00303727 -0.00144441 0.999997 -0.00184905 7.8772e-05 0.0304841 0.00189222 0.999533 0.0373889
0.999534 0.00138737 -0.0304867 -0.00303727 -0.00144441 0.999997 -0.00184905 7.8772e-05 0.0304841 0.00189222 0.999533 0.0373889
0.999534 0.00138737 -0.0304867 -0.00303727 -0.00144441 0.999997 -0.00184905 7.8772e-05 0.0304841 0.00189222 0.999533 0.0373889
0.999534 0.00138737 -0.0304867 -0.00303727 -0.00144441 0.999997 -0.00184905 7.8772e-05 0.0304841 0.00189222 0.999533 0.0373889
0.999125 0.00125139 -0.0418006 -0.00461143 -0.00140115 0.999993 -0.00355362 0.000503565 0.0417958 0.00360908 0.99912 0.0484061
0.998546 0.00120699 -0.0538957 -0.00772535 -0.00145979 0.999988 -0.00465132 0.000655545 0.0538894 0.00472324 0.998536 0.0596901
0.997529 0.000799901 -0.070248 -0.00977731 -0.00110447 0.99999 -0.00429683 0.000477959 0.0702439 0.0043638 0.99752 0.0734737
0.996043 -0.00104019 -0.0888704 -0.012203 0.000683289 0.999992 -0.00404635 0.000485644 0.0888739 0.00396961 0.996035 0.0877412
0.994 -0.00277253 -0.109346 -0.0144689 0.00231466 0.999988 -0.004314 0.000603462 0.109356 0.00403502 0.993994 0.10338
0.991421 -0.00327415 -0.130664 -0.0189862 0.00267491 0.999985 -0.00476135 0.000534994 0.130678 0.00437099 0.991415 0.119102
0.988114 8.7694e-05 -0.153724 -0.0243499 -0.00106441 0.99998 -0.00627141 0.00012994 0.15372 0.00636049 0.988094 0.135405
0.983861 0.00388566 -0.178893 -0.030031 -0.00537884 0.999955 -0.00786252 -0.000295666 0.178854 0.00869786 0.983837 0.152372
0.97857 0.00654166 -0.205809 -0.0364346 -0.00848756 0.999927 -0.00857346 -0.000854391 0.205738 0.0101365 0.978555 0.17041
0.971949 0.00679176 -0.235094 -0.0431038 -0.00911366 0.99992 -0.00879134 -0.00103743 0.235016 0.0106873 0.971933 0.188654
0.964448 0.00832672 -0.264142 -0.0520558 -0.0109829 0.999903 -0.00858087 -0.00105356 0.264045 0.0111769 0.964446 0.206553
0.955235 0.00946152 -0.295696 -0.0604806 -0.0122819 0.999895 -0.00768227 -0.00109219 0.295592 0.0109701 0.955251 0.225999
0.944288 0.0110901 -0.328934 -0.0703382 -0.0142529 0.999872 -0.00720541 -0.000741638 0.328813 0.0114922 0.944325 0.245342
0.932377 0.0128595 -0.36126 -0.0810483 -0.0164166 0.999842 -0.00677918 -0.00099143 0.361115 0.0122514 0.932441 0.264419
0.918958 0.0155357 -0.394048 -0.092594 -0.0194904 0.999792 -0.00603561 -0.00127158 0.393872 0.0132266 0.91907 0.283231
0.90361 0.0159936 -0.428057 -0.104832 -0.0201337 0.999784 -0.00514613 -0.00155868 0.427882 0.0132685 0.903737 0.301816
0.886151 0.0113444 -0.463257 -0.118168 -0.01605 0.999852 -0.00621683 -0.000769503 0.463118 0.0129443 0.886202 0.319897
0.865808 0.00596836 -0.50034 -0.132287 -0.0107277 0.99992 -0.00663594 -0.000790225 0.500261 0.0111129 0.865803 0.33911
0.841742 0.0066727 -0.539839 -0.148451 -0.0102989 0.99994 -0.00369878 -0.000854739 0.539782 0.00867319 0.84176 0.357921
0.814051 0.0123719 -0.580661 -0.167177 -0.0152857 0.999883 -0.000125425 -0.00159452 0.580592 0.00897789 0.814145 0.374997
0.782446 0.014543 -0.622549 -0.186819 -0.0176599 0.999843 0.00116105 -0.00165161 0.622468 0.0100857 0.78258 0.393321
0.747667 0.0138991 -0.663928 -0.208687 -0.0168986 0.999855 0.00190156 -0.00176348 0.663859 0.00979775 0.747794 0.412307
0.708782 0.00897962 -0.70537 -0.231254 -0.0101739 0.999945 0.00250656 -0.00109134 0.705354 0.00539974 0.708835 0.431079
0.667126 0.00560081 -0.744924 -0.256217 -0.00492204 0.999983 0.00311051 -0.000778866 0.744929 0.00159144 0.667142 0.449328
0.62366 0.0035947 -0.781688 -0.284367 -0.000963809 0.999992 0.00382965 -3.12405e-05 0.781695 -0.001635 0.623658 0.467673
0.577089 0.00302222 -0.816676 -0.314765 0.00182325 0.999986 0.00498894 0.0013951 0.81668 -0.00436806 0.577075 0.484522
0.52762 0.0025453 -0.849477 -0.348296 0.00403991 0.999977 0.00550548 0.00222812 0.849471 -0.00633661 0.527597 0.501583
0.47832 0.00361196 -0.878178 -0.381833 0.00451116 0.999968 0.00656999 0.00293674 0.878174 -0.00710416 0.478288 0.512675
0.42594 0.00530249 -0.904736 -0.417947 0.00714691 0.999932 0.00922512 0.00282891 0.904723 -0.0103954 0.425874 0.524883
0.372055 0.00716777 -0.928183 -0.456687 0.00815127 0.999906 0.010989 0.00324875 0.928175 -0.0116544 0.371962 0.535863
0.318989 0.00977178 -0.947708 -0.498135 0.0102636 0.999853 0.0137641 0.00383111 0.947703 -0.0141175 0.318842 0.545163
0.267171 0.0116628 -0.963579 -0.541443 0.0148966 0.999757 0.0162311 0.00403513 0.963534 -0.0186906 0.266932 0.553117
0.21781 0.0128726 -0.975906 -0.589043 0.0174016 0.999703 0.0170703 0.00380804 0.975836 -0.0207005 0.217522 0.559708
0.171894 0.0138486 -0.985018 -0.636769 0.0153399 0.999742 0.0167326 0.00423403 0.984996 -0.0179863 0.171638 0.563218
0.130303 0.0137961 -0.991378 -0.686272 0.0137539 0.999782 0.0157208 0.00549915 0.991379 -0.0156838 0.130085 0.565906
0.0930416 0.0124816 -0.995584 -0.738132 0.0121773 0.999832 0.0136729 0.00699693 0.995588 -0.0133956 0.092874 0.566864
0.0596838 0.0100526 -0.998167 -0.790763 0.0139084 0.999844 0.0109011 0.0078683 0.99812 -0.0145335 0.0595347 0.567086
0.0287085 0.00667506 -0.999566 -0.845861 0.0134287 0.999885 0.00706288 0.00898539 0.999498 -0.0136257 0.0286156 0.566346
0.00172823 0.00566838 -0.999982 -0.901683 0.0147832 0.999875 0.00569331 0.00900503 0.999889 -0.0147928 0.00164422 0.565769
-0.018147 0.00281322 -0.999831 -0.959221 0.0134154 0.999907 0.00256994 0.0102055 0.999745 -0.0133665 -0.018183 0.561261
-0.0344533 0.002046 -0.999404 -1.0183 0.0135459 0.999907 0.00158005 0.0110889 0.999314 -0.0134834 -0.0344778 0.558565
-0.0466288 0.00267186 -0.998909 -1.08022 0.014099 0.999899 0.00201637 0.0116769 0.998813 -0.0139896 -0.0466617 0.552836
-0.0558101 0.00404244 -0.998433 -1.14284 0.0133468 0.999905 0.00330235 0.0118151 0.998352 -0.0131416 -0.0558588 0.54724
-0.062068 0.00537192 -0.998057 -1.20621 0.0115538 0.999922 0.00466345 0.0118056 0.998005 -0.0112419 -0.0621252 0.540975
-0.0664635 0.00657231 -0.997767 -1.26912 0.0118651 0.999913 0.00579608 0.0121666 0.997718 -0.0114533 -0.0665357 0.536258
-0.0676212 0.00754762 -0.997683 -1.33623 0.0133984 0.999888 0.00665618 0.0123472 0.997621 -0.0129172 -0.0677147 0.530658
-0.066187 0.0102893 -0.997754 -1.40348 0.0156013 0.999835 0.00927581 0.0121821 0.997685 -0.0149523 -0.0663366 0.525038
-0.0649905 0.012014 -0.997814 -1.47289 0.01532 0.999822 0.0110403 0.0142455 0.997768 -0.0145689 -0.065163 0.519656
-0.0624722 0.0118107 -0.997977 -1.54398 0.01256 0.99986 0.0110467 0.0146295 0.997968 -0.0118445 -0.0626118 0.51196
-0.061942 0.0091536 -0.998038 -1.62036 0.0114083 0.999899 0.00846263 0.0156582 0.998015 -0.0108617 -0.0620402 0.506685
-0.0609429 0.00894758 -0.998101 -1.69525 0.0115494 0.999899 0.0082585 0.0174383 0.998074 -0.0110242 -0.0610401 0.500999
-0.058861 0.0119703 -0.998194 -1.77236 0.0121826 0.999862 0.0112719 0.0187295 0.998192 -0.0114971 -0.0589987 0.495463
-0.0567488 0.0150187 -0.998276 -1.85183 0.00953953 0.999849 0.0145001 0.019777 0.998343 -0.00870022 -0.0568836 0.489719
-0.0551456 0.017227 -0.99833 -1.93121 0.00852609 0.999823 0.0167818 0.0204858 0.998442 -0.00758641 -0.0552827 0.482895
-0.0536012 0.0163399 -0.998429 -2.01259 0.00768579 0.999843 0.0159504 0.0224232 0.998533 -0.00681875 -0.0537184 0.476482
-0.0521437 0.0135711 -0.998547 -2.09543 0.00422465 0.999902 0.0133689 0.0229539 0.998631 -0.00352141 -0.052196 0.471417
-0.0508471 0.012897 -0.998623 -2.17867 0.00334502 0.999913 0.0127433 0.0246176 0.998701 -0.00269245 -0.0508859 0.465139
-0.0491532 0.015196 -0.998676 -2.26471 0.00586045 0.999871 0.0149257 0.0263023 0.998774 -0.00511905 -0.0492359 0.45938
-0.0483573 0.0170265 -0.998685 -2.35149 0.00769092 0.999831 0.0166736 0.0278719 0.998801 -0.00687452 -0.0484801 0.453562
-0.0485839 0.0182999 -0.998651 -2.45183 0.0101398 0.99979 0.0178275 0.0303133 0.998768 -0.00925995 -0.0487592 0.447081
-0.0480133 0.0135721 -0.998755 -2.54028 0.0110017 0.999854 0.0130582 0.0316081 0.998786 -0.010361 -0.0481556 0.441271
-0.0478612 0.00677353 -0.998831 -2.62781 0.0124563 0.999903 0.00618393 0.0326863 0.998776 -0.0121458 -0.0479409 0.43657
-0.0485778 0.00233972 -0.998817 -2.71499 0.0157448 0.999875 0.00157644 0.0338522 0.998695 -0.0156496 -0.0486086 0.43324
-0.0488229 0.00312493 -0.998803 -2.80668 0.0175156 0.999844 0.002272 0.0349575 0.998654 -0.0173837 -0.04887 0.4272
-0.0488895 0.0106149 -0.998748 -2.89735 0.0164302 0.999817 0.00982202 0.0350019 0.998669 -0.0159295 -0.0490549 0.420968
-0.0490764 0.0176434 -0.998639 -2.99068 0.0153153 0.99974 0.0169102 0.0358594 0.998678 -0.0144646 -0.0493338 0.414778
-0.0501951 0.0224066 -0.998488 -3.08548 0.0143677 0.999661 0.0217107 0.0381612 0.998636 -0.0132562 -0.0505 0.409674
-0.0504475 0.0230094 -0.998462 -3.18306 0.0121395 0.999675 0.022424 0.0387268 0.998653 -0.0109896 -0.0507104 0.402124
-0.0507802 0.019727 -0.998515 -3.2752 0.0123236 0.999741 0.0191245 0.0402639 0.998634 -0.0113342 -0.0510102 0.395945
-0.0508265 0.0172195 -0.998559 -3.36618 0.011529 0.999795 0.016654 0.0412978 0.998641 -0.0106659 -0.0510146 0.389549
-0.0513321 0.0183798 -0.998513 -3.45818 0.0103226 0.999787 0.0178726 0.0428244 0.998628 -0.00938983 -0.0515109 0.383447
-0.0516426 0.0209664 -0.998446 -3.55063 0.00968017 0.999743 0.0204929 0.043621 0.998619 -0.00860681 -0.0518323 0.377699
-0.0515062 0.0188197 -0.998495 -3.64313 0.00962099 0.999785 0.0183477 0.0453874 0.998626 -0.00866149 -0.0516762 0.370962
-0.0521839 0.0139793 -0.99854 -3.73274 0.00824219 0.999874 0.0135672 0.0460645 0.998603 -0.00752217 -0.0522925 0.367774
-0.0512719 0.0099557 -0.998635 -3.8234 0.00629919 0.999934 0.00964523 0.0468558 0.998665 -0.00579607 -0.0513312 0.36059
-0.0502632 0.0103771 -0.998682 -3.91716 0.00690925 0.999926 0.0100423 0.0483494 0.998712 -0.00639538 -0.0503312 0.352535
-0.0499935 0.0128915 -0.998666 -4.00916 0.00818098 0.999888 0.0124977 0.0492147 0.998716 -0.00754526 -0.0500934 0.346977
-0.0496167 0.0176556 -0.998612 -4.10147 0.00843999 0.999815 0.0172575 0.0501131 0.998733 -0.00757202 -0.0497565 0.340784
-0.0490821 0.0228342 -0.998534 -4.19327 0.00899923 0.999708 0.0224188 0.052156 0.998754 -0.00788568 -0.0492733 0.335463
-0.0494732 0.0262869 -0.998429 -4.28601 0.00831205 0.99963 0.0259066 0.0525247 0.998741 -0.00701731 -0.0496734 0.330937
-0.0496906 0.0260157 -0.998426 -4.37699 0.00902064 0.999632 0.0255982 0.0547132 0.998724 -0.00773445 -0.049907 0.32664
-0.0492506 0.0216132 -0.998553 -4.46786 0.00883503 0.999736 0.0212031 0.0572418 0.998747 -0.00777798 -0.0494286 0.318997
-0.0491502 0.0174451 -0.998639 -4.55783 0.00767009 0.999825 0.0170883 0.0584758 0.998762 -0.00681975 -0.0492754 0.314114
-0.0485261 0.0151067 -0.998708 -4.64742 0.00334465 0.999882 0.014962 0.0589791 0.998816 -0.00261428 -0.048571 0.307077
-0.0491693 0.0132524 -0.998703 -4.73756 0.000225534 0.999912 0.0132574 0.0602262 0.99879 0.000426616 -0.049168 0.301525
-0.0492938 0.0112852 -0.998721 -4.82838 0.00266541 0.999934 0.0111674 0.0614747 0.998781 -0.00211151 -0.0493206 0.295015
-0.0505133 0.00732563 -0.998697 -4.92004 0.00606274 0.999957 0.00702823 0.0626544 0.998705 -0.00569982 -0.0505555 0.289278
-0.0514552 0.00627523 -0.998656 -5.00813 0.00950111 0.999938 0.00579375 0.0629387 0.99863 -0.00919022 -0.0515117 0.285329
-0.0534628 0.00943441 -0.998525 -5.09876 0.00989869 0.999911 0.00891751 0.0639604 0.998521 -0.00940734 -0.0535515 0.279675
-0.0552626 0.0153744 -0.998353 -5.19055 0.0124344 0.999815 0.0147086 0.0644798 0.998394 -0.0116011 -0.0554436 0.27465
-0.057122 0.019061 -0.998185 -5.28094 0.0142113 0.999732 0.0182772 0.0650232 0.998266 -0.0131415 -0.0573776 0.268907
-0.0589628 0.0179384 -0.998099 -5.37382 0.01499 0.999742 0.0170824 0.0664537 0.998148 -0.0139543 -0.0592164 0.262088
-0.0599715 0.0140691 -0.998101 -5.46228 0.0112089 0.999847 0.0134202 0.0669336 0.998137 -0.0103827 -0.06012 0.255366
-0.0610733 0.0104521 -0.998079 -5.54928 0.00665395 0.999927 0.0100643 0.0675098 0.998111 -0.0060265 -0.0611384 0.246503
-0.061915 0.00899205 -0.998041 -5.63778 0.00167586 0.999959 0.00890536 0.0681451 0.99808 -0.0011212 -0.0619275 0.237537
-0.0626377 0.0100659 -0.997986 -5.7262 -0.000102099 0.999949 0.0100921 0.0684485 0.998036 0.00073404 -0.0626335 0.229556
-0.0634661 0.0116373 -0.997916 -5.81305 0.000352268 0.999932 0.0116384 0.0689659 0.997984 0.000387111 -0.0634659 0.22245
-0.0645178 0.0113984 -0.997851 -5.89932 -0.00164364 0.999932 0.0115284 0.0694742 0.997915 0.00238389 -0.0644947 0.215799
-0.0652731 0.0111093 -0.997806 -5.98449 -0.00165877 0.999935 0.0112416 0.0702096 0.997866 0.0023889 -0.0652504 0.209014
-0.0654268 0.013654 -0.997764 -6.06995 -0.000685286 0.999906 0.0137282 0.0693461 0.997857 0.00158195 -0.0654113 0.201532
-0.0661798 0.0164942 -0.997671 -6.15296 4.20121e-05 0.999863 0.0165277 0.070656 0.997808 0.00105188 -0.0661715 0.196404
-0.0663093 0.020691 -0.997585 -6.23941 -0.000364201 0.999784 0.0207608 0.0713779 0.997799 0.00173996 -0.0662875 0.189741
-0.0668442 0.0229014 -0.997501 -6.32338 0.000390286 0.999737 0.0229266 0.0721441 0.997763 0.0011432 -0.0668356 0.183045
-0.0673725 0.0230007 -0.997463 -6.40654 0.000322609 0.999735 0.0230313 0.0730373 0.997728 0.00122989 -0.0673621 0.175773
-0.0678437 0.0211069 -0.997473 -6.48742 0.000999963 0.999777 0.0210876 0.0744914 0.997695 0.000433228 -0.0678497 0.169673
-0.0677653 0.0173614 -0.99755 -6.56886 0.00137504 0.999849 0.017308 0.075922 0.9977 -0.000198788 -0.067779 0.162264
-0.0677378 0.0144595 -0.997598 -6.64606 0.00108282 0.999895 0.0144193 0.0771924 0.997703 -0.000103486 -0.0677464 0.156134
-0.0664113 0.0122873 -0.997717 -6.7232 0.000372704 0.999924 0.0122897 0.0777258 0.997792 0.000444323 -0.0664109 0.15018
-0.063913 0.0114679 -0.99789 -6.798 -0.00204027 0.99993 0.0116221 0.0784148 0.997953 0.00277877 -0.0638851 0.143207
-0.0595405 0.0121624 -0.998152 -6.87274 -0.00228793 0.999922 0.0123205 0.0792079 0.998223 0.00301727 -0.059508 0.136583
-0.0540131 0.0139995 -0.998442 -6.94453 -0.00147132 0.9999 0.0140995 0.0791116 0.998539 0.00223059 -0.053987 0.132559
-0.0464075 0.0149534 -0.998811 -7.01434 -0.000391585 0.999888 0.0149877 0.080494 0.998923 0.00108666 -0.0463965 0.126778
-0.0380219 0.0163891 -0.999142 -7.08251 -0.00133818 0.999864 0.0164518 0.0805049 0.999276 0.00196256 -0.0379948 0.123974
-0.0258856 0.0179278 -0.999504 -7.14894 -0.00315977 0.999833 0.0180155 0.0813691 0.99966 0.00362455 -0.0258246 0.120429
-0.0108099 0.0191647 -0.999758 -7.21378 -0.00642173 0.999794 0.0192348 0.0825279 0.999921 0.00662811 -0.0106846 0.118458
0.00721739 0.0206526 -0.999761 -7.28196 -0.00784652 0.999757 0.0205959 0.0829514 0.999943 0.007696 0.00737769 0.118208
0.0295424 0.0211896 -0.999339 -7.34112 -0.00877254 0.999742 0.0209388 0.0841728 0.999525 0.00814816 0.0297207 0.119698
0.055028 0.0210206 -0.998264 -7.39749 -0.00813242 0.999755 0.0206038 0.0857072 0.998452 0.00698452 0.0551855 0.123023
0.0838293 0.0207772 -0.996264 -7.45045 -0.00675228 0.999771 0.0202822 0.0861383 0.996457 0.00502681 0.0839504 0.127951
0.118425 0.0201374 -0.992759 -7.50076 -0.00523912 0.999793 0.0196551 0.0879154 0.992949 0.00287352 0.118506 0.133853
0.155934 0.0207617 -0.987549 -7.54818 -0.0048389 0.999783 0.0202548 0.0880021 0.987756 0.00162024 0.156 0.141856
0.195825 0.0207971 -0.980418 -7.59251 -0.00446647 0.999784 0.0203158 0.0880315 0.980629 0.000400673 0.195875 0.152164
0.240617 0.0220559 -0.970369 -7.63547 -0.0040586 0.999756 0.0217174 0.0885605 0.970612 -0.00128725 0.240648 0.163947
0.287678 0.0208525 -0.9575 -7.676 -0.000124242 0.999764 0.0217356 0.0880163 0.957727 -0.0061339 0.287613 0.177177
0.337212 0.016236 -0.941289 -7.71607 0.00761917 0.999771 0.0199743 0.0884079 0.941398 -0.0139074 0.337011 0.194417
0.386889 0.0106726 -0.922065 -7.75505 0.0124281 0.999782 0.0167868 0.090065 0.922043 -0.0179541 0.386672 0.214989
0.438154 0.00603135 -0.89888 -7.79337 0.0171966 0.999738 0.0150905 0.0915879 0.898735 -0.0220696 0.437936 0.237022
0.486829 0.00633623 -0.873474 -7.82853 0.0166149 0.999726 0.0165124 0.0920326 0.873339 -0.0225514 0.48659 0.260832
0.534139 0.00541864 -0.845379 -7.86471 0.0176581 0.99969 0.0175647 0.0929812 0.845212 -0.0243097 0.533878 0.286085
0.576411 0.000973579 -0.817159 -7.89644 0.0254838 0.999491 0.0191667 0.094388 0.816762 -0.0318722 0.576093 0.315532
0.618608 -0.00563714 -0.78568 -7.92782 0.0358885 0.999133 0.0210883 0.0960134 0.78488 -0.0412423 0.618274 0.346211
0.65893 -0.00948842 -0.752144 -7.95726 0.0363591 0.999153 0.0192486 0.0958467 0.751325 -0.0400308 0.658717 0.378166
0.699135 -0.0125078 -0.71488 -7.98684 0.0315927 0.999411 0.0134109 0.0962366 0.714291 -0.031961 0.699119 0.409784
0.737668 -0.0185773 -0.674908 -8.01268 0.0279352 0.999605 0.00301809 0.0968138 0.674585 -0.02108 0.737896 0.443378
0.775445 -0.0194544 -0.631115 -8.03916 0.0213635 0.999761 -0.00456902 0.097003 0.631053 -0.00993978 0.775676 0.480134
0.810746 -0.0195503 -0.585072 -8.06433 0.019196 0.999793 -0.00680808 0.0977143 0.585083 -0.0057114 0.810953 0.52107
0.843433 -0.0203509 -0.536849 -8.09008 0.0190024 0.999787 -0.00804576 0.0986425 0.536898 -0.00341534 0.84364 0.565825
0.872821 -0.0179971 -0.487708 -8.1127 0.0152342 0.999838 -0.00963161 0.0984966 0.487802 0.000976822 0.872954 0.612975
0.897475 -0.0158061 -0.440782 -8.13531 0.0140295 0.999875 -0.0072894 0.097241 0.440842 0.000358105 0.897585 0.664691
0.917849 -0.00842518 -0.396841 -8.15839 0.00646962 0.999959 -0.00626625 0.0969327 0.396877 0.00318406 0.917866 0.721358
0.934801 -0.00300324 -0.35516 -8.18101 0.000159062 0.999968 -0.00803708 0.0970517 0.355173 0.00745657 0.934771 0.778982
0.947679 0.00254977 -0.319215 -8.20313 -0.00480943 0.999969 -0.00629076 0.0969758 0.319189 0.00749686 0.947662 0.840049
0.957095 0.0033261 -0.289754 -8.21993 -0.00467744 0.999981 -0.00397135 0.0966901 0.289736 0.00515627 0.957093 0.901507
0.964119 0.00339508 -0.26545 -8.23753 -0.00416118 0.999989 -0.0023237 0.0962297 0.26544 0.00334491 0.964122 0.971123
0.969482 0.00366884 -0.245137 -8.25326 -0.00396656 0.999992 -0.000720814 0.0969215 0.245132 0.00167117 0.969488 1.03863
0.973737 0.0069051 -0.227569 -8.27487 -0.00678731 0.999976 0.00130019 0.0977782 0.227573 0.000278537 0.973761 1.12045
0.977169 0.0110441 -0.212176 -8.28977 -0.0105235 0.999938 0.00358293 0.0977008 0.212203 -0.0012683 0.977225 1.1902
0.979983 0.0151158 -0.198509 -8.31063 -0.0144286 0.999884 0.00490791 0.0980988 0.19856 -0.00194547 0.980087 1.27352
0.982537 0.0136629 -0.185566 -8.32459 -0.0130209 0.999904 0.00467769 0.0987603 0.185612 -0.00217976 0.982621 1.35358
0.98501 0.0138118 -0.171945 -8.33904 -0.0133192 0.999903 0.00401784 0.0996857 0.171984 -0.00166744 0.985098 1.43476
0.987456 0.0151985 -0.157162 -8.35632 -0.0145804 0.999881 0.00508486 0.099782 0.157221 -0.00272958 0.98756 1.52357
0.98948 0.0163772 -0.14374 -8.36791 -0.0157211 0.99986 0.00569979 0.100208 0.143813 -0.00338009 0.989599 1.61227
0.991255 0.0174382 -0.130802 -8.38254 -0.0172036 0.999848 0.00292294 0.100563 0.130833 -0.0006471 0.991404 1.70687
0.992585 0.0177472 -0.120252 -8.39184 -0.018171 0.999832 -0.00242828 0.100922 0.120188 0.00459537 0.99274 1.79927
0.993749 0.0170002 -0.110331 -8.40672 -0.0180272 0.999803 -0.00831699 0.101437 0.110168 0.010254 0.99386 1.89876
0.994626 0.0169948 -0.102128 -8.41745 -0.0179389 0.999804 -0.00833222 0.101332 0.101967 0.0101195 0.994736 1.99421
0.995272 0.0186061 -0.0953293 -8.4299 -0.0189266 0.999818 -0.00245902 0.101566 0.0952662 0.00425166 0.995443 2.09428
0.995633 0.0241159 -0.0901828 -8.4422 -0.0237297 0.999704 0.00535219 0.100822 0.0902852 -0.0031888 0.995911 2.19301
0.99605 0.0241102 -0.0854546 -8.45407 -0.0234298 0.999685 0.00895653 0.101507 0.0856437 -0.00691897 0.996302 2.3006
0.996353 0.0227589 -0.0822351 -8.46229 -0.0221991 0.999724 0.00771495 0.102113 0.082388 -0.00586127 0.996583 2.39719
0.99661 0.0224029 -0.0791642 -8.47263 -0.0219179 0.999735 0.00698957 0.102944 0.0792998 -0.00523076 0.996837 2.49797
0.996876 0.0211625 -0.07609 -8.48158 -0.0205567 0.999751 0.0087353 0.103999 0.0762559 -0.00714385 0.997063 2.59808
0.997072 0.0195739 -0.0739143 -8.49062 -0.0187977 0.999761 0.0111826 0.104041 0.0741155 -0.00976049 0.997202 2.70089
0.997318 0.0170044 -0.071194 -8.49773 -0.0161291 0.999787 0.0128508 0.104708 0.0713973 -0.011668 0.99738 2.80065
0.997529 0.0155579 -0.0685079 -8.50548 -0.014947 0.999844 0.00942163 0.105229 0.0686437 -0.00837437 0.997606 2.90041
0.997577 0.0190784 -0.0669103 -8.5133 -0.0189796 0.999818 0.00211153 0.105726 0.0669384 -0.000836483 0.997757 2.99742
0.997691 0.0196707 -0.0649996 -8.52229 -0.0200643 0.999784 -0.00540762 0.105585 0.0648791 0.00669931 0.997871 3.09737
0.997762 0.0204408 -0.0636686 -8.53073 -0.0210932 0.999731 -0.00959115 0.105612 0.0634555 0.0109127 0.997925 3.19651
0.997842 0.0219502 -0.0618769 -8.53756 -0.0224869 0.999715 -0.00798931 0.104913 0.061684 0.00936349 0.998052 3.29568
0.997932 0.0257527 -0.0588981 -8.5464 -0.0260341 0.999653 -0.00401407 0.103415 0.0587743 0.00553913 0.998256 3.39415
0.997952 0.0291829 -0.0569266 -8.55246 -0.0291427 0.999574 0.00153555 0.100961 0.0569472 0.000126592 0.998377 3.49231
0.998187 0.0262893 -0.0541365 -8.56005 -0.0261454 0.999653 0.00336464 0.101277 0.0542061 -0.00194312 0.998528 3.59092
0.998279 0.0236157 -0.053682 -8.56459 -0.0235101 0.99972 0.00259777 0.102253 0.0537283 -0.00133123 0.998555 3.69009
0.99838 0.021525 -0.0526676 -8.57006 -0.0214061 0.999767 0.00282125 0.101829 0.0527161 -0.00168927 0.998608 3.78749
0.998452 0.0209278 -0.0515299 -8.5763 -0.0209089 0.999781 0.000906373 0.102046 0.0515376 0.00017246 0.998671 3.88485
0.998512 0.0199253 -0.050756 -8.58242 -0.0199587 0.999801 -0.000150049 0.10196 0.0507429 0.00116285 0.998711 3.98366
0.998569 0.0191578 -0.0499294 -8.58865 -0.0191916 0.999816 -0.000196275 0.102487 0.0499165 0.00115422 0.998753 4.08114
0.998523 0.0228848 -0.0492689 -8.59504 -0.0228952 0.999738 0.000353235 0.102804 0.0492641 0.00077531 0.998785 4.18091
0.998523 0.0226122 -0.0493952 -8.6002 -0.0226801 0.999742 -0.000814979 0.103097 0.049364 0.00193407 0.998779 4.27895
0.998418 0.0215637 -0.0519219 -8.60497 -0.0216378 0.999766 -0.000865494 0.102821 0.0518911 0.0019876 0.998651 4.37954
0.998372 0.0196732 -0.0535412 -8.6117 -0.019725 0.999805 -0.000438038 0.103256 0.0535221 0.00149342 0.998566 4.47537
0.998164 0.0209869 -0.0568181 -8.61834 -0.0210562 0.999778 -0.000621246 0.103301 0.0567924 0.00181648 0.998384 4.57764
0.997929 0.0251104 -0.059226 -8.62725 -0.0251988 0.999682 -0.000746438 0.102629 0.0591885 0.00223732 0.998244 4.67608
0.997756 0.0251052 -0.0620751 -8.63525 -0.0254958 0.99966 -0.00550851 0.102205 0.0619156 0.0070788 0.998056 4.77821
0.997564 0.0271988 -0.0642335 -8.64413 -0.0278469 0.99957 -0.00921572 0.102656 0.0639552 0.010982 0.997892 4.88385
0.997478 0.0258989 -0.0660831 -8.65285 -0.0266776 0.999584 -0.0109287 0.102008 0.0657726 0.0126641 0.997754 4.99025
0.997341 0.0260423 -0.0680694 -8.66179 -0.0267637 0.999595 -0.00970792 0.101342 0.067789 0.0115039 0.997633 5.09673
0.997236 0.0242227 -0.0702439 -8.67039 -0.0248819 0.999654 -0.00852487 0.10034 0.0700131 0.0102491 0.997493 5.19622
0.997137 0.0235322 -0.0718666 -8.68016 -0.0240739 0.999688 -0.00668109 0.0992637 0.071687 0.00839207 0.997392 5.30575
0.997069 0.023504 -0.0728062 -8.68993 -0.0237823 0.999713 -0.00295791 0.0995281 0.0727158 0.00468074 0.997342 5.4162
0.996987 0.0226703 -0.0741764 -8.69692 -0.0226088 0.999743 0.00166779 0.0989286 0.0741951 1.4272e-05 0.997244 5.51444
0.997071 0.0219097 -0.0732819 -8.71013 -0.0216769 0.999757 0.00397142 0.0996462 0.0733512 -0.00237126 0.997303 5.66069
0.997123 0.025198 -0.0714892 -8.71926 -0.0249755 0.99968 0.00400464 0.10023 0.0715672 -0.00220764 0.997433 5.76981
0.99725 0.0267312 -0.0691183 -8.73139 -0.0265886 0.999642 0.0029816 0.0996431 0.0691732 -0.00113564 0.997604 5.88872
0.997418 0.0243774 -0.067557 -8.74005 -0.0243771 0.999703 0.000828579 0.100289 0.0675571 0.000820404 0.997715 6.00268
0.997588 0.0194546 -0.0666313 -8.74609 -0.0195385 0.999809 -0.000608376 0.0994886 0.0666067 0.00190879 0.997777 6.11965
0.99773 0.0183339 -0.0648013 -8.75502 -0.0184182 0.99983 -0.00070298 0.0991118 0.0647774 0.0018949 0.997898 6.23489
0.997847 0.0158289 -0.063645 -8.76467 -0.0157738 0.999875 0.00136721 0.100346 0.0636586 -0.000360338 0.997972 6.34767
0.997936 0.0129619 -0.0628878 -8.77351 -0.0127464 0.999911 0.0038276 0.10022 0.0629319 -0.00301811 0.998013 6.46459
0.998 0.0123676 -0.061987 -8.78226 -0.0120943 0.999915 0.00478148 0.0997007 0.0620409 -0.00402222 0.998066 6.57677
0.998031 0.0132801 -0.0612994 -8.79062 -0.0132007 0.999911 0.00170061 0.0990748 0.0613165 -0.000888072 0.998118 6.69053
0.998025 0.0161257 -0.0607084 -8.80057 -0.0164117 0.999856 -0.00421605 0.098232 0.0606317 0.00520405 0.998147 6.8026
0.99806 0.017675 -0.0596971 -8.80995 -0.0182852 0.999786 -0.00969129 0.0978342 0.0595131 0.0107641 0.998169 6.9153
0.997997 0.022734 -0.0590373 -8.81784 -0.0236805 0.999601 -0.0153829 0.0960334 0.0586641 0.0167501 0.998137 7.02675
0.998053 0.0232142 -0.0578892 -8.82606 -0.0242193 0.999567 -0.0167214 0.0947507 0.0574759 0.0180909 0.998183 7.13981
0.998159 0.0200999 -0.0572241 -8.83409 -0.0207571 0.999725 -0.0109151 0.094289 0.056989 0.0120828 0.998302 7.25325
0.998126 0.0199936 -0.0578332 -8.84028 -0.0201361 0.999795 -0.00188134 0.0928839 0.0577837 0.00304235 0.998325 7.36325
0.998091 0.0186328 -0.0588776 -8.84871 -0.018316 0.999815 0.00591624 0.0915095 0.0589769 -0.00482655 0.998248 7.47623
0.99798 0.0168906 -0.0612437 -8.85724 -0.0166864 0.999853 0.00384286 0.0911797 0.0612997 -0.00281316 0.998115 7.58358
0.997918 0.0120489 -0.0633538 -8.86475 -0.0120669 0.999927 9.86937e-05 0.0918395 0.0633504 0.000665998 0.997991 7.69318
0.997748 0.0113712 -0.0661096 -8.87355 -0.0114793 0.999933 -0.00125567 0.0913012 0.0660909 0.00201173 0.997812 7.80862
0.997528 0.0138 -0.0689013 -8.88124 -0.0140924 0.999894 -0.00375905 0.0906961 0.0688421 0.00472075 0.997616 7.91562
0.997261 0.0156135 -0.0722997 -8.89056 -0.0161855 0.999842 -0.00733292 0.0900758 0.0721738 0.00848304 0.997356 8.02407
0.996983 0.0162089 -0.0759067 -8.90184 -0.0170776 0.999796 -0.010808 0.0892826 0.075716 0.0120717 0.997056 8.12859
0.996686 0.0176796 -0.0793993 -8.91131 -0.0188748 0.999719 -0.0143281 0.0872565 0.0791237 0.0157793 0.99674 8.23454
0.996348 0.0231399 -0.0821927 -8.92366 -0.0244049 0.999598 -0.0144196 0.0851337 0.081826 0.0163729 0.996512 8.33602
0.995966 0.0264364 -0.0857429 -8.93565 -0.0275956 0.999543 -0.012363 0.0837128 0.0853768 0.0146793 0.996241 8.44114
0.995614 0.0294401 -0.0888063 -8.9489 -0.0301507 0.999523 -0.00667058 0.0824299 0.0885676 0.0093189 0.996027 8.54406
0.995204 0.0296285 -0.0932239 -8.96046 -0.0298536 0.999554 -0.00102058 0.0810875 0.0931521 0.00379876 0.995645 8.64969
0.994786 0.0295124 -0.0976218 -8.97317 -0.0294216 0.999564 0.00236901 0.081128 0.0976492 0.00051554 0.995221 8.7498
0.99419 0.0295329 -0.103508 -8.98699 -0.0293272 0.999564 0.00350925 0.0810528 0.103567 -0.000453265 0.994622 8.85467
0.9935 0.0265483 -0.110693 -8.99508 -0.0259238 0.999639 0.007077 0.0810212 0.110841 -0.00416141 0.993829 8.96038
0.992921 0.02817 -0.115384 -9.01346 -0.0275494 0.999596 0.00697003 0.0814705 0.115534 -0.00374193 0.993297 9.06123
0.992089 0.0324477 -0.121274 -9.02853 -0.0319345 0.999471 0.00617341 0.0811021 0.12141 -0.00225174 0.9926 9.15932
0.991209 0.0347475 -0.127658 -9.04192 -0.0346823 0.999395 0.00273396 0.0807875 0.127676 0.00171756 0.991814 9.25718
0.990434 0.0332294 -0.133927 -9.0556 -0.0335237 0.999438 5.80012e-05 0.080995 0.133854 0.00443229 0.990991 9.35468
0.989702 0.0340536 -0.139035 -9.07154 -0.0345311 0.999403 -0.00102261 0.080981 0.138917 0.00581311 0.990287 9.45305
0.989013 0.0365652 -0.143235 -9.08892 -0.0364059 0.99933 0.00373425 0.0817596 0.143275 0.00152136 0.989682 9.5508
0.988094 0.0371388 -0.149302 -9.10509 -0.036304 0.999306 0.00831396 0.0806314 0.149507 -0.00279473 0.988757 9.64882
0.987226 0.035994 -0.15521 -9.12357 -0.0348223 0.999341 0.010262 0.0810154 0.155477 -0.00472612 0.987828 9.74873
0.986089 0.0339992 -0.162704 -9.13972 -0.0333439 0.999421 0.00675741 0.0807474 0.16284 -0.00123822 0.986652 9.84588
0.984779 0.0332689 -0.170598 -9.16032 -0.0338769 0.999426 -0.00065334 0.0819632 0.170479 0.00642275 0.98534 9.94605
0.983286 0.0297019 -0.179629 -9.17951 -0.030645 0.999527 -0.0024772 0.0821716 0.17947 0.00794052 0.983731 10.0435
0.981332 0.0304434 -0.189899 -9.20101 -0.0309042 0.999522 0.000534997 0.0818927 0.189825 0.00534366 0.981803 10.1405
0.979208 0.030246 -0.200593 -9.2241 -0.0295683 0.999542 0.00637436 0.0828768 0.200694 -0.00031064 0.979654 10.2392
0.976681 0.0314454 -0.212378 -9.24763 -0.0291298 0.999477 0.0140244 0.0833544 0.212708 -0.00751084 0.977087 10.3376
0.974258 0.0316927 -0.223196 -9.27219 -0.0285139 0.999441 0.0174512 0.0840678 0.223624 -0.0106378 0.974617 10.4342
0.971496 0.0345993 -0.234516 -9.29887 -0.0324981 0.99939 0.0128199 0.0842727 0.234816 -0.00483315 0.972028 10.5294
0.968639 0.0337351 -0.246173 -9.32638 -0.0337515 0.999422 0.00415389 0.0846691 0.24617 0.00428508 0.969217 10.6217
0.965576 0.0313049 -0.258232 -9.35347 -0.0325016 0.999472 -0.000365772 0.085501 0.258084 0.00874614 0.966083 10.714
0.962288 0.0291417 -0.270467 -9.38067 -0.0290993 0.999568 0.00416786 0.0869305 0.270472 0.00385972 0.96272 10.8083
0.959099 0.0305881 -0.281414 -9.41127 -0.0284808 0.999527 0.0115765 0.0872526 0.281635 -0.00308815 0.959517 10.9027
0.955553 0.0310776 -0.293177 -9.44027 -0.0271546 0.999479 0.0174428 0.088265 0.293566 -0.00870641 0.955899 10.9939
0.951767 0.0281099 -0.305531 -9.47177 -0.0244576 0.999576 0.015776 0.0891385 0.305845 -0.00754254 0.952051 11.0866
0.948195 0.0272932 -0.316513 -9.50354 -0.0250291 0.999624 0.0112177 0.0904389 0.3167 -0.0027145 0.948522 11.1758
0.94534 0.0233148 -0.325253 -9.53708 -0.0229229 0.999725 0.00503763 0.0905588 0.32528 0.00269346 0.945614 11.2663
0.942871 0.0200392 -0.332554 -9.57096 -0.0214485 0.99977 -0.000567307 0.0917328 0.332466 0.00766769 0.943084 11.3565
0.940238 0.019795 -0.339943 -9.60642 -0.0220127 0.999754 -0.00266816 0.0921703 0.339807 0.00999177 0.940442 11.4484
0.937268 0.0244426 -0.347752 -9.64238 -0.0270461 0.999631 -0.0026338 0.0911111 0.347559 0.0118739 0.937583 11.5375
0.934449 0.0245221 -0.35525 -9.67993 -0.0262734 0.999655 -0.000105466 0.0905174 0.355125 0.00943217 0.934771 11.6289
0.931319 0.0246945 -0.363366 -9.71617 -0.0241651 0.99969 0.00600348 0.0923194 0.363401 0.0031896 0.931627 11.721
0.928541 0.0263489 -0.370295 -9.75336 -0.0226121 0.99964 0.0144295 0.0926607 0.370542 -0.00502526 0.928802 11.813
0.925996 0.035615 -0.375849 -9.79338 -0.0299582 0.999333 0.0208864 0.0931205 0.376342 -0.00808102 0.926446 11.9057
0.923181 0.0425921 -0.381998 -9.8333 -0.0386666 0.999091 0.0179506 0.0930938 0.382415 -0.00180111 0.923989 11.9949
0.921091 0.0395626 -0.387333 -9.87284 -0.0385989 0.999202 0.0102699 0.0952009 0.38743 0.00549115 0.921883 12.0845
0.919033 0.0315624 -0.392915 -9.9107 -0.0331778 0.999446 0.00268104 0.0975831 0.392782 0.0105721 0.919571 12.1753
0.917663 0.0322133 -0.396051 -9.95228 -0.0340344 0.999418 0.00243009 0.0969317 0.395899 0.0112494 0.918225 12.2634
0.915389 0.0384759 -0.400727 -9.99409 -0.038646 0.999224 0.00766077 0.0971486 0.400711 0.00847392 0.916165 12.3538
0.912939 0.0403029 -0.406102 -10.0356 -0.039088 0.999172 0.0112892 0.0990582 0.406221 0.00556741 0.913758 12.4434
0.910601 0.0367925 -0.411645 -10.0766 -0.0359583 0.999305 0.0097737 0.0989091 0.411718 0.00590209 0.911292 12.5343
0.908798 0.035418 -0.41573 -10.1221 -0.037178 0.999301 0.00386285 0.0986784 0.415576 0.0119455 0.90948 12.6232
0.906721 0.0330874 -0.420431 -10.1658 -0.0377841 0.999282 -0.00284469 0.0998341 0.420035 0.018465 0.90732 12.7128
0.904681 0.0332928 -0.424786 -10.2105 -0.0387004 0.999242 -0.00410541 0.100321 0.424328 0.0201535 0.905284 12.8013
0.902563 0.0358089 -0.429067 -10.2541 -0.0396231 0.999215 4.2888e-05 0.0999371 0.428731 0.0169623 0.903273 12.891
0.900749 0.0379353 -0.432681 -10.2998 -0.0408438 0.999162 0.00257357 0.0987952 0.432416 0.0153542 0.901543 12.9788
0.898477 0.0390479 -0.437281 -10.345 -0.0417721 0.999121 0.00338979 0.0985307 0.437029 0.0152205 0.899319 13.0682
0.896524 0.0370329 -0.441444 -10.3913 -0.0399709 0.999197 0.0026465 0.0991305 0.441188 0.0152723 0.897285 13.1545
0.894422 0.0351377 -0.445841 -10.4363 -0.0382742 0.999265 0.00197059 0.0992044 0.445583 0.0153017 0.89511 13.2423
0.892171 0.0338459 -0.450428 -10.4813 -0.0368916 0.999317 0.00201856 0.100224 0.450189 0.0148161 0.89281 13.3313
0.89039 0.0356867 -0.453797 -10.5337 -0.0383526 0.999259 0.00333089 0.0992887 0.45358 0.0144385 0.891099 13.4287
0.888262 0.0359043 -0.457932 -10.5802 -0.0387781 0.999243 0.003127 0.0988688 0.457698 0.0149802 0.888982 13.5133
0.886172 0.0335678 -0.462139 -10.6262 -0.0380227 0.999277 -0.000327158 0.0981055 0.461794 0.0178617 0.886807 13.5973
0.883939 0.0301369 -0.466631 -10.6715 -0.0365268 0.999322 -0.00465239 0.0978497 0.466174 0.0211569 0.88444 13.6812
0.881942 0.0286599 -0.470485 -10.7177 -0.0362638 0.999317 -0.00710391 0.0970651 0.46996 0.0233268 0.882379 13.7647
0.88029 0.0304778 -0.473455 -10.7634 -0.0364885 0.999328 -0.00351283 0.0972634 0.47303 0.020368 0.880811 13.8459
0.878803 0.0345545 -0.475932 -10.8133 -0.0364489 0.999322 0.00525207 0.0970282 0.47579 0.0127317 0.879467 13.9336
0.877303 0.0359115 -0.478591 -10.8581 -0.0330381 0.99935 0.0144252 0.0979225 0.478798 0.00315644 0.87792 14.0158
0.875905 0.0351212 -0.481203 -10.9044 -0.0297061 0.999381 0.0188687 0.098788 0.481568 -0.00223258 0.876406 14.0966
0.874617 0.0323548 -0.483734 -10.9482 -0.0268585 0.999472 0.0182886 0.10034 0.48407 -0.00300315 0.875024 14.1729
0.872801 0.0306781 -0.487111 -10.9914 -0.0268724 0.999529 0.0148002 0.100838 0.487335 0.000172173 0.873215 14.2487
0.871336 0.0285396 -0.489856 -11.0337 -0.026023 0.99959 0.0119486 0.102091 0.489996 0.00233625 0.871722 14.3213
0.870056 0.0267819 -0.492225 -11.0761 -0.024779 0.999637 0.0105908 0.103207 0.49233 0.00298223 0.870404 14.3929
0.868751 0.0253634 -0.494599 -11.1172 -0.0232064 0.999676 0.0105027 0.103205 0.494705 0.00235357 0.869058 14.4627
0.867137 0.0251488 -0.497435 -11.1558 -0.0224296 0.999683 0.0114412 0.103901 0.497565 0.00123617 0.867426 14.5314
0.865868 0.0247261 -0.499662 -11.1941 -0.0210211 0.999694 0.013043 0.10413 0.499831 -0.000790034 0.866122 14.5966
0.864972 0.0235602 -0.501266 -11.2315 -0.0190481 0.999719 0.0141193 0.10391 0.501458 -0.00266466 0.865178 14.6558
0.863831 0.0222721 -0.503289 -11.2676 -0.0176436 0.999747 0.013959 0.105287 0.503472 -0.00317844 0.864006 14.7154
0.862706 0.021177 -0.505262 -11.3024 -0.0171434 0.999773 0.012632 0.106197 0.505415 -0.00223579 0.862874 14.7719
0.861556 0.0213637 -0.507214 -11.3361 -0.019338 0.99977 0.00926228 0.10575 0.507295 0.00182854 0.861771 14.8254
0.85986 0.0185857 -0.510192 -11.3678 -0.0185443 0.999815 0.00516814 0.105632 0.510193 0.00501729 0.860045 14.8784
0.857771 0.0148251 -0.513818 -11.3987 -0.0155508 0.999875 0.00288843 0.106416 0.513796 0.00551269 0.857895 14.9285
0.855349 0.00987691 -0.517958 -11.4283 -0.0101871 0.999946 0.00224501 0.109534 0.517951 0.00335623 0.855403 14.9769
0.851719 0.0111063 -0.523881 -11.4558 -0.010451 0.999937 0.00420766 0.108453 0.523895 0.00189134 0.851781 15.0226
0.848169 0.0146156 -0.529524 -11.4845 -0.013365 0.999892 0.00619078 0.10808 0.529557 0.00182628 0.848272 15.0648
0.844837 0.0204981 -0.534631 -11.5129 -0.0177327 0.99979 0.010311 0.108306 0.53473 0.000769328 0.845023 15.1058
0.840717 0.0254607 -0.540877 -11.5382 -0.0190595 0.999666 0.0174321 0.107643 0.54114 -0.00434665 0.840921 15.1447
0.836286 0.0271086 -0.547622 -11.5629 -0.0180774 0.999597 0.021876 0.107387 0.547995 -0.008395 0.83644 15.1805
0.831271 0.023844 -0.555355 -11.588 -0.0137387 0.999656 0.0223554 0.109321 0.555697 -0.0109535 0.831313 15.2166
0.824713 0.0223175 -0.565111 -11.6102 -0.0105392 0.999654 0.0240979 0.108639 0.565454 -0.013918 0.824663 15.2484
0.816576 0.0200408 -0.57689 -11.633 -0.00719568 0.999673 0.0245426 0.110608 0.577193 -0.0158898 0.816453 15.2783
0.807043 0.0202812 -0.590144 -11.6559 -0.00667366 0.999659 0.0252283 0.111497 0.590455 -0.0164219 0.806904 15.3065
0.795363 0.0217049 -0.605744 -11.6782 -0.0081828 0.999652 0.0250751 0.111308 0.606078 -0.0149871 0.795264 15.332
0.781851 0.0201541 -0.62314 -11.6989 -0.00761855 0.999712 0.0227746 0.111371 0.623419 -0.0130589 0.781779 15.3558
0.768215 0.0177748 -0.639945 -11.7214 -0.00825877 0.999806 0.017856 0.111744 0.640138 -0.00843213 0.768214 15.378
0.753891 0.0138769 -0.656853 -11.7417 -0.0077938 0.999895 0.0121789 0.112982 0.656953 -0.00406221 0.75392 15.3981
0.738997 0.0141374 -0.673561 -11.7622 -0.0112673 0.999899 0.00862508 0.112865 0.673615 0.00121529 0.739082 15.4169
0.724491 0.0179075 -0.689052 -11.7856 -0.0186634 0.999806 0.00636031 0.113665 0.689031 0.00825206 0.724684 15.4358
0.708103 0.0194073 -0.705842 -11.8085 -0.0208841 0.999761 0.00653764 0.114322 0.7058 0.0101115 0.708339 15.454
0.689308 0.0174291 -0.724258 -11.8298 -0.0172229 0.999822 0.00766873 0.115718 0.724263 0.00718768 0.689486 15.475
0.670601 0.016116 -0.741643 -11.8546 -0.014073 0.99986 0.00900219 0.11697 0.741684 0.00440029 0.670735 15.4951
0.649137 0.0172082 -0.760477 -11.8794 -0.0135753 0.999847 0.0110369 0.118254 0.76055 0.00315922 0.649272 15.513
0.625549 0.0212117 -0.779897 -11.9046 -0.0167062 0.999765 0.0137919 0.119335 0.780006 0.0044016 0.625756 15.5297
0.602732 0.0252084 -0.797545 -11.932 -0.018541 0.999673 0.0175851 0.119577 0.797728 0.00418816 0.603003 15.5464
0.577726 0.0279295 -0.815753 -11.9581 -0.0197995 0.9996 0.0202017 0.119954 0.815991 0.0044804 0.578048 15.5621
0.552281 0.0308979 -0.833085 -11.9851 -0.0222201 0.999503 0.0223396 0.120181 0.833362 0.00617351 0.552694 15.5766
0.52813 0.0352828 -0.84843 -12.0138 -0.0262475 0.999337 0.0252199 0.120298 0.848758 0.00894983 0.528706 15.5884
0.501119 0.038508 -0.864521 -12.0413 -0.0278432 0.99921 0.0283681 0.119977 0.86493 0.00985526 0.501795 15.6007
0.472449 0.0374968 -0.88056 -12.0694 -0.0261843 0.999251 0.0285023 0.120769 0.880969 0.00959096 0.473076 15.6121
0.44287 0.0350179 -0.895902 -12.0998 -0.0258972 0.99932 0.0262585 0.120781 0.896212 0.0115722 0.443476 15.6221
0.409583 0.0305872 -0.91176 -12.1333 -0.024725 0.999443 0.0224217 0.121892 0.911938 0.0133597 0.410111 15.6324
0.372173 0.0282675 -0.927733 -12.1682 -0.0234934 0.999503 0.0210296 0.122989 0.927866 0.013969 0.372652 15.6419
0.33445 0.0274856 -0.942012 -12.2062 -0.0224255 0.999524 0.0212017 0.124303 0.942147 0.0140342 0.334907 15.6477
0.292713 0.0256897 -0.955855 -12.2468 -0.020358 0.99958 0.0206306 0.125652 0.955983 0.0134204 0.293113 15.6551
0.247046 0.0226883 -0.968738 -12.2919 -0.018583 0.999653 0.0186733 0.128099 0.968826 0.0133889 0.247382 15.6618
0.202227 0.0211911 -0.979109 -12.3371 -0.017538 0.999684 0.018014 0.12981 0.979182 0.0135287 0.202535 15.663
0.154391 0.0209925 -0.987787 -12.3859 -0.0159824 0.999696 0.0187475 0.13155 0.98788 0.0128928 0.15468 15.6641
0.103685 0.0220129 -0.994367 -12.4375 -0.0145201 0.999682 0.0206165 0.133894 0.994504 0.0123006 0.103971 15.6642
0.0524736 0.0241218 -0.998331 -12.4914 -0.0100932 0.99967 0.0236237 0.136299 0.998571 0.00883674 0.0526997 15.6616
-4.51314e-05 0.0250996 -0.999685 -12.5471 -0.00630467 0.999665 0.0250994 0.139592 0.99998 0.00630381 0.000113128 15.6571
-0.0524283 0.0273462 -0.99825 -12.603 -0.000933762 0.999623 0.0274329 0.140849 0.998624 0.00237039 -0.0523831 15.6494
-0.103953 0.0292068 -0.994153 -12.6627 0.0025891 0.999573 0.0290953 0.142799 0.994579 0.000450588 -0.103984 15.6366
-0.154161 0.0314019 -0.987547 -12.7222 0.00622304 0.999506 0.0308107 0.144633 0.988026 -0.00139573 -0.15428 15.6211
-0.20229 0.0321297 -0.978798 -12.7848 0.0102416 0.999476 0.0306918 0.148424 0.979272 -0.00381581 -0.202513 15.6019
-0.25004 0.0333669 -0.96766 -12.8476 0.0148268 0.999421 0.0306309 0.151775 0.968122 -0.00668834 -0.25039 15.5807
-0.295575 0.0346654 -0.95469 -12.9134 0.0203647 0.999343 0.0299818 0.154641 0.955102 -0.0105801 -0.296087 15.5542
-0.339147 0.0376522 -0.939979 -12.9797 0.0266724 0.999182 0.0304001 0.155958 0.940355 -0.0147614 -0.339874 15.5248
