1 0 0 0 0 1 0 0 0 0 1 0
0.9999790031303131 0.0005707660054098066 -0.006455038704161237 -0.004296687711479083 -0.0005695880825723383 0.9999998207981211 0.00018431804616533522 -0.013429508181379985 0.0064551427498811065 -0.00018063746294490549 0.9999791490337114 0.1269951542241701
0.9999066309851555 0.0012725129680674972 -0.01360551442107277 -0.011044014198353408 -0.001273612954494462 0.9999991863493967 -7.218439455207489e-05 -0.028823985248740646 0.013605411495359593 8.950581418550797e-05 0.9999074380995229 0.24642195783699922
0.999772700618805 0.0019010708662680082 -0.021235183704008658 -0.021721755311703148 -0.0019212461115107912 0.9999977222099714 -0.0009297248239509936 -0.05161733300059727 0.021233367861942496 0.0009703115121923719 0.9997740757715261 0.36450174100987376
0.9995439136100219 0.0028291598034788563 -0.030065937869423392 -0.0370625837153854 -0.002901058875292623 0.9999930352883699 -0.0023480272903178777 -0.0792983441085163 0.030059085524408984 0.002434179442927553 0.9995451596340592 0.4863798932632532
0.99917003501584 0.003410691960784258 -0.04059074163887982 -0.05431730175879769 -0.0035700781742360344 0.9999861973335346 -0.0038548260983269226 -0.10884536365983258 0.04057703375402758 0.003996538848446302 0.9991684202420323 0.6057760900820797
0.9985634631708792 0.0035635881646463165 -0.05346317292841416 -0.07294832822072819 -0.0038213677254639758 0.9999815583596205 -0.004720178955553363 -0.13592333703263337 0.05344536620594442 0.004917700688173209 0.9985586658033945 0.7302558564156294
0.9976081586092569 0.003650396152153491 -0.06902634630473417 -0.09570364745478971 -0.003979847136763063 0.9999813344014549 -0.004635910423469581 -0.1581090134821433 0.0690081349770934 0.004899536367737057 0.9976040656745372 0.8580696243733377
0.9961797637851153 0.002580367052770237 -0.08728814312898005 -0.12390611429682 -0.0029920927229666176 0.9999850062811344 -0.0045863486627779615 -0.18677796499336957 0.08727499989211972 0.004830001945379817 0.996172548043279 0.9772641815774689
0.9942524134962484 0.0014811341405771585 -0.10705113030016744 -0.15745301155273955 -0.002003259129528928 0.99998661706992 -0.004769972108638397 -0.21765106086885255 0.10704263267383592 0.004957007435423713 0.9942420745812062 1.1192943503199826
0.9916961328945421 0.0013244481530458277 -0.12859636790788778 -0.19775882584139878 -0.0020156327328800026 0.9999842142913277 -0.005244844405891294 -0.25492563056134904 0.12858739139860126 0.005460494963440584 0.9916831478693475 1.2672814261358791
0.9883995287659159 0.004284238648554442 -0.15181573315871444 -0.2485891133779033 -0.005353595434028111 0.999963652388342 -0.006635730411628445 -0.3013343685853753 0.1517817859667111 0.007371512827723334 0.988386538884149 1.4297257773846834
0.9844366251629132 0.008190235189161683 -0.17554899910110755 -0.3045160589210079 -0.009772237526245548 0.9999190440283984 -0.008149157199633493 -0.3491733910542301 0.1754680438472632 0.009737835328239939 0.9844369660631077 1.602031729507232
0.9793828322797801 0.010981397281604978 -0.20171434443137792 -0.36721002873833164 -0.013085493857312188 0.9998729671096893 -0.009100521621108222 -0.38905715027969606 0.2015887836317965 0.011552426455492891 0.9794021154545486 1.776321641550558
0.9730450672297498 0.011883135891736485 -0.2303086802993575 -0.4320506025718023 -0.014404154203059035 0.9998533015915428 -0.009267989975519498 -0.4190233164189827 0.23016476159818136 0.012335573674148979 0.9730734895888308 1.9585526347459388
0.9653718577536673 0.013543673806770339 -0.26052590112511004 -0.4997329643022721 -0.016442066508011707 0.9998247728971498 -0.008948851887789022 -0.4423045181675412 0.26035904959532513 0.01292255396503603 0.965425384425354 2.12323026702978
0.9561287321115818 0.015186260457754275 -0.2925529441383382 -0.5744916604328434 -0.018283124129617863 0.9998019999254765 -0.007854191051831445 -0.46015561020001045 0.2923757428425987 0.012858399524316121 0.956217070836384 2.287729219064411
0.9448623147963336 0.01737946090312566 -0.3270063614311378 -0.6562119521910061 -0.020670470417244857 0.9997646158797353 -0.00659124324959255 -0.47591316726669086 0.3268148370720721 0.012987192674408931 0.9449991508440604 2.446608776032943
0.9313195175678505 0.020073374639925104 -0.3636495783412273 -0.7495636705821627 -0.02373610366222528 0.9997025427845805 -0.005605651878222978 -0.4822630124602501 0.363428883800013 0.013852277091111819 0.9315189535587935 2.6229779171090395
0.9157042106385209 0.023786058629388207 -0.4011483790740817 -0.8586631268556496 -0.02785750790047931 0.9996025729966876 -0.004319179548917675 -0.485953157422264 0.4008862156179215 0.0151300850387684 0.9160029053743568 2.817986782144526
0.897210222804474 0.026214532119315914 -0.4408249248861868 -0.9759176215498702 -0.03059367982975875 0.9995279021647333 -0.002828347333895966 -0.4916336540525535 0.44054266859138763 0.016024078754558684 0.897588650803055 3.013657748626037
0.8769442007496875 0.023720676823269653 -0.480006456480055 -1.1184368158544897 -0.02839986266764989 0.99959354724569 -0.0024875902470115918 -0.49569433954670966 0.47975234920941423 0.015813595284577115 0.877261428328082 3.2488707796693754
0.8541749115442079 0.01965025446974497 -0.5196143646856975 -1.2762102718487993 -0.02437950265251161 0.9997001964732152 -0.0022709077110712886 -0.49240515515731537 0.5194139585521969 0.014607692175367462 0.8543978903242035 3.5019854468814686
0.8275351021269385 0.021253550363624592 -0.5610115340567431 -1.4528366010668377 -0.02485618142628536 0.9996903077430724 0.0012078284089065792 -0.4868629751739542 0.560863463770518 0.012945084067036735 0.8278071030172652 3.738365826814708
0.7981048969827915 0.026613186569476838 -0.601930487442452 -1.6497007964443853 -0.02945812173431899 0.9995528279832568 0.005134504314980222 -0.4725585196940212 0.6017979664937195 0.01363386853731271 0.7985319812961373 3.957032874273466
0.7654147219524017 0.030654630787650624 -0.6428068115925675 -1.8769437901587704 -0.033789420617082774 0.9994013870395414 0.007425808898912901 -0.4553722944446146 0.642649654534173 0.01603624627879403 0.765992336993261 4.177812579296406
0.7288717782342472 0.031440094959440536 -0.6839279576991933 -2.1364706378232112 -0.03495875365032917 0.9993510261097672 0.008684017306029232 -0.44509268405093616 0.6837571326405774 0.017579733851716323 0.7294978660152763 4.4036126805290845
0.6881593361411684 0.029040287893772342 -0.7249781995072647 -2.43526887832287 -0.0309465823089049 0.9994641890483604 0.010660387108465908 -0.43985536405746467 0.7248993289589576 0.015099552607643448 0.6886893104919704 4.6380450724797635
0.6431319945204353 0.026645070600820327 -0.7652916292739953 -2.7574388780076533 -0.026759248218963583 0.9995660602143779 0.012313971831374212 -0.4376586439235986 0.765287645437273 0.012559119403257723 0.6435659160186258 4.861602751144538
0.594591267417057 0.027025766082425882 -0.8035737879492071 -3.1037067249033363 -0.025007323393693676 0.9995730115620712 0.0151138457520041 -0.4244556688165641 0.8036391344926299 0.011108668884711211 0.5950132258929623 5.05822941278547
0.5421134498250817 0.028942776417213597 -0.8398067177702343 -3.49314931993627 -0.0238962178217242 0.999533458111903 0.01902201063712048 -0.41183367535785786 0.8399654625593652 0.009756116446885973 0.5425521540822686 5.24270883975922
0.4884762966929287 0.030620826226411282 -0.8720397196059224 -3.897134276132224 -0.022848178281343626 0.9994902581769898 0.022297635715910976 -0.3855515090815456 0.87227797651803 0.009032652462452828 0.4889269299916981 5.41252079392146
0.43298747567731166 0.032444946539769925 -0.9008158365340958 -4.30543954901706 -0.02114482364879852 0.9994426025008689 0.0258337132281235 -0.35855174325227407 0.9011518974842441 0.007861917725541583 0.43343217221409197 5.5554459423465135
0.376212194826533 0.03501105543486809 -0.9258718110306311 -4.747380199267297 -0.019021105615481444 0.9993670571524587 0.030061314335875514 -0.3397223467421921 0.9263382654327575 0.006301672458340646 0.3766400229917956 5.686864126209185
0.3196317331506044 0.03744796283289041 -0.9468015659275224 -5.183873943852312 -0.017010908675233652 0.9992844791676034 0.03378104025597843 -0.3305928733953854 0.9473891408229178 0.0053084625269125595 0.3200400538626636 5.7899865552305885
0.2619826693587916 0.04033059429343598 -0.9642294976402567 -5.6396734668344335 -0.013879130331425326 0.9991805318282185 0.03802150124236922 -0.327617694299484 0.964972771997681 0.0034216924786493767 0.2623277364742358 5.8751385252751955
0.20536604909900008 0.042432982960503025 -0.9777649144014846 -6.100031117083073 -0.008722295286646971 0.9990993153621184 0.04152685405711446 -0.3267461083061081 0.9786463648542322 1.4835511245778657e-07 0.20555119206070854 5.94660384753336
0.14968498970129027 0.04321992944412008 -0.9877886623954395 -6.556635829774818 -0.004827610020962252 0.9990641947696193 0.04298172763884518 -0.3277515706363921 0.9887219518345959 -0.0016650610137910918 0.14975356266950765 5.992250683412918
0.09689699988466546 0.044044549030661906 -0.9943193898914163 -7.0153362740245635 -0.004795242261469033 0.9990294298869475 0.04378588666930025 -0.33140202085162157 0.9952828628410154 0.0005252813042602522 0.09701415883543174 6.008306612743487
0.04927572785137006 0.04439936429114843 -0.9977978748700866 -7.476592802174521 -0.005521461534274056 0.9990083044709478 0.04418055070514462 -0.3355589677206923 0.9987699515440207 0.0033322737922052074 0.04947201071444851 6.001525552146609
0.006751764607219268 0.04329680318207764 -0.9990394389156529 -7.935973414268764 -0.006278911962682084 0.9990443515859446 0.04325458159301947 -0.3329288055995192 0.9999574935662296 0.00598083593109885 0.0070171691095258035 5.97498335661133
-0.03217241773236368 0.0406240672304651 -0.9986564077293603 -8.384112170410184 -0.005197233998061764 0.9991533379505911 0.0408117142615202 -0.3245808612915798 0.9994688210724865 0.006503262554228741 -0.03193404578388255 5.940073008571812
-0.06653024512515933 0.03732934575442886 -0.9970858771585995 -8.856296482073411 -0.005024528153147112 0.9992747129270914 0.03774655244283793 -0.310878103747908 0.9977717577684921 0.00752117344754044 -0.06629442924973121 5.8914438472678246
-0.09643002445164364 0.03478187371066004 -0.9947318591688072 -9.344281706528943 -0.00543083034522119 0.9993559841539554 0.03547002984834532 -0.2962463553495783 0.995324950187635 0.008822595811708705 -0.0961790275326511 5.823490117701515
-0.11978557288138368 0.031891581342524046 -0.9922874299158247 -9.848115741670991 -0.006824758725598787 0.9994338604307399 0.03294512547931396 -0.27802462931149974 0.9927763288867324 0.010718473024808696 -0.11950010518070879 5.74257064921155
-0.13715752763626318 0.03086768818455262 -0.9900681786820794 -10.385021804906602 -0.00738246439753767 0.9994547264735912 0.03218305375535634 -0.2546474636086924 0.9905217371830505 0.011723291165125029 -0.13685485965843894 5.651272972249892
-0.15034827914533175 0.03114649336669708 -0.9881423434450105 -10.951732899076939 -0.007811940410092434 0.9994349749288356 0.03269104580812548 -0.23033228995409347 0.9886022296884971 0.012634351584394368 -0.1500200140480445 5.553113967526743
-0.16036210791155703 0.03144148834973577 -0.9865573613107946 -11.534263160337453 -0.01054920122066596 0.9993808637540391 0.033564914953555194 -0.20574618492924845 0.9870018787721583 0.01578993263402104 -0.1599311393307919 5.445143607869638
-0.16810110646765455 0.03190683863536221 -0.9852532525460899 -12.125808156078133 -0.013444905440857406 0.9993088608957388 0.0346559526337131 -0.1792760258712779 0.985678067384092 0.01907234079919714 -0.16755594079113623 5.3299458233698855
-0.17372460604020107 0.032535817305945985 -0.9842566646197591 -12.686438178414475 -0.01419405731452112 0.9992675455938753 0.035537319253807965 -0.15615682743075426 0.9846919772157844 0.020144302296904854 -0.17313554543143947 5.219347068874759
-0.17565011343417983 0.033124229034095794 -0.9838952297381355 -13.275397450225787 -0.013116963230075095 0.9992662999819223 0.035983426685941025 -0.1330662344778561 0.9843652690572654 0.01922621052985741 -0.1750867496485132 5.107229073954392
-0.17501746349846634 0.03479849393286675 -0.9839501777481262 -13.859146372719778 -0.01246241840955806 0.9992168433003231 0.03755513536556433 -0.1078692548557438 0.9844864527244396 0.018835203342278756 -0.17444672400795339 4.998073746263809
-0.1729844686749585 0.036888391048996494 -0.9842335191422108 -14.46982676324977 -0.01409906777913246 0.9991032556610769 0.03992368739481954 -0.08246203212214606 0.9848236338984783 0.020782952948418053 -0.17230925390628987 4.885422189871654
-0.17055798101179778 0.03659897332503306 -0.9846677055051288 -15.087354884967263 -0.016824730929683143 0.9990560956625822 0.04004804799967577 -0.06028616650240645 0.9852039908274457 0.023397283410560497 -0.16978122271524337 4.773467086609159
-0.1683023581011804 0.03375360576656202 -0.9851573530940829 -15.722626084714104 -0.018713041691327557 0.9991240610830834 0.037429034659054596 -0.038980187891908616 0.985557780309325 0.024734685415537135 -0.1675233028839686 4.662462805430111
-0.16630929538131056 0.03320639015847444 -0.9855143600792515 -16.3926866101847 -0.01894668123009795 0.999140707688001 0.03686284730034012 -0.015898676579046558 0.9858915972560774 0.024802860588373925 -0.16553723619324073 4.545592010799865
-0.16409456858362184 0.03592568547196684 -0.985790199629072 -17.062898853096712 -0.018798374770649526 0.9990412330618498 0.03953777621773326 0.007966830532899087 0.9862654782903737 0.025019187949065397 -0.1632618956371395 4.427672920458223
-0.16203034858431398 0.03972154700625515 -0.9859859861281379 -17.7518104413831 -0.019838770831636723 0.9988564232199123 0.043500217978950005 0.033547682729441364 0.9865863314021425 0.026609105504624357 -0.1610570277718684 4.307378015959325
-0.1594801155026962 0.04178904691333642 -0.98631626181328 -18.473241175052923 -0.020614098092136626 0.9987448362266113 0.045648779507569 0.0613947047465149 0.9869858923607254 0.02761209279931265 -0.15841849832689306 4.182843938813053
-0.1576163748362273 0.0409483898600124 -0.9866510567325003 -19.171716412474634 -0.022691623237840002 0.9987258788357783 0.0450744847839413 0.08367026699820876 0.9872396713150869 0.029493190935846077 -0.15648636704232108 4.06224469094163
-0.15640501150126573 0.037641513646629925 -0.9869754752919044 -19.887293428957484 -0.025724095805553078 0.9987793134269112 0.042168162936722174 0.1062891350254187 0.9873579610618829 0.03198436369324547 -0.15524579610045053 3.9424772736715856
-0.15590726155494666 0.03644340603323284 -0.9870991864808398 -20.61464395402865 -0.027039647321403376 0.9987872090674418 0.04114569814704635 0.1330296997682226 0.9874015309220332 0.03310572699655848 -0.15473276179548365 3.8194517531910157
-0.15530067872460063 0.03890015161664119 -0.9871010472043283 -21.342386532585 -0.02468826572368087 0.9987594622399456 0.04324379865060948 0.15734244812364082 0.9875587014062699 0.031085604230573684 -0.1541476450886777 3.698779367123036
-0.15503465933835234 0.04140375161340759 -0.9870410243531812 -22.070089373411193 -0.02267561340440424 0.9987090030729959 0.04545485384069948 0.18128908040163175 0.9876487589019579 0.02942883846298728 -0.15389565460448992 3.5762597749898166
-0.15466525004549017 0.042929835942230446 -0.9870337834209829 -22.831944935922355 -0.021666246693406516 0.998667833832575 0.04683088107621847 0.2099389936458651 0.987729332450236 0.028628427377829294 -0.15352908181607158 3.4483388738033622
-0.15420629741829134 0.03913490649684785 -0.9872633270460447 -23.57919286235604 -0.021618391926824753 0.9988424163669286 0.042970599213597464 0.23775478738038447 0.987802137559462 0.02796938254163651 -0.15318175698561506 3.3261093790585727
-0.15397935219582215 0.03215619634005423 -0.9875506762360583 -24.305348975611572 -0.02082550289764126 0.9991426499007229 0.03578077107084509 0.26228244414096513 0.9878545730654985 0.026075739420077293 -0.15317766902287364 3.209318360596779
-0.15409145690616394 0.02736202640484778 -0.9876776510681797 -25.04131850375403 -0.01778698275734466 0.9993776764282445 0.03046117366870762 0.28041505419364676 0.9878964754228695 0.022261611979047167 -0.1535088742684562 3.09101950641159
-0.15490662163324917 0.02788388324205326 -0.9875355323377067 -25.82576631942212 -0.016808875324546058 0.999382522740866 0.030855063610829982 0.3012700301974082 0.9877861105950518 0.021379015305856352 -0.15434227360012165 2.961209762484861
-0.1560758748536202 0.034696665864931364 -0.9871354834401079 -26.630872663084126 -0.018312587991072455 0.9991094362988667 0.03801293752964239 0.3252556072360298 0.9875752986024658 0.02400990788030171 -0.15530149359820467 2.8238187845105873
-0.15655289195263128 0.04220125127429641 -0.9867675746659659 -27.452150287941542 -0.020932791232779222 0.9987205499668866 0.04603348047939761 0.34495016836133713 0.9874477253366256 0.027862474131453183 -0.15546920036715167 2.685360311805436
-0.15667335458553558 0.0473128934280991 -0.9865165736460678 -28.299843516012842 -0.023567901126373383 0.9983883982426258 0.051625190469617784 0.3686677049635717 0.9873692389371951 0.031338416839211354 -0.15530579393763586 2.5441399583322575
-0.15664014259099326 0.047626529981157795 -0.9865067558668963 -29.155129130945916 -0.02538885138842559 0.9983124080281263 0.05222779147411082 0.39985955430890757 0.9873293634619873 0.0332272421220998 -0.15516661505204565 2.4013796253758426
-0.1565401351706161 0.04370625160729192 -0.9867040841362755 -29.980309417327277 -0.026251842498157932 0.9984833358829704 0.04839285824860717 0.42700344619106745 0.9873226558963492 0.033478224780564045 -0.1551553467313485 2.266765462828569
-0.15642638776080642 0.04029158341545476 -0.9868674548884377 -30.82872730285007 -0.026964517221440856 0.9986209559974181 0.045045544217161865 0.45328246108714315 0.9873214775457507 0.03365671624922902 -0.1551242257940343 2.1266447101776285
-0.15649193904307146 0.040803668858039696 -0.9868360216481078 -31.709787670150753 -0.028946425367241926 0.9985276002923759 0.04587740089424116 0.4821347205078856 0.987254970852516 0.03574481867453894 -0.15508040000247014 1.9821288120806584
-0.15647723409674244 0.04324048703422056 -0.9867345820890631 -32.58355149661222 -0.030219376653961773 0.9983638778255707 0.048542318936549596 0.5105836291949004 0.9872191572716177 0.03741427179747208 -0.1549145176598557 1.840201604921668
-0.15638564473502917 0.04150388613068918 -0.9868236709548778 -33.42636152835072 -0.03132677052106159 0.998405637560405 0.04695547184646563 0.5301950285628966 0.9871991509161326 0.038257160423302 -0.1548361266204236 1.701331352663469
-0.15552930140770027 0.036168502536643124 -0.9871689196018534 -34.24647457660715 -0.032759174128872935 0.998590968371055 0.041748226287529486 0.5488085677855667 0.9872879381994037 0.03883191100135845 -0.15412530543021086 1.5627237876773101
-0.15461332399192107 0.03172305207371609 -0.9874656287746415 -35.04511363522319 -0.033723595523420094 0.9987324730400539 0.03736531011877526 0.5664281752770205 0.9873993311467981 0.03907806625752843 -0.1533475320584923 1.4274239980784673
-0.1540183909876458 0.032236945695025325 -0.9875419558529315 -35.86466415771009 -0.03327958148349769 0.9987312920639799 0.03779253508959532 0.5832381076059883 0.9875073694377489 0.03868572843402384 -0.15275015457167027 1.2941162348204491
-0.15330604307036477 0.03515755906140469 -0.9875531394304575 -36.68528967163179 -0.03250418905160765 0.9986467084412052 0.04059839176181908 0.5976149216113572 0.9876440324591692 0.03832359273858111 -0.15195580735004066 1.1624524382852812
-0.15284032733932168 0.03984815764600857 -0.9874471928518656 -37.53361897470173 -0.03210258689977956 0.9984592237597624 0.04526148918668953 0.6192595750359343 0.9877293446350343 0.038617390140629086 -0.1513256056507803 1.0291256419425294
-0.15218956969233455 0.04572741474414758 -0.9872929344514122 -38.41041960560344 -0.031151254578831 0.9982109133538147 0.05103500562858787 0.6474624599302402 0.9878602807153601 0.038522409090837595 -0.15049282302758285 0.8942005048928116
-0.1521865731074771 0.04894355847767734 -0.9871391872726697 -39.31774151348353 -0.031657282936406184 0.9980192467486548 0.05436358667650827 0.6852659891103755 0.9878446555015066 0.03952355250723393 -0.1503357089793413 0.7512311010225942
-0.15174626497517407 0.04883694932151669 -0.9872122484283985 -40.23631993408198 -0.031673346531144536 0.9980254372797588 0.054240443048215826 0.7252221838445365 0.987911873694008 0.03949910028742829 -0.14989980283803417 0.6051861715093236
-0.1511305581537404 0.04467766545154312 -0.9875036509309426 -41.13214841580608 -0.03142149564332217 0.9982561748060428 0.04997298343251703 0.7602974210848783 0.9880142934207377 0.03858128654425514 -0.14946317380851584 0.46583976516726655
-0.1505486197098063 0.03988200755743273 -0.9877978227231841 -42.01091889072587 -0.03218555625905927 0.9984585332381221 0.04521777717088227 0.7941702892467367 0.98807854094286 0.03860029633525508 -0.14903292941851323 0.3260875031526875
-0.15031302914606412 0.03643438676796892 -0.9879668662104911 -42.88603265223521 -0.03641053943541299 0.9984387239427558 0.042360207147585 0.8245826089217881 0.9879677453677123 0.0423396975946466 -0.1487517533363465 0.18345079407584128
-0.15013622848541305 0.034315320176375556 -0.9880696188515115 -43.77878385609009 -0.04040287828950348 0.9983496517769058 0.04081152071238694 0.8552197202595924 0.9878394203118762 0.04604814435052568 -0.1485020137229588 0.037725358181656066
-0.15003752230028192 0.03241692202816022 -0.9881487160686973 -44.63318112164651 -0.03844354638720774 0.9985151901872227 0.03859415378722609 0.8749071772726974 0.9879326068326578 0.04377851221315806 -0.14856852366916573 -0.09237709629360044
-0.14995988623568038 0.028779176615424968 -0.9882731360881574 -45.48954376113443 -0.03500168617113457 0.9987951480969581 0.03439671645892015 0.8897261602797553 0.988072322497378 0.03974935384778117 -0.14877188707321276 -0.21914767606912428
-0.14997517956228523 0.027010667793478906 -0.9883207320200326 -46.34230847515934 -0.031288656365563466 0.9989963920883239 0.03205040682039201 0.9058426304008291 0.9881945484053744 0.03572999328106941 -0.14897953578272702 -0.34433606287891644
-0.150792437880327 0.029945979344140315 -0.9881117745474095 -47.22347912034823 -0.030819952377995948 0.9989127913091149 0.034976647844727815 0.9306454740603981 0.9880849008124402 0.035727771833076315 -0.14970556137404495 -0.4813925210767324
-0.15161283859694266 0.035894926551221264 -0.9877879840433685 -48.10730081739717 -0.02914929037355848 0.9987433926796228 0.04076707555758874 0.9551007401224172 0.9880100536144857 0.034974130820974066 -0.1503760091571195 -0.6197733445392676
-0.15233422297028484 0.03953962083176135 -0.9875377982115534 -48.98688611795554 -0.028354536553742433 0.9986132794849382 0.044356941882450505 0.9816331145510133 0.9879222159506618 0.03475825687259289 -0.15100185035395067 -0.7580516706966073
-0.15300911601304618 0.0384330347248707 -0.9874771451829888 -49.84882138042435 -0.029263921840764266 0.9986290264859233 0.04340150156709245 1.0059956310545215 0.9877913915880253 0.03553827938459556 -0.15167464324328803 -0.8966604038195933
-0.1533700024660667 0.03376348258310524 -0.9875918537469929 -50.702298548304555 -0.03294159336323879 0.9986859477111295 0.03925849297945443 1.0299082095916756 0.9876196098550564 0.0385539244200535 -0.15205624334950263 -1.0368665316203038
-0.1539923257331278 0.02911642658021192 -0.9876429503208657 -51.523653915467854 -0.03869800562991296 0.9986210853393924 0.03547382522149076 1.0528425576499847 0.9873139460048022 0.04368250930036843 -0.15265323581782936 -1.1764255199876936
-0.15505420797091563 0.02670208848518197 -0.9875450324218356 -52.33089631687977 -0.04432310484023935 0.9984400149997682 0.03395583638474681 1.0741473129863433 0.9869111687319365 0.049036057323117374 -0.15362880626487613 -1.3133318127514022
-0.15625086244931924 0.027367631916795546 -0.987338179504425 -53.130186885799276 -0.046852757452572835 0.998285435066362 0.035085741455146716 1.09371563790288 0.9866055377418764 0.05174169361002604 -0.1547007111794641 -1.449005590263672
-0.1578077372313935 0.028766238340948054 -0.9870507695157429 -53.90414854900911 -0.047646367750315326 0.9981895170303882 0.0367084694701979 1.1115051268385452 0.9863196954893031 0.052822264456898346 -0.15615142223987713 -1.5766941841326636
-0.1593830945130981 0.028322481352250253 -0.9868104510155338 -54.664564138679 -0.04944865387386399 0.9981046213948893 0.036633255113758374 1.1271680367140582 0.9859776162842107 0.054635169993497226 -0.15768049462850534 -1.7044852840969458
-0.16053480890732366 0.027772752316954256 -0.9866393714817133 -55.371923423048145 -0.04974419546450945 0.998106129914317 0.036189341594655165 1.140604399249369 0.9857758823113291 0.05488923078534685 -0.15884924361518143 -1.8225008073030122
-0.16157708392729409 0.029071415532744598 -0.9864318013671676 -56.08837197188134 -0.04836541336351665 0.9981315677422933 0.03733845559860624 1.157786721617991 0.9856742021275235 0.05374222060201285 -0.15986913706227457 -1.9371093131970976
-0.1622283208151065 0.031639364027213894 -0.9862458732838709 -56.787028266267704 -0.04711163649575644 0.9980976505268631 0.039769004506643196 1.1721722023381205 0.9856279549770314 0.052915315899190615 -0.16042912363746908 -2.0520894883678804
-0.1624622806697493 0.0352015959915209 -0.9860866366599 -57.453068129214074 -0.04682098126061289 0.9979626654741232 0.043339520458561764 1.1868371154660315 0.9856032685991757 0.05321058127322509 -0.16048311738992563 -2.165708737865444
-0.16284897697123785 0.037277776044357634 -0.9859465391757345 -58.10920876367568 -0.04649545090964214 0.9978858697319499 0.04540885413683502 1.1998390972818473 0.9855548608495278 0.05323681435339659 -0.16077144601381108 -2.281743774284415
-0.16287438242974972 0.037349658339944865 -0.985939622172685 -58.76732877639934 -0.04609182593458182 0.9979042172708457 0.045417141423461094 1.2117821163934483 0.98556962165549 0.05284104630826152 -0.16081151916111108 -2.3967797971744704
-0.16246975581550585 0.03538083318530639 -0.9860789902884878 -59.42701196680398 -0.04537211013437454 0.9980319374072399 0.04328537324671361 1.2231020162461792 0.9856697976843999 0.05177304857033864 -0.160544702106701 -2.5078615156204402
-0.16183279126787622 0.032002538078305935 -0.9862991357732167 -60.08386257501624 -0.04432450911013071 0.9982295468060216 0.03966244792737539 1.2368522427442552 0.9858222383181438 0.05013590968549789 -0.1601277770950866 -2.617140179643475
-0.16093703755514208 0.028973639343867943 -0.9865393039135066 -60.74739770070114 -0.044333931392549486 0.9983478340367244 0.03655276735711595 1.250365144912313 0.9859684439525724 0.04961985990865141 -0.1593866275205997 -2.729297622961673
-0.15919089816392312 0.026446296541898805 -0.9868935359708167 -61.43749556187818 -0.04495355238282038 0.9984101161913995 0.03400614672148572 1.263523129127634 0.9862238265576077 0.04977783930521833 -0.15774894815552798 -2.8471571840154204
-0.15646316583592132 0.025209695015057657 -0.9873620151767276 -62.11995223652159 -0.0474776431937225 0.9983265998143241 0.033013232194700426 1.2720535563428523 0.9865420169122913 0.05204297628325462 -0.1550044434402127 -2.9641768344269748
-0.1514585817094416 0.026038110672016508 -0.9881205973054078 -62.77843481433442 -0.04791765470139788 0.9982842916280813 0.03365072742956573 1.2776019383347286 0.9873014718891505 0.05244511303499252 -0.1499510377565454 -3.0715105175609687
-0.14412937521570213 0.0278438470118496 -0.9891670452373107 -63.41580027928096 -0.046613919293853175 0.9983033700049326 0.03489303605108362 1.2831059103041331 0.9884603511158142 0.05113806430025279 -0.14258693015710017 -3.1668933800477266
-0.13473181309516064 0.029510958775621668 -0.9904425484863993 -64.04082626373487 -0.045096442049607235 0.9983380596991176 0.03588076742028929 1.288442981786236 0.9898553679475389 0.04949971584106352 -0.13317705762291376 -3.251825186875287
-0.12381184269759295 0.030646754731889228 -0.9918323467361957 -64.64349603163355 -0.0456373245121845 0.9982894499107595 0.036543245726719 1.2900828421148247 0.9912556997158686 0.04978906126125724 -0.12220142044807315 -3.3260783797472273
-0.10991991221582825 0.03204546879615901 -0.9934237267289812 -65.23467792308742 -0.04746961494571317 0.9981703560489034 0.037450980789708724 1.2917091521500894 0.9928062492527784 0.051274050306561555 -0.10819761184882916 -3.388865096024244
-0.09317488515887329 0.03336086142719206 -0.9950906962184224 -65.818907937455 -0.050240128098478956 0.9980077779485775 0.038162870473677404 1.2918793116730563 0.9943814008237877 0.053549305121336 -0.09131320614644353 -3.4391050613509417
-0.0728615364978988 0.034532711543014565 -0.9967440435400905 -66.3958059050329 -0.0519047122103521 0.9979147444442892 0.03836748194824297 1.2906913996312388 0.9959905106724284 0.05453122641363546 -0.07091719111963586 -3.4731793979743406
-0.04926847435258657 0.03519135085598805 -0.9981654102702101 -66.96593268110644 -0.052727217502849956 0.9978938741426218 0.037784341770575665 1.2906539455242891 0.9973928303178115 0.05449206156459181 -0.04730916673399642 -3.4911855600806136
-0.022577937048658816 0.0355109564413892 -0.9991142120554799 -67.52989810830726 -0.05199642382112906 0.9979746898577665 0.03664546783856948 1.29286874528063 0.9983920115207452 0.052777745081728 -0.020685766982343493 -3.490821503352302
0.008284701608503274 0.035267578589128414 -0.9993435653566369 -68.08224194663083 -0.050553685001534114 0.9981146873098108 0.034805113262325556 1.2965584604202953 0.9986869823182951 0.050232149833520916 0.01005198841418786 -3.4689315636542783
0.04334476767611682 0.03532925463439498 -0.9984353133188342 -68.61214160616736 -0.04986137440565331 0.9982056346899988 0.033156510906835635 1.3010419269441653 0.9978151504449518 0.048346195715008734 0.0450285565214269 -3.423223462232399
0.08262534380582752 0.035869511959033894 -0.9959349530329713 -69.13576842356422 -0.04941991461819017 0.9982700134483196 0.031853607158716164 1.3031778187860652 0.995354572300795 0.04658710510121598 0.08425507129062708 -3.352660927142694
0.1252358561227119 0.03578351243795683 -0.9914814776781314 -69.61949176371176 -0.04942640067125238 0.9983334742337318 0.02978766760071589 1.3041773124412004 0.9908950556228926 0.04527487671997026 0.12679579756480602 -3.254802008080737
0.1715387363063226 0.03660829917917668 -0.9844969753014147 -70.0762315114986 -0.0484074142426141 0.9984155090436829 0.028691349696141313 1.3061049261645765 0.9839873902610606 0.04273527503421733 0.1730390478330713 -3.1367562860629126
0.22095747457256593 0.03561534947434757 -0.9746329264458136 -70.52092479043836 -0.0451182946876672 0.9986363465393854 0.026263793612970168 1.3018109960226179 0.9742392590708866 0.0381705940782687 0.22226306898070447 -2.987356712160102
0.2709479894786012 0.031355243388628946 -0.9620831750475323 -70.9873382698935 -0.03707130722370226 0.9990677696133419 0.022120350371269897 1.2898372352189602 0.9618798808469949 0.029672216497284156 0.27185778339033945 -2.8092092235026103
0.32126595079668435 0.026011014417920874 -0.9466317214142206 -71.43993739452605 -0.02974324531708915 0.9994066884866946 0.0173669331220588 1.2848399595655906 0.9465218054628798 0.022576495233080862 0.32184899199202255 -2.610403735775747
0.3724024819067137 0.0210060596272783 -0.9278335717835672 -71.85917962694626 -0.022656134798871526 0.9996516426419855 0.013538571533022181 1.278980042884474 0.9277947461727161 0.015979324832877843 0.3727486688805077 -2.396844320475457
0.4240857647311636 0.019956380667916076 -0.9054021244855891 -72.25656032191763 -0.020669420260294887 0.9997100396208024 0.012353612729733687 1.274456869936782 0.9053861271405071 0.013475145713874663 0.4243752834809099 -2.1731495208639076
0.47296223991284775 0.018823213405725615 -0.8808816073989181 -72.64787510266665 -0.01778004608564073 0.9997720848434759 0.011817289406706157 1.2653626081801923 0.8809032804898694 0.01007298390805187 0.4731891222517422 -1.9299718754537674
0.5182011256515318 0.01498547925518707 -0.8551274927079442 -73.04436095834333 -0.009803570823067053 0.9998848745140455 0.011581352129523877 1.2553197926516875 0.8552025978518784 0.0023818332274279717 0.5182883787023154 -1.6596397041793374
0.5613028939669233 0.009572451586377262 -0.8275550914561403 -73.44646620002143 0.0001801445026220732 0.9999316704227009 0.011688542835789174 1.249562516193268 0.8276104329769616 -0.006709892420327633 0.5612628159529126 -1.3581996434298222
0.6050922071780661 0.004503370358345106 -0.7961426633887857 -73.78994345783175 0.003489609917766262 0.9999593951935541 0.008308464765648 1.235151710340162 0.7961477522639858 -0.00780561461742559 0.6050519225202466 -1.0695372209155045
0.6472246436480804 -0.0008250797907304692 -0.7622988783265735 -74.12513329933304 0.0027219771879794874 0.9999955405293364 0.0012287235765752822 1.2260789608437848 0.7622944650820984 -0.0028702203362183025 0.6472240032171386 -0.7521924433583701
0.6886056959477312 -0.007730408522545527 -0.7250947774549295 -74.44620702945242 0.0016743971869932616 0.9999574589554613 -0.009070649006375988 1.2129327256291644 0.7251340509880917 0.005032003916059018 0.6885893457164354 -0.40552833925638554
0.7300389276667667 -0.01204543109347785 -0.6832994012004749 -74.72255331693701 -0.0010414405004376128 0.9998238875803116 -0.018737908780742003 1.1958039301639802 0.6834047698786133 0.01439101850334546 0.7298978141449636 -0.07703523877638746
0.7701347212362941 -0.014540667702524232 -0.637715516613057 -74.99273370174632 -0.0012988786853227053 0.9997023347327745 -0.02436298101627485 1.181624688788623 0.6378799448645922 0.019591092685282155 0.7698865923153496 0.2812275334028508
0.8065236235063563 -0.016545305074498175 -0.5909703017971096 -75.24824903044096 0.000664932530758388 0.9996330724903553 -0.02707911092004518 1.17250111721817 0.5912014906873165 0.021446987282188325 0.8062386893132902 0.6686919823941251
0.8401240542763363 -0.016583674493543952 -0.5421407152820951 -75.49804212234957 0.00019730388995783143 0.9995417549530569 -0.030269475987156885 1.1614583509181828 0.5423942611214329 0.025323148415120723 0.839742343613135 1.087424519988286
0.8689147026031645 -0.015030711626306708 -0.49473358215110036 -75.73451918239326 0.0004286277163544459 0.9995612793254703 -0.029615285774566662 1.1507350692147131 0.49496167112043526 0.025521100705793984 0.8685399343383304 1.5476859187250773
0.8930585192962656 -0.009830057723886294 -0.4498331369269115 -75.95794254090531 -0.003646396531993119 0.9995703632044153 -0.02908251701150228 1.1345149263351615 0.44992575488039377 0.0276126595701665 0.892638984207373 2.0264051240785417
0.9131455789481024 -0.005286773108838005 -0.4075993151093719 -76.16370861507684 -0.008034261357170357 0.9994882391544165 -0.03096304953404733 1.1164692006473746 0.4075544163568569 0.031548531219358696 0.9126357914775881 2.5116949174592746
0.9287506139550815 1.5167643821316276e-05 -0.37070513463937976 -76.37215030181575 -0.01190294341594081 0.9994855948465392 -0.029780289325261076 1.0927804452619463 0.3705139903108858 0.03207094423620738 0.9282730403925905 3.062190595561392
0.9408949576924703 0.002088191761238017 -0.33869206965037035 -76.57768282563859 -0.012107646620478531 0.9995492272340873 -0.02747266330467637 1.0662066252073141 0.33848202830016944 0.029949654270238074 0.9404961109578803 3.641017478961152
0.9501394148883414 0.0018057685001090663 -0.31182019093664054 -76.76037775305183 -0.010347035504061497 0.999615137994156 -0.02573936186469346 1.0414112528139206 0.311653703863626 0.02768239680822371 0.9497924266780802 4.226342682467935
0.9573533165269542 0.0019116088669689298 -0.28891343528188423 -76.92816623871646 -0.009223327716695567 0.9996706488084969 -0.023948363965601144 1.0174172799752506 0.288772501392827 0.025591788963223918 0.9570556424665142 4.819842033284431
0.9632752414580831 0.004178776747728167 -0.2684834203796617 -77.08668457403925 -0.010319332731323566 0.9997163607655962 -0.021464141948178164 0.9936789848434908 0.26831757409057233 0.023446446265563366 0.9630451409937473 5.4247555127753255
0.9680091105290387 0.00867580775338149 -0.2507650140920846 -77.23469621074372 -0.014065816625751093 0.9997067916582414 -0.01970998516071435 0.9713475163653189 0.2505204876560554 0.022606659908336733 0.9678473145038741 6.034550808365633
0.9717774842042591 0.012160994678404884 -0.23558571986024773 -77.37062238643509 -0.017020866966104706 0.9996819981311951 -0.01860625432868509 0.9561521345949865 0.23528453260119223 0.02209101221884942 0.9716754478208172 6.634258439341318
0.9750102620353838 0.010994480914237836 -0.22188760739418723 -77.49590917303965 -0.015521066577456808 0.9997052778326664 -0.018666921701501766 0.9409777783357359 0.22161697908325675 0.021644372546652944 0.9748935509680395 7.224790308445195
0.9779758664635434 0.010389973124045142 -0.20845923599917943 -77.62088474153872 -0.014732044509623825 0.9997054349357444 -0.01928756657800746 0.924844546374135 0.2081974338925589 0.02193380537928215 0.9778408544861161 7.854193763186096
0.9808023943303483 0.010501691598623302 -0.19472128222005383 -77.74773017954185 -0.014464898078377541 0.9997159348011858 -0.018942450426848924 0.9073156160055686 0.19446704090780165 0.021395424234141355 0.9806756884018311 8.519886834328306
0.9834460604845248 0.011413881663317516 -0.18084128240764905 -77.8706890637509 -0.01499395707390955 0.9997174954181735 -0.018442087899163687 0.8864703709643199 0.1805796981078799 0.020848325117152827 0.9833393717181659 9.206556035787578
0.9856792929680144 0.010655739690945805 -0.1682937510001887 -77.98469293191987 -0.014426430954776626 0.9996711938692441 -0.021198637643679033 0.863887184831722 0.16801252781855816 0.0233229363434312 0.9855089198664513 9.902913259811516
0.9875842962271683 0.009583647233459025 -0.15679735824047858 -78.09731724400513 -0.013980901448552257 0.999538596083309 -0.026965335794217272 0.8472056916079223 0.156466585059476 0.02882271058581473 0.9872626089923155 10.61941256190356
0.9891145136820089 0.00654301485859961 -0.1470022713435501 -78.19728989289119 -0.011568127128781086 0.9993766156226503 -0.03335503832033293 0.827592322624072 0.14669238991282044 0.034692493470182564 0.98857360557446 11.322262627388705
0.9903941064537685 0.00571954570343147 -0.13815498796130146 -78.30570209307493 -0.010503429572365991 0.999369263720822 -0.03392274601681767 0.8044543419998718 0.1378738259020157 0.0350479889159068 0.9898295038056264 12.096346695209453
0.9914153188152157 0.007698744855166835 -0.13052354173166833 -78.41250287529061 -0.011410078703229572 0.999550875284955 -0.02771024758221134 0.7789357954370077 0.1302515862571724 0.028961647824949144 0.9910578929773757 12.877092925659582
0.9921738656885171 0.012077553144378266 -0.12427852974165764 -78.51823339407764 -0.014572770396147667 0.9997096824817145 -0.019188150387454913 0.7444923281108954 0.12401070360128 0.020849063824429668 0.9920618236430436 13.65381090673936
0.9928187980149171 0.012626292335372675 -0.11895970347170486 -78.6185227746797 -0.014564905784859137 0.9997746931085156 -0.015441066648806713 0.7083427370018971 0.11873793760922585 0.017062818103596594 0.9927790098560062 14.45362917301986
0.993334986560298 0.010888263734480489 -0.11474776768242693 -78.71214258021698 -0.01286277067812453 0.9997814392600215 -0.01648098424376737 0.6811289902515004 0.11454323902236134 0.017847112483808835 0.9932579357700886 15.24596004895106
0.9937601421773196 0.009983543558921556 -0.11109054270152828 -78.80227708220082 -0.012051290826046189 0.9997661239162837 -0.01795727871470912 0.6573185352036566 0.11088528400621525 0.01918401228676643 0.9936480400340167 16.034555004847338
0.9941374039309934 0.008334334632630249 -0.10780241635314121 -78.89308290616275 -0.01019288921104787 0.9998085748012773 -0.01670086115660671 0.6367511977819968 0.10764258968863567 0.01770176884021171 0.9940320519304459 16.84372975681304
0.9944577029753903 0.006283337091584538 -0.10494949579632595 -78.98481718084841 -0.00786546469260245 0.9998614816866187 -0.014668057288230377 0.614111187278054 0.1048427940207573 0.015412239111657372 0.9943693737376905 17.670430070419613
