1 0 0 0 0 1 0 0 0 0 1 0
0.9999691864623352 0.0006032792773436894 -0.007827016032250523 -0.0129415975388748 -0.0006013614703663323 0.9999997885849284 0.0002473751812139932 -0.016543002598877917 0.007827163613821924 -0.00024266069283979444 0.9999693378426914 0.04484597861439372
0.9998690887067114 0.0013890639412920385 -0.01612066841595998 -0.028577462257317943 -0.0013884196387244571 0.9999990348363518 5.1159274715687484e-05 -0.033048367683800255 0.01612072392038061 -2.8770324770786853e-05 0.9998700522730697 0.10523276341642132
0.9996935424647603 0.0019167569148581232 -0.0246809075438399 -0.04846356820196496 -0.0019364422056979591 0.9999978257749551 -0.0007737163214648227 -0.0571771144893127 0.02467937085588328 0.0008212723613107928 0.9996950805950113 0.16222521783847932
0.9994067692870857 0.002606102914951941 -0.034341195825808656 -0.07449568150326287 -0.0026830171334245225 0.9999939942799244 -0.002193814746944102 -0.08896389162304018 0.034335272275192584 0.0022846513254407026 0.9994077593485603 0.22611442908147172
0.998955507540852 0.0029534177519937007 -0.04559793062607823 -0.10205374217902827 -0.0031244467285217415 0.9999883476851583 -0.0036799900199555886 -0.12244914890463052 0.04558653075678235 0.003818614603302019 0.9989530951931987 0.288062197383251
0.9982501786318349 0.002974702873766659 -0.05905702332764969 -0.1277956597171859 -0.0032503016355818056 0.9999842699711441 -0.004571143134399631 -0.155568177707255 0.059042496566350314 0.004755097589980573 0.9982441448093355 0.35728621260490045
0.9971649224028065 0.002902803816666917 -0.07519103177511607 -0.14987529768630437 -0.00325651501494195 0.9999842001119201 -0.004581990449566951 -0.18857391489987865 0.0751765431458645 0.004813860875057474 0.9971586203328501 0.43688925620238844
0.9955541020382266 0.001688450937685546 -0.09417631893576564 -0.16820558653180576 -0.0021271506343429228 0.9999873494513536 -0.004558088133719433 -0.23020575648924296 0.09416743144547819 0.004738150555540444 0.9955450993221119 0.5307332616515534
0.9934313219657867 0.0005391712617189028 -0.11442865826208118 -0.19459141317328138 -0.0010897188122488256 0.9999881307545788 -0.004748774881340471 -0.27248703875977887 0.11442473967730867 0.00484227676965657 0.9934201182306839 0.6362267964501037
0.9906542594644829 0.0002839572265214269 -0.136396691943648 -0.23630362814037098 -0.0010119353664286275 0.9999856124735537 -0.005267905912797416 -0.3162308532565228 0.13639323367268288 0.005356698067412546 0.9906402937464854 0.7444834070094452
0.9870856975844966 0.0026263962991255455 -0.16017155698377855 -0.3086984531388124 -0.0037360441488899355 0.9999710612366493 -0.00662711576535664 -0.35488356846370417 0.16014951638467542 0.007139939196508113 0.9870669448776127 0.866878620639198
0.9826638949043569 0.005974989606994673 -0.18529967390849714 -0.39143649399192254 -0.007621189726420022 0.9999375579417846 -0.008172985046757408 -0.38180004235685155 0.1852392699147591 0.009443501290142122 0.9826480718776328 0.9995133753536394
0.9770186510933384 0.008377269299229216 -0.2129891470822907 -0.4733019557948966 -0.010590787914046895 0.9999010964119782 -0.009253788709706083 -0.3991691442968095 0.2128905602113751 0.011296847047402083 0.9770107423256276 1.134758650211649
0.9698664578652678 0.009159616395817175 -0.24346489548877429 -0.5434761132112573 -0.0118336072137902 0.9998846346876674 -0.00952276513516362 -0.4156653107103128 0.2433495832093986 0.012116878434284646 0.9698629602210922 1.2723913598417411
0.9611401818354205 0.010759701405001747 -0.27585100994386413 -0.6105488256783449 -0.013841443047269983 0.999861626304277 -0.00922728012662416 -0.43223427498379613 0.2757135566412065 0.012686885742419806 0.9611561151105548 1.3856080102529762
0.9503940770858531 0.012570166396394826 -0.31079428752294713 -0.6757353174606747 -0.01591360029157194 0.999839546856103 -0.00822422448274804 -0.4493398405769311 0.3106410397321794 0.012762110301572266 0.9504416199718739 1.4728097118395436
0.9373687443156228 0.014660448543482535 -0.3480300395492546 -0.7423392283238472 -0.01828588170479371 0.9998073447867522 -0.007134412431467756 -0.45945627277572487 0.3478583960614291 0.01305161135522705 0.9374562345681 1.5351929217788718
0.921915375023059 0.01704060236627518 -0.3870163551674344 -0.8169808311347104 -0.021146963897646958 0.9997561839239688 -0.006354417651836213 -0.4571864009546651 0.38681371125388353 0.014042456223070385 0.922050954236922 1.6024377892954809
0.9040890716625798 0.020221468836247366 -0.4268653683521283 -0.9019602132374278 -0.02487898281962035 0.9996762274795493 -0.005336330772811087 -0.44364381778063583 0.4266192526295016 0.015444494499998759 0.9042994420408998 1.6756409441891016
0.8834032315344051 0.022171104630724425 -0.4680888512173975 -0.9947303759734749 -0.02727524954974243 0.999619436842751 -0.004128225790846417 -0.42811629648712635 0.4678191865203572 0.016414128232544182 0.8836717632230845 1.7563675815078756
0.8612235764804346 0.01928180636071685 -0.5078603777198176 -1.116383682901893 -0.02473047280734811 0.9996862212511903 -0.0039828074571121265 -0.43115130942231017 0.5076242262037669 0.015989714943776545 0.8614301910120413 1.884586852035552
0.8366778416575193 0.015130361458295888 -0.547486311647566 -1.2637510144946713 -0.020707876333947526 0.9997775021586918 -0.004016221490995528 -0.4367850251766686 0.5473037302422233 0.01469756236483153 0.8368050002978462 2.0327514882918263
0.8081196402645635 0.016671255134662593 -0.5887824014616153 -1.445987143127344 -0.021249250152176557 0.9997738420821499 -0.0008567708363955444 -0.44778376016361415 0.5886349602144285 0.013203557873954242 0.8082911292800546 2.196250292285915
0.7768079017119124 0.021861633602118045 -0.629358048184165 -1.651601273655279 -0.025835771973641522 0.9996621781271113 0.002835931713764292 -0.46600202513019157 0.6292074353696567 0.014056976858694673 0.7771102911923969 2.3515782717015945
0.7420513228536944 0.0258124507952235 -0.6698459163382467 -1.8730906848057782 -0.030152925531990657 0.999532216419698 0.005113650456177243 -0.47313780224960095 0.6696645692680355 0.016403222947637477 0.7424825243357484 2.499588147687476
0.7039801859258632 0.026994458112495998 -0.7097064161010512 -2.123760880322743 -0.031715970742442506 0.9994754200046065 0.0065560663876502 -0.4823474791243928 0.7095110957720469 0.017893687094264383 0.7044670474468769 2.653766945493865
0.6628283461201482 0.02500064002207911 -0.7483538946101064 -2.4221722131539125 -0.028107405849867408 0.999568786317428 0.00849795012311178 -0.5106637814545795 0.7482436483632982 0.015401604409621478 0.6632452286037112 2.8393273314270067
0.6185655254554888 0.0228750545525011 -0.7854001671741572 -2.7540447889410675 -0.024176786494966847 0.9996569378733419 0.010074202522801435 -0.534978881520808 0.7853611740548109 0.01275689777781919 0.6189063643608247 3.015723843913537
0.5706607105297591 0.023050523641300568 -0.8208623677679049 -3.103506191803029 -0.022397702830849072 0.9996709821093501 0.012500817430393385 -0.5716939604639173 0.8208804397508632 0.01125170602126159 0.5709892317251166 3.1598482611818977
0.5189944696791612 0.024397283559830073 -0.8544293493305024 -3.48457279661254 -0.020973422425453473 0.9996551081110746 0.01580444175535901 -0.6158044730040972 0.8545202490252692 0.009717889808816242 0.5193271672303053 3.2937666076651535
0.46548293900707194 0.02551108491500447 -0.8846891081277064 -3.902164313152147 -0.019427098373228865 0.999638171632593 0.018604130289883655 -0.6618659735621499 0.8848436140596452 0.008527037088315531 0.4658101204314464 3.416667683083755
0.4101416119938651 0.026792434459906044 -0.9116282266180576 -4.330314750965019 -0.017333631281138913 0.9996168512872037 0.021579987239709258 -0.7112312894134498 0.9118571178302455 0.006950976792374563 0.41044887694321713 3.518841287081635
0.3542305722283573 0.02886285616994605 -0.934712596059603 -4.79585750715739 -0.014841698273034188 0.9995712155870013 0.025241017457631222 -0.7627490948671735 0.9350403337242418 0.004931582265078452 0.35450705748295014 3.6128017456345507
0.29874209737591917 0.031131600682239833 -0.9538259708638664 -5.263506893805299 -0.012724902854431406 0.9995088749538218 0.02863713910100483 -0.8090065212489359 0.9542490430190541 0.0035822238213962976 0.2989915242439342 3.684224742292141
0.24379699841977365 0.03404784328184404 -0.9692284394967797 -5.74537939302155 -0.010013505248510652 0.9994186541870778 0.032589620671743105 -0.8576721841722756 0.9697745888989593 0.0017601223664968223 0.24399620631294222 3.7394897997231777
0.18937109855844222 0.03656502560780652 -0.9812245339029535 -6.253784002683606 -0.005661778056615908 0.999330443596725 0.03614704372435454 -0.9022879368340905 0.9818892663126555 -0.0012897298450561432 0.1894513269864328 3.7876092687693377
0.1344705679650923 0.037721566450204955 -0.9901993485029605 -6.730043200481619 -0.002894027346124567 0.999285865673767 0.037674703321330404 -0.9406083133179761 0.990913361983208 -0.002200474760853343 0.1344837051614856 3.8125024822706806
0.08188743989888564 0.03882145069321959 -0.9958852053087646 -7.197315663343137 -0.0035808228544897515 0.9992460830949468 0.03865802797727222 -0.9754999669123413 0.9966351513440062 0.0004004815610195306 0.08196471631152082 3.8104144330959007
0.03407105071054355 0.039361811872438965 -0.9986439862481518 -7.644458825727103 -0.005535752001460003 0.9992162268903387 0.03919550189516352 -1.0025839095986933 0.9994040819174481 0.004192813512923881 0.034262243966032425 3.779359993502856
-0.008095844007366152 0.03820306805122767 -0.9992372005191171 -8.084616097765677 -0.007138823838451485 0.9992422755988517 0.0382611010065445 -1.0257393501660113 0.9999417455552156 0.007443134252632464 -0.007816984615908006 3.7365590969564595
-0.04560489224863391 0.03543737308702165 -0.998330800081658 -8.520264496346345 -0.007088486953777416 0.9993339497168516 0.0357967917001587 -1.0485633390213496 0.9989344058323834 0.008709163680265525 -0.04532331974043544 3.6785126474897525
-0.07753360025075144 0.031808076530531006 -0.9964822061128769 -8.943069622668212 -0.008056997518107602 0.9994383060024464 0.032529329626572935 -1.065914648754477 0.996957183445282 0.010550770701181458 -0.07723377249921978 3.605761995668448
-0.1048031684265189 0.028885386068757315 -0.9940734029031368 -9.372552151842873 -0.009527663895343957 0.9995030579597877 0.03004764133390411 -1.0739187753859467 0.9944473437585616 0.012620285285698698 -0.1044758770762301 3.522290224527567
-0.1253630853960987 0.025973439176878724 -0.9917708794259371 -9.81406733069038 -0.011951658803127733 0.9995451692291037 0.02768776846580853 -1.0798387823649453 0.9920389380824842 0.015324331244383281 -0.12499564072434036 3.4330193316202795
-0.14155449595540193 0.024935237254501235 -0.9896163694168943 -10.272302373368655 -0.013308358153276665 0.9995444325865523 0.027089017857635424 -1.078533362371504 0.989841003534444 0.01700474134730982 -0.14115816127179795 3.336669574579934
-0.15470408524766213 0.025224017247547862 -0.987638797821137 -10.76555604461125 -0.014051203759272008 0.9995167340380284 0.02772836184970759 -1.0783739927769849 0.9878609262849697 0.018167204844122407 -0.15427489422311144 3.2392297280489633
-0.16489194227633974 0.025694198346495084 -0.9859769041634131 -11.300399614793717 -0.01661074589175974 0.9994465015502346 0.028823144518183668 -1.0770155509581463 0.986171755067673 0.021130516092317315 -0.16437387504228504 3.1309429006418745
-0.1727780098637434 0.026296362314171165 -0.9846096996457873 -11.8307701383455 -0.019132386999385503 0.9993653401540251 0.030047773071152258 -1.0741587660425378 0.9847749545328763 0.024029528249042965 -0.17216524241814482 3.022033367727136
-0.17832378200035806 0.026895185950525178 -0.983604228206537 -12.341445872864766 -0.02020424661090516 0.9993155398616808 0.0309877428968858 -1.0712571618692424 0.9837644114278447 0.025398833903241276 -0.17765832951027408 2.9172127557866547
-0.18060027275651852 0.027437772216068336 -0.9831737944718074 -12.888642178436957 -0.019428599528664454 0.999316255611379 0.03145712623885466 -1.074971995415822 0.9833646683711107 0.02478285549874355 -0.17994371084509336 2.81120419927609
-0.18073826951969563 0.029104629296171945 -0.9831005027384331 -13.442620447335225 -0.01868194155728297 0.9992801323040316 0.033018210764465934 -1.0798800198189777 0.9833537832289426 0.024333880413301038 -0.18006443089448598 2.7054047330507314
-0.179776900751492 0.031047610244279263 -0.9832173268684341 -14.03687289097815 -0.01985515694756554 0.9991836590387632 0.03518221500269086 -1.0865510330444244 0.9835070099896461 0.02584688391329498 -0.1790136863292776 2.591238647404331
-0.17843060341520042 0.030843810856769543 -0.9834689517705787 -14.64314398741259 -0.022323779256397606 0.9991243919713776 0.0353850003184391 -1.0901796351303081 0.9836992267174948 0.028268510743513255 -0.1775858177213058 2.4718955462351038
-0.17703799316994268 0.028025881633223917 -0.9838049089799469 -15.247557563811961 -0.02431810165821043 0.9991647484420194 0.032839540230284466 -1.0953240991262045 0.9839035414643544 0.02973811408741392 -0.17620858567170825 2.347558372876795
-0.17575088371098432 0.02728713850736794 -0.9840564206115877 -15.86748486987434 -0.024647883946453744 0.9991804243498981 0.03210858783751876 -1.0958473742711246 0.9841260634145247 0.029898021139152717 -0.1749342723430507 2.2235644774087286
-0.1743644134828698 0.029869076017535443 -0.9842280678829658 -16.49251444266376 -0.024348678296231704 0.999103409068756 0.03463408512457955 -1.0996172292027482 0.9843801060444082 0.030003604534267075 -0.17348080740805294 2.101332010529519
-0.17278097538822715 0.03348480239180161 -0.9843909297391343 -17.167735211732314 -0.02518622033869416 0.9989449686490715 0.038400571815486444 -1.1006801950966993 0.9846382020056617 0.03142797510956719 -0.17175533043131125 1.9708972995528367
-0.17064430779524464 0.035656668723757765 -0.9846873220431998 -17.875463662564908 -0.025577824740421928 0.9988479615531518 0.04060202682947202 -1.1047215704069582 0.9850006574102519 0.032114664510735524 -0.16953569896848542 1.8343022465593448
-0.16897008909838823 0.0350936004986332 -0.9849962173501619 -18.587046767243 -0.02734996836751682 0.9988141428332398 0.040277627867040124 -1.1090175176760206 0.9852416395079824 0.033745329756016094 -0.16780990584372318 1.6983245350000697
-0.1677793457905548 0.03166438772330442 -0.9853159177016294 -19.32486047836332 -0.030311265784082237 0.9988457719919223 0.03726058159002569 -1.1176780370025532 0.9853584719748739 0.03611772866569104 -0.1666259024982954 1.5561235332244994
-0.16687687548415264 0.030369791931338007 -0.9855099107399664 -20.06704352771068 -0.031587607395637436 0.9988477751333744 0.03612956089031109 -1.120273979995924 0.9854716289613134 0.03715908837895325 -0.165725286734341 1.418359121558788
-0.16569992351387447 0.032872669590068855 -0.9856281869658157 -20.78419066546552 -0.029240689636941947 0.998841084560837 0.03822917554547937 -1.1195789726720995 0.9857426222990721 0.03515501937637357 -0.16454667178522542 1.2901524621474378
-0.16477764979500054 0.03532254036414783 -0.9856980492373217 -21.518949313201922 -0.027289858985892167 0.9988126837659754 0.04035450835705353 -1.1210852634774722 0.9859531376919315 0.03354908181206345 -0.16361805947083372 1.16054341575022
-0.16421645255556425 0.03683530913871645 -0.9857363322464703 -22.26350846336142 -0.02614446840414534 0.9987889496981213 0.041678540434960394 -1.126033757707912 0.9860777978851007 0.032615854451158756 -0.16305453859518954 1.0268035380871872
-0.16412467578843606 0.03288574163963598 -0.9858912814271936 -22.994562630318143 -0.02624082679891999 0.9989449013248926 0.03768956255927641 -1.1326574473335034 0.9860905180591932 0.03205638959414546 -0.16308855900993985 0.8949729442141273
-0.16441592004303238 0.025765636788345182 -0.9860545305394096 -23.70272524871864 -0.026176088932377644 0.999192761078463 0.030473571772951423 -1.1369049550383443 0.9860437199255443 0.030821391423620635 -0.16360875351308257 0.7672045877030029
-0.16483350658547105 0.020896783885958885 -0.9861000149731072 -24.418372423183005 -0.023817168154873225 0.9993996825936948 0.025159827755845438 -1.1339366353193132 0.9860338014529816 0.02763329250821994 -0.16423685194661783 0.6475571975300236
-0.16566678566256102 0.021169062289246175 -0.9859545562195196 -25.14782847553756 -0.02309349023951512 0.9994121570757927 0.025338330601431227 -1.1321272414241366 0.9859113585088621 0.026966851705455337 -0.16508053208147702 0.5209024846141767
-0.1667191120104927 0.027441457180408222 -0.9856224957448209 -25.88485296409349 -0.024914558235393878 0.9991762320218941 0.032033141439197915 -1.1296082748293448 0.9856896075734822 0.02989688596399816 -0.1658980823616952 0.3989782385420207
-0.1669863453980701 0.03434619891301704 -0.985360796394308 -26.65763112848903 -0.028063850677899297 0.998822571840806 0.039571331370638306 -1.1302803669083545 0.9855597296641752 0.034260890261984665 -0.1658258443751496 0.26903913579276867
-0.1668948763464938 0.038817220639858964 -0.9852102941154675 -27.49293859865863 -0.03141659488100344 0.9985079882260028 0.044663128136546215 -1.1322536470812574 0.9854740472561254 0.03840599993041636 -0.16542636233071648 0.12397167133802786
-0.16674782316125664 0.03872250048511281 -0.9852389209867646 -28.370973755076957 -0.033494301068975635 0.998429391914454 0.04490970003499513 -1.1358279981596522 0.9854305126526579 0.0404884837640638 -0.1651889445925608 -0.03225735211234487
-0.1668004874116293 0.03461027637193271 -0.9853830352551759 -29.229373330565917 -0.03407059386832817 0.9985845915487205 0.04084125555041035 -1.1436891906795292 0.9854018429213027 0.040384926531230915 -0.16538520392213094 -0.18715443751880562
-0.16709645863367192 0.03110254689943276 -0.9854498490986016 -30.09760162233225 -0.03490298630792101 0.9986892042373364 0.037438681688661615 -1.152274794160099 0.9853225639651578 0.04065101371631993 -0.1657918575351667 -0.34720039061958113
-0.1673906962495527 0.03114104537205403 -0.9853986960120399 -30.94787913473763 -0.03722349534641679 0.9985887218614102 0.03788107661341 -1.152612114563547 0.9851876807001209 0.04302092356437062 -0.1659952828618434 -0.5035358143488511
-0.16742889970033073 0.0330509882112166 -0.9853299933136115 -31.801294874012044 -0.03864978326555309 0.9984495537348874 0.040058493483036944 -1.1536629643851 0.9851262649014391 0.04478974017413763 -0.16589189665704285 -0.6564279250734122
-0.16720959387026701 0.03137108300043365 -0.9854221465286455 -32.63499708972426 -0.039590080630054085 0.9984738553916845 0.03850435838930589 -1.1640392593768842 0.9851261732557125 0.04545124036422101 -0.1657124241446842 -0.8101681010900026
-0.16652097603611368 0.025917049294908654 -0.9856972512368228 -33.486165581732166 -0.04088368868000017 0.9986133940327719 0.033163432546490734 -1.1825191454951218 0.9851899758624704 0.04582134670864755 -0.1652304924821963 -0.9645484143362847
-0.16579644265221335 0.02145436983635269 -0.985926594437334 -34.321008466369314 -0.04192233748463549 0.9987062128762841 0.028782251165183296 -1.1964352782128027 0.9852685203657395 0.046104342281789085 -0.16468252001675246 -1.1120180781633282
-0.16517402201400025 0.021840527816634547 -0.9860225828024487 -35.13202949341173 -0.041383358861388254 0.9987208189062682 0.029054147596230415 -1.2051467950979666 0.9853958392752963 0.045603916804204364 -0.16405890012750657 -1.254150436289898
-0.1645304587088681 0.024541055228894045 -0.9860666634489293 -35.90805498979455 -0.040358292216724434 0.9986858045218269 0.03158911356688431 -1.2102821157769434 0.9855460092793215 0.0449933378940083 -0.16332379844577688 -1.3876895827332258
-0.16398161370409645 0.029038614405095153 -0.9860358965273196 -36.707791395169785 -0.04010082931772951 0.9985441665433842 0.03607590539693783 -1.2162299992095886 0.9856479867858646 0.04545664237062256 -0.16257841126471434 -1.5271774700137306
-0.1632023748691554 0.034642166313142764 -0.9859842316945048 -37.55229465106417 -0.039599027496064754 0.9983480203676394 0.04163108513337517 -1.2202842824765168 0.9857975968009006 0.04583830866370372 -0.16156097177356146 -1.6736905821094266
-0.1630915444867755 0.03784085809783223 -0.9858849920631414 -38.41086414265932 -0.040265013938379966 0.9981763920677166 0.04497353634326643 -1.2229618277741547 0.985788961578216 0.04703147645031738 -0.1612704667738118 -1.8220863033789612
-0.1627780981768965 0.03778530468973659 -0.9859389238200401 -39.31600714429678 -0.04033475607950161 0.9981762775984198 0.044913542409505666 -1.2321668049052528 0.9858379168027152 0.04707854701737429 -0.16095717506471469 -1.9776477827160508
-0.1624218823623999 0.03360304219604222 -0.9861490595670759 -40.20492274684225 -0.04013726769884069 0.9983677640341835 0.04063013018754801 -1.2460453537179248 0.9859047275835144 0.046180551020494565 -0.1608080372242546 -2.131809492312321
-0.16205432131978686 0.028811124075577194 -0.9863611489059609 -41.073631931926315 -0.040906879919712015 0.9985182764296209 0.03588702845393511 -1.2627296519894557 0.9859335799722081 0.0461646051160516 -0.16063562841929427 -2.2863808569400947
-0.1618235654786746 0.025398177686826715 -0.9864928110361272 -41.91521418367337 -0.04492135039359798 0.9984428556195336 0.033074708481359315 -1.2743652239334604 0.9857967366219987 0.049666856478940556 -0.16043066238383394 -2.4432273212341054
-0.16189668704137672 0.023198974506517887 -0.9865349817958182 -42.76400690225189 -0.048786765664931536 0.9983129394615061 0.031482160022521126 -1.2785980230404939 0.9856009913859562 0.05322670838568263 -0.1604917545964403 -2.604213986908732
-0.16207551885055568 0.021422109030440385 -0.9865458019950284 -43.55334325425623 -0.04696589313163501 0.9984638386142355 0.029396732166604385 -1.2877368694551203 0.9856600484303241 0.051098495324374806 -0.16082043621354203 -2.748626061672525
-0.16209814702077865 0.017992387564433953 -0.986610594268156 -44.33458362917793 -0.043919127256171815 0.9987114106853167 0.025428889633683775 -1.3013184609970208 0.9857967848362479 0.0474530521323664 -0.16109905912151318 -2.8874023021735606
-0.16234975323796014 0.016435730744643263 -0.986596383724604 -45.12705365667246 -0.04026341822094707 0.9989181769459115 0.023266562277718703 -1.3105278047658764 0.985911463964557 0.0435010634576609 -0.1615123608313435 -3.0222504957442182
-0.16311219306505853 0.018943546143151198 -0.9864256457194491 -45.948585549637606 -0.03983039152261942 0.998874119703211 0.025768835796186558 -1.3123005065147435 0.9858032016506432 0.04349293099640764 -0.16217401940101228 -3.1725769788772715
-0.16399895850270896 0.024353048760506216 -0.9861598605835148 -46.76533466102636 -0.038212544235867466 0.998788056419379 0.031019668228752472 -1.3184808363832066 0.9857201139639207 0.042770870578799386 -0.16286960906468426 -3.318337329633824
-0.1649438428787121 0.027768224806382236 -0.9859119911977476 -47.59467342229144 -0.03701654774749533 0.9987250749443741 0.0343220027127295 -1.3274398944904073 0.9856080883846564 0.04215626131973076 -0.16370566802124645 -3.4658119578313116
-0.165487673797419 0.026614590087118504 -0.9858526732811637 -48.442315619301795 -0.0377777519362652 0.9987310464442687 0.033303728424599895 -1.3410276386669433 0.9854880371063657 0.042754654282687675 -0.16427223824312773 -3.6204747332969673
-0.16568910393992142 0.021679257074539916 -0.9859397195814177 -49.281958360166385 -0.041619834507203426 0.9987138879725997 0.02895443569209029 -1.3578414571675266 0.9852994013045856 0.04583208246796562 -0.1645737220988539 -3.783788564030402
-0.16602958474044527 0.016783817962872975 -0.9859779310134212 -50.11098685540864 -0.04721550055409064 0.9985731070842078 0.024948874035087283 -1.3700025580765918 0.9849897834487105 0.050695692743872485 -0.1650002219358417 -3.9489965837930265
-0.16688329944756383 0.014142791359876719 -0.9858752181782683 -50.89433965663755 -0.05262788832383558 0.998343960178899 0.023230207594590043 -1.379088720726409 0.9845711095375815 0.055761264573759885 -0.1658626288139273 -4.111461978227379
-0.168008047822292 0.014373134759445155 -0.9856808351916615 -51.67458643591043 -0.05512243216398335 0.9981922966528662 0.0239511247168855 -1.3832699816776366 0.9842432693898724 0.058357106680022884 -0.16691205696613723 -4.262591366111963
-0.16988285685679985 0.015491269233867046 -0.985342496558277 -52.445872982608385 -0.05587596176840393 0.9981164698229699 0.025325670071864727 -1.3846196682956982 0.9838789010049069 0.05935935685009499 -0.16869728780189464 -4.4040561035710795
-0.17155569384750352 0.01508526137683021 -0.9850589214852565 -53.19363675570565 -0.05733628280636057 0.9980350700399031 0.025269539853255883 -1.3875126627681673 0.9835045473115244 0.06081475034593953 -0.17035366611232783 -4.543308479465173
-0.17278287535538908 0.014528792789264154 -0.9848527768981581 -53.908004135493734 -0.057684275811594826 0.9980257192259133 0.024843270470912705 -1.3939130771303136 0.9832693437242978 0.061103010921604216 -0.1716036705560184 -4.675708800503922
-0.17403187658281238 0.015744295473126804 -0.9846141493463936 -54.61205191540695 -0.056168811362703526 0.9980856154057836 0.025887621562440434 -1.3954100175894883 0.9831368015506088 0.059809877780463434 -0.17281437427691126 -4.805531703945962
-0.17493157970551504 0.01808530833024131 -0.9844144777705859 -55.3029992735966 -0.05456615617411342 0.998116554877467 0.028033506379316064 -1.398052474594584 0.9830673817303218 0.05861965968970638 -0.17361525991613708 -4.935372554262984
-0.1751756070374752 0.02138222658306481 -0.9843049868233956 -55.982580978394445 -0.05368788338507776 0.9980690976572337 0.0312359965313441 -1.406624689097219 0.9830722851737187 0.058317036001723534 -0.17368939356014648 -5.069171365462051
-0.17560945526643224 0.023376576375810542 -0.984182328076447 -56.62723671733126 -0.05281351667508177 0.9980546859569094 0.03312968903968217 -1.4148932604473006 0.9830422430788173 0.057796016440591014 -0.17403324052077312 -5.192493226532969
-0.17573440894234493 0.02338039765552202 -0.9841599334047069 -57.281663179445616 -0.05183744259095714 0.9981112089953796 0.032968075822091124 -1.427414041540987 0.9830718676980381 0.05680995936674819 -0.17419050335031086 -5.317153717128747
-0.1758631006182043 0.021421183240234704 -0.9841815395289336 -57.92447974671804 -0.05081191701643473 0.998232990517695 0.030806585841575716 -1.4422414574016564 0.983102394936591 0.05542589242121143 -0.1744638974666281 -5.445005603106658
-0.17564274786172493 0.017843951264740122 -0.9842922424396358 -58.559215890739054 -0.049484867049289956 0.9984117426184043 0.026930282857697337 -1.4572682409586883 0.9832094756747879 0.053437679636592225 -0.17448077641494047 -5.571703196285455
-0.17504166376961972 0.014639631450106232 -0.9844521812336906 -59.184052769242 -0.049010951576274324 0.9985202542960676 0.023563284705341823 -1.468183772634091 0.9833404001516192 0.05237349474230222 -0.1740651443515521 -5.699651011026924
-0.17375335101667094 0.012007357902909981 -0.984715997822048 -59.789308250288904 -0.04937904412812755 0.9985616426688403 0.02088913094171348 -1.476980916090146 0.9835504476189645 0.052253891211076695 -0.1729105197546728 -5.82146527727782
-0.17154036735365122 0.010543755953405494 -0.985120668536892 -60.38012429558914 -0.05164880579506852 0.9984713745119935 0.019680323678086864 -1.4836781701663588 0.9838222925041461 0.054256276047347646 -0.1707335739723047 -5.9391085347816235
-0.16711660996132638 0.011033082132796898 -0.9858754027632943 -60.94349056452637 -0.05202647811744005 0.998445558399085 0.019992810903803022 -1.4881076638876534 0.9845634993486833 0.05463275585022822 -0.16628282454444906 -6.04957015760234
-0.16056551459826976 0.012610065568907466 -0.9869446295350842 -61.535091706265064 -0.050618231247707576 0.9984974211436388 0.020992728142316005 -1.4923412264905747 0.9857263870806858 0.05332809968348239 -0.15968595303595834 -6.159516199056788
-0.15227624404570916 0.014124099586468916 -0.9882370440892242 -62.14246724342381 -0.04896074290348445 0.9985624211619561 0.0218159734486545 -1.4996266121377937 0.98712450640923 0.051706874340313826 -0.15136580853113632 -6.262820354608805
-0.14247480013447592 0.015119705419419451 -0.9896829420752262 -62.73243027308335 -0.04918237487373793 0.9985400481197755 0.022335315147483388 -1.5103854920077926 0.9885757559885918 0.05185717702486572 -0.141523170762217 -6.358036711415073
-0.12989953793146608 0.01634427104170022 -0.9913924424007436 -63.31111271137594 -0.05075664007904551 0.9984436107954663 0.023111026580385417 -1.518760739690241 0.9902271827884114 0.053321861049934124 -0.12886778341033814 -6.439853247186031
-0.11458321682032574 0.017467212053153196 -0.9932600781900986 -63.867434252184154 -0.05319222457335379 0.9983031940351802 0.023692193315447994 -1.5299219596598426 0.9919885451294485 0.05554844086244755 -0.11345967146835562 -6.503321597488005
-0.09603362236446507 0.018505773344931385 -0.9952060488805672 -64.40977978977455 -0.054387264353810666 0.9982359921512277 0.023810280341993128 -1.542028013607707 0.9938911252504792 0.05641312193773367 -0.09485773991388627 -6.549202308840199
-0.07438492543853571 0.019073624024132513 -0.9970471802949418 -64.947890579819 -0.054774671107180574 0.9982295812593563 0.023182719941195463 -1.5571816030368535 0.9957241677656514 0.05633737627328532 -0.07320848148977482 -6.575641449745276
-0.05001808733438515 0.019393052208765308 -0.9985600134520923 -65.48366718913016 -0.05356351033275619 0.9983204912739692 0.02207140827712891 -1.566855922562925 0.9973109551690678 0.05459034922521645 -0.048895321567880665 -6.5799874772988245
-0.02177921261821806 0.019232720171983058 -0.9995777950577541 -65.9958270564732 -0.05170055556983284 0.998455524593234 0.020337599736029686 -1.5695551541343047 0.9984251191008251 0.05212166424854946 -0.020751232841940855 -6.562322988722513
0.011571198815193874 0.019261283144078163 -0.99974752329257 -66.49145832000562 -0.050397298002045135 0.9985550075970762 0.018655003535203944 -1.5692584836480687 0.9986622150217099 0.05016871310337808 0.012525195147325864 -6.5234875608876
0.04928016937600933 0.019559748872832274 -0.9985934513756379 -66.98148984130637 -0.04910228575443283 0.9986467181578893 0.01713761494985144 -1.5699104914114579 0.9975772804349332 0.048188676434522265 0.05017390779605397 -6.4615502561012255
0.09125339339352673 0.019322336650348694 -0.9956402289484598 -67.43251897420498 -0.048153558635206005 0.9987277750411002 0.01496883937454155 -1.5739931967023761 0.9946627835527614 0.04657766275614992 0.0920677378197273 -6.375002464492811
0.13741391919258306 0.019976538216038734 -0.9903122501176292 -67.87148238708811 -0.045963538830986105 0.9988481942641205 0.013770908228583923 -1.577205634471519 0.9894466978621247 0.04362594109255167 0.138173837442267 -6.2557457285096545
0.18805678215909197 0.01891787334077371 -0.9819759471352822 -68.30868184435484 -0.04143796247063075 0.9990770455173 0.011311604073113327 -1.5842271780069916 0.9812836195261013 0.038563858581406464 0.18866713243451305 -6.104342272797847
0.23866869767324012 0.0149148469774508 -0.9709865087067912 -68.78326892075616 -0.03249536711615784 0.999444752655474 0.007364611695552224 -1.59187837174065 0.9705572130827435 0.029794860783016967 0.2390208409406467 -5.923320066131402
0.29010452453816016 0.00939562220615579 -0.9569488424810659 -69.25368521519829 -0.023814516206709744 0.9997130236563371 0.0025959872391444626 -1.5876985970349717 0.9566986117165243 0.022036166074538337 0.29024502359972615 -5.7277116175082545
0.3430233439186532 0.004088872909331588 -0.9393179795176929 -69.70801134308165 -0.015084481914060139 0.9998855543960906 -0.001156077595998581 -1.580494402120097 0.9392057516498963 0.014565686676395052 0.34304576493435024 -5.516455293638617
0.39648644193921667 0.0027489347842801987 -0.9180364615394836 -70.11156853830317 -0.011660699879186527 0.9999299268426293 -0.002041931150246057 -1.5746556129447544 0.917966518690472 0.011514545672608244 0.3964907133858792 -5.302046768734611
0.44728390273757623 0.0012149648925406447 -0.8943912087068812 -70.50637620636658 -0.007018252827027636 0.999973057376889 -0.0021514291933330005 -1.5724450770224179 0.8943644975506886 0.007239363275033344 0.4472803786667496 -5.073255195145229
0.49461546404437423 -0.002908030850499182 -0.8691070624984845 -70.91700915631816 0.002992434693069456 0.9999941729891051 -0.0016429614861622006 -1.564303546371288 0.8691067759848463 -0.0017881119679268869 0.49462128400707833 -4.810997867658031
0.5395522262328529 -0.008829967073813746 -0.8419058301548049 -71.34147662708389 0.01526456919736498 0.9998832416703285 -0.0007042400556536106 -1.5554765098190273 0.8418137490528349 -0.012471355512232612 0.5396240146595522 -4.517377874447668
0.585465554796285 -0.014992684305884064 -0.8105586367218509 -71.70233132576212 0.02091269752964462 0.99977556724587 -0.003387361839826113 -1.549273792943651 0.8104275064613182 -0.014967783920955439 0.5856476946214163 -4.236033763787485
0.6298780752759945 -0.020810266467498197 -0.7764151873167882 -72.07011198509544 0.021144833414069027 0.9997299301410566 -0.009641721840545217 -1.5338679078539317 0.7764061477773718 -0.01034406060069741 0.630147993810807 -3.9356259901495583
0.6709843097033366 -0.02786180980218351 -0.7409478899939498 -72.4415033372141 0.020999427194358242 0.999606982994141 -0.0185715806236489 -1.5350777247016112 0.7411741227197859 -0.0030982420658823002 0.6713056835053987 -3.584203796782196
0.7119965265116193 -0.03227613303194574 -0.7014408011171686 -72.73239030428125 0.019000053382276567 0.9994628201126112 -0.026703355295115087 -1.5334417191168865 0.7019258822745164 0.005685283550594594 0.7122273045482631 -3.2479168867243158
0.7511622279467948 -0.035886811737588994 -0.6591414446454726 -72.97240165629432 0.020779732607505114 0.9993118030976657 -0.030726582993453884 -1.5332828191130847 0.6597905046442906 0.009383865568297378 0.75139099878041 -2.898242489355985
0.7873412931888899 -0.038877615318659686 -0.615290353464755 -73.19626735034826 0.02420493700059799 0.9991895562837232 -0.032161337632847876 -1.5237596890479734 0.6160420513767253 0.010428884919840904 0.7876442276147769 -2.521158999379993
0.8210129043365926 -0.03975627997162655 -0.5695237037346323 -73.39564976112916 0.024885770797482405 0.9991163796581383 -0.03386972557654755 -1.501844969689242 0.5703669952974219 0.01363444540981133 0.8212768063045196 -2.146074909829894
0.8508210105463196 -0.039055785575453805 -0.5240021504021011 -73.59193214135905 0.026146628077732582 0.999145308612822 -0.03201571672092206 -1.485702774797648 0.5248046892445851 0.013538755115363767 0.8511149982562959 -1.7503715378307179
0.8759643896140982 -0.034499016240450577 -0.4811405262565649 -73.76321478714493 0.022698479841359583 0.9992822907260492 -0.03032626673681479 -1.447811598880507 0.4818414336074614 0.015643571195292503 0.8761187770726969 -1.3698592805689032
0.8971662175499259 -0.030156314925127402 -0.44066242721305154 -73.92293837857524 0.018377633803220505 0.9993512349130989 -0.030973728439757018 -1.4157047676625747 0.4413105943244004 0.01969025006955557 0.897138369143376 -0.9772770663572133
0.9138342548101221 -0.024763773322308908 -0.4053316053140594 -74.09949211882683 0.014201096768291429 0.9994771843906115 -0.029046286048205444 -1.3965219936157234 0.4058389872673746 0.020787337815551574 0.9137081607386067 -0.5235730445724278
0.9269361914721382 -0.022773041968982655 -0.3745272827159717 -74.28098631408012 0.014018810484377212 0.9995614985259903 -0.026082247163182606 -1.3876000547644511 0.3749570240597356 0.01892615185285147 0.9268489795453756 -0.012001003754686046
0.9368407793932928 -0.0231083363225876 -0.3489919180413398 -74.45990514538825 0.01583184676992252 0.9995940254485886 -0.023688328673463353 -1.3847351463188815 0.34939763406987234 0.016667005726600022 0.9368262935178965 0.5284226462315138
0.9446395905876528 -0.022626853370462795 -0.3273286871035701 -74.64596043957661 0.016615665654220648 0.9996382427958671 -0.02114954360878936 -1.3837185827545602 0.3276888212149786 0.014539912191774548 0.9446738206408539 1.1067163087028802
0.9511251264299618 -0.020514766808031347 -0.3081235762099438 -74.83362218440335 0.01570461416689044 0.9997131421850024 -0.018083098088007402 -1.385271332682222 0.3084061590945646 0.012360327075101813 0.9511744652518431 1.7249868419183914
0.9564400386849605 -0.01614741685241103 -0.29148192624811137 -75.0173026647609 0.012057348579076418 0.9998021084500189 -0.01582290378349577 -1.3856752574929703 0.29167974346114184 0.011619159517520992 0.9564454623168765 2.3490324534941665
0.9607556289324428 -0.012702847366762568 -0.27710514095448796 -75.20573401615506 0.009124416974859547 0.9998575521028977 -0.014199313985989972 -1.3835528285795287 0.2772460396281591 0.01111364798707307 0.9607346773896087 3.007992002045399
0.9644600195529585 -0.013869627136229691 -0.26386455640538814 -75.38120460719905 0.01061788611398458 0.999849146465175 -0.0137457196004466 -1.3786235045455413 0.26401539950991637 0.010455513185186768 0.9644617934711815 3.6859034649988742
0.9678877500361838 -0.01468774312058255 -0.25095332938999027 -75.54808920554737 0.011558385131164726 0.9998360362856017 -0.013939306936124864 -1.3775584084937456 0.2511169191095193 0.010591069196432146 0.9678988181572566 4.366464347672428
0.9712818616868779 -0.014825269794423631 -0.23746948547886731 -75.702235472896 0.01202103027648975 0.9998399189114954 -0.013252599071446557 -1.3789087469698655 0.2376279444618565 0.010017381223620529 0.9713045928462646 5.042770009441396
0.9745093402222657 -0.014163395833482584 -0.22389940606895656 -75.85178176279481 0.011707251524583264 0.9998558934965451 -0.012293595973838148 -1.3807911870649916 0.22404125977441655 0.009358977438370074 0.9745347215261212 5.735081108785586
0.9772073222141887 -0.01498891651190679 -0.21175736538023154 -75.99806125264723 0.012158195881532217 0.9998185625361624 -0.014663569859711 -1.3824562561905487 0.21193873568530167 0.011754760309058853 0.9772122583790004 6.432438206254573
0.9794623200908584 -0.016159020909438663 -0.2009787291369028 -76.13850987226539 0.012393408277707015 0.9997235511419202 -0.01998060868575229 -1.3813418477696193 0.20124603587027087 0.017079441894846153 0.9793918141944299 7.129299652853018
0.9813376904198688 -0.019608224805783697 -0.191289975904037 -76.26545719833541 0.014908045518356054 0.9995513096761981 -0.025979405370836206 -1.3850216027349274 0.19171355596364054 0.022642809997115272 0.9811896940017282 7.832068714231389
0.9829660718880621 -0.020651662015865484 -0.18262313756186363 -76.41173665304814 0.016084484561323577 0.9995206014796608 -0.026454802477738598 -1.3854022261236434 0.18308192393940362 0.023066774237462954 0.9828270107465091 8.595137468488756
0.9843551948698327 -0.01898622507619094 -0.17516955668760872 -76.55389109321686 0.0156381966031672 0.9996680804673821 -0.020473780834587417 -1.3918896150568463 0.17550013430131034 0.017414136556782055 0.9843253784741092 9.359573649894765
0.9855742417826655 -0.01493490581914886 -0.16858339930936375 -76.69140601444774 0.013059615775565709 0.9998399587988157 -0.01222715113914096 -1.3992081572949748 0.1687390303703383 0.009849130792001878 0.985611553428791 10.129668312377174
0.986580369440298 -0.014219955546106947 -0.16265597898421866 -76.83200911532032 0.013010228531964058 0.9998792333071554 -0.008500162036278094 -1.4078300565824444 0.16275720748585615 0.006269901543378666 0.9866462282632193 10.938926410756824
0.9873033950052362 -0.016114702475525773 -0.158026335068755 -76.96058747140681 0.014817700381049105 0.9998461918257153 -0.009382347629168777 -1.4093867182333408 0.15815322306723542 0.0069216367820336315 0.987390322505592 11.721505860340388
0.9879149843280941 -0.01728288049716966 -0.154030145691501 -77.0847039738781 0.015824019480075235 0.9998176205184804 -0.010692338764762782 -1.4115929087231505 0.1541868481664983 0.008125745657280204 0.9880082935431201 12.489657369537193
0.9884996307388456 -0.018987431997427705 -0.15002652250622706 -77.21299560994402 0.017797655758654787 0.9997986420015913 -0.009269244913815615 -1.4170979152940297 0.15017231262341588 0.00649252477230081 0.9886385202101977 13.297820602121652
