1 0 0 0 0 1 0 0 0 0 1 0
0.9999973177922286 -0.002045628683472266 -0.0010954793104686893 0.0025480003096163273 0.002044636235974756 0.9999974945773378 -0.0009063302468568446 -0.023897819221019745 0.001097330590710044 0.0009040879517638739 0.9999989867212875 0.6279434561729431
0.9999946951932586 -0.0025635317183203953 -0.0020191530841137183 0.004420379176735878 0.0025588506198765404 0.9999940275617272 -0.002317570020602132 -0.054409585893154144 0.002025082241743803 0.002312391035470096 0.9999952912384984 1.2416408061981201
0.9999899864428663 -0.002717190132696838 -0.003561810255597689 0.0062458510510623455 0.0027038713300330947 0.9999893543815387 -0.003738848892894299 -0.08695116639137268 0.003571931505575776 0.0037291806306766068 0.9999866486040467 1.8539584875106812
0.9999761582812106 -0.004549084666004078 -0.005204736373835679 0.011839760467410088 0.004520956650334335 0.9999751966390612 -0.00540340352635196 -0.12245624512434006 0.005229187663644552 0.005379744016933696 0.9999718668053639 2.455042839050293
0.9999568466999591 -0.006362586346629549 -0.006775041121949029 0.017770830541849136 0.006313082223576183 0.9999534346595116 -0.007303330523973229 -0.15903373062610626 0.006821193266659975 0.007260243669250432 0.9999504095479637 3.0458271503448486
0.9999427207369038 -0.007018325937559815 -0.008081126419777523 0.022982966154813766 0.0069533623833186176 0.9999434611175836 -0.008039194270933196 -0.19348286092281342 0.008137091994285583 0.007982543158053468 0.9999350319920843 3.64107608795166
0.9999340186528372 -0.006896761236127409 -0.009190462559926048 0.027413710951805115 0.006830419403969223 0.9999505532008863 -0.0072305044349724595 -0.2262764573097229 0.00923987478017807 0.007167252296408355 0.9999316345687959 4.237408638000488
0.9999228133002092 -0.007200602357622048 -0.010124884890567041 0.032744962722063065 0.007127298123813047 0.9999482790843056 -0.007257532845933351 -0.25808537006378174 0.01017661951482296 0.0071848094360343895 0.9999223960893069 4.832926273345947
0.999915303223716 -0.006904864729423239 -0.011032033593315121 0.030275944620370865 0.006799150227477485 0.999930856838102 -0.00959145991033009 -0.29247158765792847 0.011097499169409275 0.00951563926722837 0.9998931316610822 5.430724620819092
0.999914766296655 -0.005254926520425272 -0.01195222045124626 0.022962838411331177 0.005094737543582362 0.9998973201947703 -0.013393637741667595 -0.32823091745376587 0.012021375820040703 0.01333160309074577 0.9998388950652526 6.039787292480469
0.99991077236146 -0.0037449806854115996 -0.012822299413471145 0.014120128005743027 0.0035265880371598 0.9998490857847507 -0.017012696261495864 -0.3649104833602905 0.012884075753390789 0.016965958592727093 0.9997730374643616 6.654083728790283
0.999908805032419 -0.0020048310620216026 -0.013355111752555415 0.0031339554116129875 0.0017738973129839408 0.999849088626003 -0.017281246844361876 -0.3966991603374481 0.013387742452323437 0.017255979459292803 0.9997614159598243 7.285548686981201
0.9999100566070851 0.0004435460057149973 -0.013404940514590107 -0.006796563044190407 -0.0005664348950031386 0.9999578099444973 -0.009165025052087803 -0.4290827214717865 0.013400310650467873 0.009171794081515583 0.9998681583031299 7.962179183959961
0.9998960499044074 0.002907027962538062 -0.014124082420378582 -0.015683488920331 -0.00284834596746969 0.9999872570319729 0.004173089695669653 -0.47021642327308655 0.01413603313267231 -0.004132425594344791 0.9998915800026253 8.680339813232422
0.9998782283351844 0.0034607044713625863 -0.015218025956578752 -0.02680402807891369 -0.003279723006427551 0.9999238285427242 0.011901487231684216 -0.5141249895095825 0.015258053317666054 -0.011850126699100794 0.9998133860307021 9.407249450683594
0.9998567119999962 0.005062383926434727 -0.016155506985374178 -0.046474337577819824 -0.004884475306541014 0.9999271904971438 0.011032797254158082 -0.5484834909439087 0.01621018350124359 -0.01095230496366928 0.9998086173706184 10.16341495513916
0.9998402627987524 0.0069778563636846294 -0.01645465400714172 -0.06948395073413849 -0.00691103688148606 0.9999676559485896 0.004114198131915194 -0.568749725818634 0.016482830047607422 -0.00399982232847762 0.999856175077106 10.937568664550781
0.9998335280398436 0.007364786468165825 -0.016693610474522055 -0.08824917674064636 -0.00740029280428528 0.9999704680311328 -0.002066159857573867 -0.5826241374015808 0.01667790114879608 0.0021893536278673464 0.9998585585094872 11.717853546142578
0.999847533549147 0.005710262322430722 -0.016500447232640096 -0.09970831871032715 -0.005724886349928432 0.9999832796781278 -0.0008391946498323315 -0.5926069021224976 0.01649537868797779 0.0009335298850368379 0.9998635054202403 12.529041290283203
0.9998593945622005 0.0056813510525528 -0.015773695297675867 -0.1052924245595932 -0.0055292593935371 0.999937948088285 0.009669021307817181 -0.6105430722236633 0.01582765020430088 -0.009580445476186972 0.9998288212104143 13.390475273132324
0.9998623747168125 0.005768958377723304 -0.015554227647259824 -0.11020271480083466 -0.00547884556697148 0.9998114316283223 0.018630233419357715 -0.6322095990180969 0.015658771619200706 -0.018542450502651797 0.999705454928904 14.259145736694336
0.9998734009588297 0.004914978808611303 -0.015134181965073422 -0.11919955909252167 -0.004591191964551544 0.9997614060275416 0.02135533281935675 -0.6512300968170166 0.015235532075166702 -0.021283145660514702 0.9996574187938556 15.146576881408691
0.9998942618301498 0.0033318948272972634 -0.014156069668976218 -0.12668274343013763 -0.0030479627926638386 0.999794690574335 0.02003171804442584 -0.6661118268966675 0.014219907112419605 -0.01998645288043832 0.9996991359503227 16.059850692749023
0.9999192954749851 0.0022581268956738693 -0.012502486373208808 -0.1325615793466568 -0.0020417516398635593 0.9998484008178997 0.017292374943808267 -0.6784060597419739 0.012539639137685299 -0.017265452449183982 0.9997723219767174 16.995080947875977
0.9999361639298598 0.004442875978120635 -0.010388091349117317 -0.1367591917514801 -0.00429769422692905 0.9998933394650915 0.013956594301277348 -0.6885795593261719 0.010448991321027279 -0.013911058598731207 0.9998486094872305 17.961122512817383
0.999960422663591 0.0029634019655843157 -0.008386956789439745 -0.12962745130062103 -0.002890874488860634 0.9999584248406329 0.008646602124946962 -0.7025159597396851 0.00841223169118166 -0.008622014162972813 0.9999274028594982 18.93573760986328
0.9999781250966677 0.0002817492847771412 -0.0066090621332367235 -0.11448834836483002 -0.000266869318407692 0.999997433030706 0.0022522228658065405 -0.7220422625541687 0.006609679665416479 -0.002250409950732557 0.999975681359544 19.932331085205078
0.9999890923635633 0.00168117910208987 -0.0043546032751896275 -0.10018404573202133 -0.0016947438745972612 0.9999937049168937 -0.0031132275211207413 -0.748007595539093 0.004349342081695795 0.003120573465473453 0.9999856353269294 20.930322647094727
0.9999923706189939 0.0031013576450096498 -0.0023902702667376353 -0.08137737214565277 -0.0031104796972599436 0.9999878690182081 -0.003822071217898176 -0.7776126861572266 0.0023783876094967127 0.0038294768714358107 0.9999898672309264 21.96135711669922
0.9999931454681743 0.0035958522132295504 -0.0008560699217730088 -0.058455608785152435 -0.003598144388116953 0.9999898754392003 -0.0026912151174738317 -0.8111893534660339 0.0008463840931653976 0.0026942770605881128 0.9999960064901003 22.99537467956543
0.9999908804904223 0.00424292434499464 0.0004285322911482804 -0.03512561321258545 -0.004241468344900745 0.9999853906381709 -0.0033432407411838633 -0.8454413414001465 -0.00044271117076277733 0.0033413926812835837 0.9999942779547695 24.02437973022461
0.9999832511158999 0.0055577377473844435 0.0016324170151243455 -0.014449110254645348 -0.005550039308453852 0.9999736714982725 -0.004683202744943977 -0.8781234622001648 -0.0016584019176661968 0.004674064107023368 0.9999877214581296 25.061296463012695
0.9999672771305939 0.0077650910543198915 0.0022804190852787408 0.0010654237121343613 -0.00775388550828196 0.9999580108497884 -0.004882330798281824 -0.9075406789779663 -0.0023182351142168045 0.004864488719249993 0.9999854564984894 26.103572845458984
0.9999564887367889 0.008995676928955178 0.0024754762728893764 0.01512356661260128 -0.00898486983331409 0.9999501924988529 -0.004342790546600994 -0.9341750741004944 -0.0025144193787127733 0.004320359644753663 0.9999874830541593 27.161712646484375
0.9999483228960813 0.009923438311122114 0.002202486678181496 0.02721741795539856 -0.009914649975815926 0.9999429902918632 -0.003965786136761032 -0.9598013758659363 -0.0022417153231799603 0.003943744487304501 0.9999897480204964 28.219575881958008
0.9999505878373682 0.009757810621217885 0.001892429917569657 0.03947925195097923 -0.009751347502033048 0.9999466503240801 -0.0033950636603275 -0.9858896136283875 -0.001925457501783967 0.003376442288166026 0.9999924302206864 29.274600982666016
0.999948740053469 0.010032340480688228 0.001364239636034484 0.049190789461135864 -0.01002980464088754 0.9999479993264756 -0.001852956622266484 -1.0105060338974 -0.00138275814242661 0.0018391786065691251 0.9999973773972215 30.327638626098633
0.9999524355019425 0.009735137945555902 0.0006310216325827408 0.058185428380966187 -0.009735512668994473 0.9999524391502408 0.000593263460374975 -1.0339890718460083 -0.0006252161110751331 -0.0005993785545409629 0.9999996423721633 31.38030433654785
0.999955713751568 0.009408668559930965 -0.0003092193908470678 0.06482792645692825 -0.009408022647617864 0.9999537406341509 0.0020270431958225184 -1.0556278228759766 0.00032827683025971055 -0.0020240441620919536 0.9999979138375537 32.44241714477539
0.9999629259411904 0.008512623426777513 -0.001258544832138917 0.06902420520782471 -0.008510819984878348 0.9999627317714451 0.0014312830776485222 -1.0784302949905396 0.0012706819688901305 -0.0014205188278239855 0.9999981522568575 33.499839782714844
0.9999585748885664 0.008762120314198494 -0.0024541178630548993 0.06821973621845245 -0.008760484313305728 0.9999613620815909 0.0006766278858551766 -1.1029800176620483 0.0024599519092589617 -0.000655100610335458 0.9999967217452621 34.56869125366211
0.9999610783822277 0.008035455194752957 -0.003634949701977803 0.06274878978729248 -0.008029319760810338 0.9999663341012914 0.001699260830007721 -1.127061128616333 0.0036484815645962954 -0.0016700085525389596 0.9999919533821071 35.64467239379883
0.9999641182982124 0.006829648885605448 -0.005011773047931394 0.05392732471227646 -0.006807181707882165 0.9999667668377311 0.004486328762613121 -1.1493644714355469 0.005042246542870998 -0.00445205188250003 0.999977409965247 36.720088958740234
0.9999544625623003 0.007197537032046399 -0.006271293993395525 0.041949592530727386 -0.007145161598332006 0.9999397828341372 0.00833436036634162 -1.1669539213180542 0.006330902688205242 -0.008289171146316221 0.9999456412515428 37.800079345703125
0.9999426611536855 0.0076525546701721354 -0.007487321050929753 0.026394598186016083 -0.007571524392357559 0.999913078908111 0.010791474722888121 -1.1853512525558472 0.0075692529790103436 -0.010734165599543821 0.9999136941268283 38.88269805908203
0.9999322306446459 0.007730479046358648 -0.008702858670494184 0.010637437924742699 -0.007632890191442421 0.9999082392207556 0.011191330068241903 -1.2037203311920166 0.008788574486970901 -0.011124143974559075 0.9998995089585492 39.973270416259766
0.999929548405806 0.006901308513426538 -0.009657630257629994 -0.004388641566038132 -0.006805636532612236 0.9999277647367514 0.009904425106796773 -1.2242745161056519 0.00972528662532568 -0.009838001502814275 0.9999043368327847 41.06837463378906
0.9999201907793775 0.007306824000683463 -0.010307621778243218 -0.01977444253861904 -0.007213040833833145 0.9999325680207852 0.009106427360642832 -1.2462303638458252 0.010373464785516262 -0.009031350754279022 0.9999054096230822 42.179195404052734
0.9999092239026339 0.007667923757800935 -0.01107900760589978 -0.03445792570710182 -0.007557915969621853 0.9999221018576404 0.009937343616496713 -1.2662619352340698 0.01115434244275093 -0.009852707051260179 0.9998892575891603 43.2989501953125
0.99989211806502 0.008269261743975369 -0.01213979145899653 -0.050700604915618896 -0.008127672240398898 0.9998988948275366 0.011666637058950978 -1.2868318557739258 0.012235038913786411 -0.011566709868593428 0.9998582055611394 44.41706848144531
0.9998696482099945 0.009026467012488487 -0.013383281075120585 -0.06712176650762558 -0.008839940417770809 0.9998638266229375 0.013931540305706704 -1.30497145652771 0.01350721251219511 -0.013811417462830655 0.9998133269607301 45.54380798339844
0.9998427683196098 0.010215765869227872 -0.01449436778384989 -0.08776630461215973 -0.010015423096676468 0.9998542328116874 0.01382801901925668 -1.3266299962997437 0.014633518643677235 -0.013680678158788373 0.9997993807833438 46.68239212036133
0.9998064724808984 0.012171933546327127 -0.01545553264288176 -0.11192040145397186 -0.012017203205814064 0.9998770971773747 0.010065071409583255 -1.3516331911087036 0.015576145611703396 -0.00987739154367534 0.9998298942649946 47.82585144042969
0.9997629659391762 0.014068763373757159 -0.016613923945321712 -0.13556678593158722 -0.013969608129892785 0.9998839607286432 0.006069262446034919 -1.37918221950531 0.016697384417057037 -0.005835734114179231 0.9998435401840666 48.973384857177734
0.9997365643061862 0.014861588773004076 -0.017493416010119035 -0.15905942022800446 -0.014764767390713918 0.9998750417439868 0.005650963899295878 -1.4074246883392334 0.017575211822986603 -0.0053911887793120505 0.9998310230781016 50.133453369140625
0.9997006875217096 0.016329527514751488 -0.01821911060219702 -0.18609237670898438 -0.016178076598236668 0.9998336164790155 0.008429411851720714 -1.4360896348953247 0.018353726714849472 -0.00813213823471326 0.9997984822681971 51.291038513183594
0.9996747637652135 0.017569135003140668 -0.018484128479971686 -0.21227756142616272 -0.017368113735844015 0.9997888293634527 0.010980273485833861 -1.46240234375 0.018673140555620193 -0.010655668481280411 0.9997688630908392 52.44707489013672
0.9996810206721953 0.016533585225720324 -0.019091160050568542 -0.23736174404621124 -0.01629807228707647 0.999789968016143 0.01242660179843111 -1.4854114055633545 0.01929260604083538 -0.012111488545189453 0.9997404950347466 53.5980110168457
0.9996754780231569 0.016361625084991154 -0.019525508048354394 -0.2623044550418854 -0.01614140502143835 0.9998049175007974 0.011383396346109234 -1.5110996961593628 0.019707949832081795 -0.011064533576248259 0.9997446059843966 54.75096130371094
0.9996851323266895 0.015921206929716086 -0.019394786428964698 -0.28460341691970825 -0.015739615895634884 0.9998311841101257 0.009479830456943825 -1.5382918119430542 0.01954244263470173 -0.009171578989801032 0.9997669538752518 55.894954681396484
0.9996865032362159 0.01604769011530914 -0.019216635995805496 -0.30391475558280945 -0.01591126152112765 0.9998472519274023 0.007231455131127319 -1.5665639638900757 0.019329749047756195 -0.006923427455030218 0.9997891828488079 57.03547668457031
0.9997061694849556 0.015067523096983792 -0.018988698367989915 -0.31754735112190247 -0.014978385124817528 0.9998761569229944 0.004827799601283348 -1.5951893329620361 0.019059089943766594 -0.004541961122635801 0.9998080749165688 58.158203125
0.9997282198960278 0.014066609281640684 -0.018589107158891168 -0.3275934159755707 -0.014038518637258246 0.9999000998426094 0.0016407546680567535 -1.629867672920227 0.018610330298542976 -0.001379345235799495 0.9998258353931533 59.26215362548828
0.9997609381837975 0.012342177897398568 -0.018047524263187148 -0.333924800157547 -0.012346106540770396 0.9999237793962583 -0.00010628677008434187 -1.6678918600082397 0.018044836819171906 0.00032907801400525183 0.9998371005155349 60.344913482666016
0.9997913924453421 0.01077066790039268 -0.017353986823124994 -0.3438364863395691 -0.010733396489996438 0.9999398932933187 0.002239423925726102 -1.7003521919250488 0.017377063632011414 -0.0020526896083114254 0.9998469355871826 61.437862396240234
0.9998179144640673 0.01020108114105714 -0.016126815083238787 -0.3561422824859619 -0.010061556736348787 0.9999114653852148 0.008709286269861335 -1.7257722616195679 0.01621423102915287 -0.0085454390962314 0.9998319793106347 62.547786712646484
0.9998441981485655 0.009264861217759752 -0.015026293339763092 -0.36404532194137573 -0.009028900062623024 0.9998360470323124 0.01569577438502842 -1.7438093423843384 0.015169248916208744 -0.015557658017605336 0.9997639199280783 63.667015075683594
0.9998623759410634 0.007721431336405316 -0.01468244582536042 -0.3723505139350891 -0.007476201752122158 0.9998328253682971 0.016684402870107036 -1.7594183683395386 0.014808819629251957 -0.016572337809432014 0.9997529538151753 64.79813385009766
0.9998866328764677 0.004360943289430382 -0.014412505877861012 -0.37933698296546936 -0.0041670004341776146 0.999900725915195 0.013459317020423264 -1.7727183103561401 0.014469770714640617 -0.013397734753197721 0.9998055790440219 65.9315185546875
0.9998949173625888 0.00276738515458635 -0.014231186228889529 -0.3901434540748596 -0.002626121657415867 0.9999471774309052 0.00993546429411784 -1.7838084697723389 0.014257930219173431 -0.00989704758339005 0.9998493840418163 67.0738296508789
0.9998960506439829 0.005073991878529212 -0.013495388394397567 -0.40811190009117126 -0.004996983680194522 0.9999710666102215 0.005733872232733359 -1.7976077795028687 0.013524091802537441 -0.005665840301288361 0.9998925342914831 68.22407531738281
0.9999017731288085 0.006390878352973234 -0.01247134869424911 -0.4234411418437958 -0.006371258306749089 0.9999783608452832 0.0016123118820350105 -1.8164489269256592 0.012481383979320526 -0.0015326954034216508 0.999920904729251 69.36636352539062
0.9998855622952441 0.009948152985507486 -0.011395461157767708 -0.4381336271762848 -0.009937414047193893 0.9999500701897603 0.0009986533617308497 -1.8415718078613281 0.011404828168451786 -0.0008852977128256945 0.9999345541271687 70.49637603759766
0.9998423513030801 0.01445920291179344 -0.010307205606893424 -0.45098474621772766 -0.014408489931122703 0.9998837653491603 0.0049776217521959 -1.8707876205444336 0.010377980768680573 -0.004828325888487278 0.9999344951241795 71.6179428100586
0.9998225629637147 0.016320840444615382 -0.009402523348770765 -0.45841556787490845 -0.016251085764929507 0.9998402071160875 0.007447901240661408 -1.9023555517196655 0.009522576816380024 -0.0072937787023262535 0.9999280583995684 72.7334213256836
0.9998351384441584 0.01594755627229404 -0.008682608274687562 -0.46109452843666077 -0.01587922161672084 0.9998428757642421 0.007883108083301456 -1.9296133518218994 0.008806959725916386 -0.007743934955610071 0.999931217403276 73.84757232666016
0.999862257037158 0.014616817767979406 -0.007860896297066466 -0.4613175690174103 -0.014553546535002071 0.9998616937552206 0.008046730686127001 -1.9523416757583618 0.00797742698341608 -0.007931218421134645 0.9999367008689433 74.96673583984375
0.9998796011275459 0.013742847462763066 -0.007202069528360067 -0.4622245132923126 -0.013679361924351485 0.9998677643004372 0.008791245317489236 -1.9717148542404175 0.007321934215724468 -0.008691667274821735 0.9999353895786527 76.09884643554688
0.9998996275353527 0.01254094224513372 -0.0065976457149707875 -0.4625574052333832 -0.012473137532119871 0.9998699904293209 0.010219830668032453 -1.9871333837509155 0.00672495411708951 -0.010136511291589323 0.9999260317964982 77.23242950439453
0.999912084609285 0.011533970856619027 -0.006537881098726073 -0.4632507562637329 -0.011458799661558827 0.9998690799121714 0.011420972045722868 -1.9993114471435547 0.006668754853308201 -0.01134505231388827 0.9999133958823165 78.36682891845703
0.9999213230594499 0.010853347614959177 -0.006283974536918579 -0.464791864156723 -0.010789831296336705 0.9998911912670144 0.010054864665628724 -2.015223979949951 0.006392420269548893 -0.009986270942630604 0.9999296675391172 79.48810577392578
0.999915243290733 0.011766703946015606 -0.005571431602995266 -0.46754178404808044 -0.011731508680423053 0.9999112538374406 0.006308244309719763 -2.037212371826172 0.005645164754241705 -0.0062423486533096095 0.9999645951511873 80.58746337890625
0.9998996269662968 0.013185717414142066 -0.005182154907448406 -0.4703384041786194 -0.01316386482236287 0.9999044061066241 0.00422860962428853 -2.060849905014038 0.005237416829913855 -0.0041599681269653965 0.9999776483766922 81.67655944824219
0.999866785103869 0.015581614058106366 -0.004864066369756964 -0.4765219986438751 -0.015552513257737766 0.9998612654452571 0.005964425939601071 -2.085815906524658 0.00495632691308856 -0.005887982781866419 0.9999703767045176 82.77056884765625
0.9998448508405318 0.016964823658164443 -0.004743979297854831 -0.48270732164382935 -0.01691306220631772 0.9997992057685179 0.010746237176105802 -2.1093950271606445 0.0049253348261117935 -0.01066433493726332 0.9999310381140205 83.8711166381836
0.9998173139313238 0.01850978270948693 -0.004766471964232793 -0.4880872070789337 -0.018435358541187608 0.999714358063831 0.01521124383253753 -2.130269765853882 0.005046667065471411 -0.01512059281181477 0.9998729243555573 84.97036743164062
0.9998011022025466 0.019220693780722765 -0.0053217574924396835 -0.49623098969459534 -0.019133715203467627 0.9996899238639044 0.015938839932338623 -2.148522138595581 0.005626462399959564 -0.01583384390954623 0.999858798583908 86.06001281738281
0.999801698688799 0.019037185711754674 -0.005839953480682126 -0.5038169622421265 -0.01895595293537955 0.9997269508820019 0.013663299669541322 -2.165828227996826 0.006098469719290733 -0.01354988890773301 0.9998896139048838 87.14584350585938
0.9998075997312981 0.018615626405870132 -0.006177130563960809 -0.5123318433761597 -0.01853976381960365 0.9997546261058476 0.012119264959412214 -2.180098295211792 0.0064012231305241585 -0.012002411065157315 0.9999074354642232 88.24507904052734
0.9998202957121407 0.017732134966035082 -0.006706188282006346 -0.5196866989135742 -0.01765580661648336 0.999780556454871 0.011274703597622894 -2.193345069885254 0.006904641166329384 -0.011154273938181802 0.9999139323765576 89.36202239990234
0.9998427665550764 0.016164459868940776 -0.007296232193955992 -0.5266464948654175 -0.016083998827848944 0.9998106526273589 0.010954949829275806 -2.2065672874450684 0.007471931166946888 -0.010835874299369053 0.9999133960888713 90.49728393554688
0.9998600518600398 0.014686554120434889 -0.008013914512821315 -0.5351772308349609 -0.014590206744022893 0.9998221043982005 0.011951447566479333 -2.2215733528137207 0.008188014850020409 -0.011832850409466023 0.9998964690780596 91.64301300048828
0.9998585621260858 0.014485265793112573 -0.008543139902005292 -0.5463053584098816 -0.0143633259619389 0.9997964842932748 0.01416607827634404 -2.2385032176971436 0.008746600709855556 -0.014041367029988816 0.9998631515081087 92.78380584716797
0.9998645226325564 0.013710786243859768 -0.00910618393370689 -0.5590600371360779 -0.013577081381521139 0.9998014278428846 0.014585864269781909 -2.2570533752441406 0.009304359555244446 -0.014460253612790797 0.9998521850049968 93.91368103027344
0.9998645231089753 0.012704341544162195 -0.010466611364456448 -0.5738549828529358 -0.01255351016283518 0.9998182204285874 0.014352510208896403 -2.273852586746216 0.010647047311067581 -0.014219172778733857 0.9998422322354372 95.0478515625
0.9998485503019126 0.012011873611395222 -0.01259206787246695 -0.5918501019477844 -0.011846832458998702 0.9998439720024824 0.013100432769578731 -2.2894644737243652 0.012747464701533318 -0.012949273285657203 0.9998349019471569 96.17023468017578
0.9998079625738434 0.012349717022966522 -0.015217463396156454 -0.6170084476470947 -0.01217326149484299 0.9998582700984717 0.011634151610252056 -2.3052408695220947 0.015358983539044857 -0.011446670665821335 0.9998165446302529 97.2716064453125
0.9997580177305423 0.012504198556288083 -0.0180972137214717 -0.6473143696784973 -0.012301816625774453 0.9998610356700155 0.011251474603538621 -2.321035146713257 0.01823538914322853 -0.011026123396998488 0.9997729164137183 98.35942840576172
0.9996904333150951 0.013702244068870925 -0.02076693950942371 -0.6837329864501953 -0.013459078588441531 0.9998397612400542 0.011804128518424708 -2.337902307510376 0.020925354212522507 -0.01152097006497621 0.9997146275014899 99.42301940917969
0.9996211213364816 0.01449508081711625 -0.023399219796352157 -0.7256466746330261 -0.01420540220552352 0.9998209328510349 0.012498988545847037 -2.3542075157165527 0.02357620559632778 -0.012161857917318719 0.9996480551479507 100.46992492675781
0.99954179734668 0.015049812064557348 -0.02626177510069742 -0.7721937894821167 -0.014698475020729629 0.999800529146592 0.013520429178818754 -2.3709168434143066 0.026460018008947372 -0.013128226528377529 0.9995636645925217 101.50013732910156
0.999450737215497 0.016324381331127027 -0.02884096658650857 -0.824167788028717 -0.01592779125164978 0.9997761589085284 0.013927581765123818 -2.384755849838257 0.02906186878681183 -0.013460558842290915 0.999487021112877 102.49939727783203
0.9993397807715105 0.018470565541740896 -0.031287335557047116 -0.8796665668487549 -0.018041239808844423 0.9997399711389104 0.013949211549473149 -2.399519443511963 0.03153684735298157 -0.013375539180850604 0.999413117593285 103.45138549804688
0.9992290089660258 0.020402497739473707 -0.033541377700477375 -0.9354674220085144 -0.01999083367854526 0.9997211945997735 0.01256322143517384 -2.416602373123169 0.033788349479436874 -0.01188301585866669 0.9993583367598546 104.35069274902344
0.9991201511117644 0.022249672395154154 -0.035550307309867135 -0.9895947575569153 -0.021948306167258846 0.9997199755190889 0.008845098908460832 -2.437206506729126 0.03573715314269066 -0.008057047832065234 0.9993287532411053 105.18118286132812
0.9989887254898804 0.0249311803572548 -0.03741701110950448 -1.0441285371780396 -0.02476356069418384 0.9996811454182919 0.004936653366804684 -2.4602479934692383 0.037528157234191895 -0.0040050825220454556 0.9992875513491057 105.94771575927734
0.9988536132721322 0.027251768756590054 -0.03935502827324443 -1.098623514175415 -0.027184687564338894 0.9996279485537742 0.002238730330517638 -2.486029863357544 0.03940139338374138 -0.0011663097278671875 0.999222815545906 106.66305541992188
0.9987375190564265 0.029710778955313735 -0.040503828475207074 -1.1489487886428833 -0.029690594927043623 0.9995585146069246 0.0010998883573201737 -2.515761375427246 0.0405186265707016 0.00010408299975948887 0.9991787672042847 107.32612609863281
0.9986583735812182 0.03270506237343086 -0.04014734839463869 -1.1949124336242676 -0.03267908156617816 0.999465061925796 0.0013033736393884034 -2.5483813285827637 0.04016849771142006 1.0353473651764783e-05 0.9991928935050964 107.9399642944336
0.9985778026848706 0.037536623898616193 -0.03785958962843795 -1.2355144023895264 -0.0374629346579709 0.9992944951493045 0.0026541637468163455 -2.586005926132202 0.03793250769376755 -0.0012320576283107523 0.9992794996116423 108.50226593017578
0.9985832622380286 0.04133085595274875 -0.03351470393526861 -1.2664114236831665 -0.041221622761816734 0.9991422580731215 0.003943978974972551 -2.625072479248047 0.03364896401762962 -0.0025568608045956065 0.9994304198710147 109.0284423828125
0.9987034682515059 0.043024212296885314 -0.02720892807357471 -1.2837070226669312 -0.04289622861312381 0.999065653237143 0.005270320837239332 -2.6638829708099365 0.02741025574505329 -0.0040963270618039616 0.9996158512223019 109.5260009765625
0.9988772756314148 0.04359557082834052 -0.018537042006327133 -1.2863173484802246 -0.04347317813771845 0.9990303489880235 0.006955363634648984 -2.698619842529297 0.018822291865944862 -0.006141690625187324 0.9998039636704306 109.99967193603516
0.9990232894684823 0.04349904851308362 -0.0077686024200815055 -1.2743710279464722 -0.04344281098291858 0.9990294948047637 0.007266942810197213 -2.7333381175994873 0.0080771679058671 -0.006922355065394653 0.9999434359733286 110.44737243652344
0.999060820720743 0.04301932698626728 0.005171218895739196 -1.2475534677505493 -0.043051907954384516 0.9990525597987978 0.006363691143875732 -2.76596736907959 -0.004892557859420776 -0.006580345658044606 0.9999663832395633 110.88011169433594
0.9988652555821531 0.04310528312119917 0.02025144716223364 -1.2053974866867065 -0.04320296655605471 0.9990565755134936 0.0044108462071413435 -2.7958614826202393 -0.020042210817337036 -0.005280763670863831 0.9997851876618284 111.294677734375
0.9983926821757194 0.042400952235607484 0.03760634735287439 -1.1489707231521606 -0.04244519853351392 0.9990987123449114 0.0003785708782456797 -2.8238024711608887 -0.03755640238523483 -0.001974171261882318 0.9992925538588082 111.68982696533203
0.9974257645981481 0.04293485207721078 0.05743202050427963 -1.0798888206481934 -0.0427016677084886 0.9990738908842883 -0.0052818481360190125 -2.8478505611419678 -0.05760560929775238 0.0028158083557172087 0.9983354277169241 112.07181549072266
0.9958717408092461 0.04217616985238105 0.08037869641813063 -0.9960344433784485 -0.041392938808916924 0.9990780954205299 -0.01138647806081541 -2.8691670894622803 -0.08078482747077942 0.008012360795187523 0.9966993791749488 112.45146942138672
0.993535077428163 0.04107257401053521 0.10583560340502085 -0.8913956880569458 -0.03961444551817528 0.9990894169473363 -0.015843783261449845 -2.8908724784851074 -0.10638997703790665 0.011548735305099145 0.9942574158108215 112.82415008544922
0.9902912867238314 0.03943425788049295 0.13329718080947778 -0.7652089595794678 -0.037252516264486335 0.9991286185627128 -0.018822998105961254 -2.913102149963379 -0.13392329216003418 0.013674595478485152 0.9908973804853289 113.19104766845703
0.9857432879566339 0.03870455671714789 0.16374436821098684 -0.6184864640235901 -0.035506782638492274 0.9991181056239754 -0.022412087980632805 -2.9341840744018555 -0.16446740925312042 0.01627852896691906 0.9862482020787517 113.54351806640625
0.9796829875175206 0.038393442381041636 0.19684307379726174 -0.448072224855423 -0.03390857966253269 0.9990839444213522 -0.026105127798576905 -2.9502501487731934 -0.1976650208234787 0.018900079799136216 0.9800873720099723 113.88323974609375
0.9715439392259881 0.037838568156202214 0.23381735527092878 -0.24762092530727386 -0.03197091724595813 0.9990727090311938 -0.028835884879085324 -2.9627623558044434 -0.23469166457653046 0.020539974878223566 0.971852816719192 114.22515106201172
0.961726748518128 0.03839679576907529 0.2713067060347219 -0.02874770760536194 -0.030828107526873483 0.9990089055243537 -0.032105827568208796 -2.9741337299346924 -0.2722705900669098 0.02251316131438308 0.9619573068734688 114.54426574707031
0.9493296858161422 0.04299823482544519 0.3113266821128158 0.20280152559280396 -0.033127278431794416 0.9987687075798367 -0.036927713715387535 -2.984452724456787 -0.31253117322921753 0.024743167937879895 0.9495851502839834 114.84001922607422
0.9334946156490957 0.04982816909127341 0.3551126980296452 0.45910561084747314 -0.0371954533339629 0.9984116655672934 -0.042316903371022827 -2.9916462898254395 -0.3566572070121765 0.026294022480194634 0.9338652534465552 115.11691284179688
0.9149284662219088 0.054724653995548614 0.3998888374340051 0.7468975782394409 -0.03964409470779273 0.9981593358758244 -0.04589378954776123 -2.990675449371338 -0.4016643166542053 0.02613630487901819 0.9154139466147342 115.38236999511719
0.8936008742726145 0.0588063064412997 0.44499357135598294 1.0556159019470215 -0.040982927565925475 0.997929036960742 -0.04957855939574427 -2.9885897636413574 -0.4469875395298004 0.026066305693632108 0.8941603479195521 115.62523651123047
0.8693859289898427 0.06224624242212576 0.4901974609796478 1.3757531642913818 -0.04072291946180506 0.9976849671211677 -0.05446419290362582 -2.9842348098754883 -0.49245283007621765 0.02738813105309479 0.8699081153845469 115.83987426757812
0.8424946630434249 0.0675682045328449 0.534450453807167 1.7106239795684814 -0.04094759273032267 0.9972648628007937 -0.06153099728091734 -2.9798269271850586 -0.5371462106704712 0.029955078037557925 0.8429571005173386 116.03775024414062
0.8132761842531977 0.07543307806801725 0.5769675856131674 2.051265239715576 -0.04208280621601945 0.996589866261987 -0.07097607648195524 -2.974574327468872 -0.5803540349006653 0.03344273879237414 0.8136772693816674 116.22233581542969
0.7815061323944725 0.08594346206192086 0.6179497648181546 2.397613763809204 -0.04429120514233209 0.9956101891702192 -0.08245385397604521 -2.970266103744507 -0.6223234534263611 0.03706845207914755 0.7818819942892254 116.393798828125
0.7468901053902499 0.0982602957580558 0.6576473423571494 2.751586437225342 -0.04730227350574445 0.9943672218151487 -0.09484903015327863 -2.9682278633117676 -0.6632628440856934 0.039733589241291334 0.7473310040583243 116.54788970947266
0.7092551355988377 0.10893903172653188 0.696483588427128 3.117314577102661 -0.04881411327775709 0.9932054891761606 -0.10564094191465487 -2.9646992683410645 -0.7032597661018372 0.040928153652959764 0.7097538882558609 116.68061065673828
0.6705457038825635 0.1128417319883354 0.7332361244570712 3.5016937255859375 -0.045913448284092606 0.9927819805142257 -0.11079673952023827 -2.9547226428985596 -0.7404460906982422 0.040628877592795654 0.6708866248657763 116.79461669921875
0.630761231887778 0.11236707759361356 0.7677981132258815 3.8841583728790283 -0.04124864656407112 0.9929162819594457 -0.11142649453107305 -2.9427452087402344 -0.7748798727989197 0.03861287853339612 0.6309280638866177 116.8824234008789
0.5882885896025982 0.11136990460311198 0.8009452214088921 4.257781028747559 -0.03727023941411289 0.9931524148180386 -0.11072122047748131 -2.9318888187408447 -0.8077917098999023 0.03528460949493706 0.5884110000502005 116.94107818603516
0.5440037549186627 0.1102702580708925 0.831805446164423 4.6168036460876465 -0.03374015635116123 0.9934000398076354 -0.10962624165748337 -2.9191808700561523 -0.83840411901474 0.03157184199568608 0.5441338996685232 116.98250579833984
0.4979288999506828 0.10670861224189664 0.8606277017531305 4.976044654846191 -0.029540257577871598 0.9939119024499032 -0.10614347311035104 -2.9001755714416504 -0.866714596748352 0.027428739221005083 0.4980496675103261 117.0091323852539
0.44994269452219626 0.10144705637073743 0.8872767868963591 5.322134017944336 -0.025117846476893746 0.994571631372584 -0.10097725254048191 -2.8776445388793945 -0.8927041292190552 0.023147494574116356 0.45004836345509247 117.01362609863281
0.4012094925475971 0.1015221015606301 0.9103429396174421 5.67193078994751 -0.022884461315868743 0.9946397227721633 -0.1008372230991097 -2.8603553771972656 -0.9157004356384277 0.019624142901643715 0.4013821684154095 117.00900268554688
0.35208598008252245 0.10715158593090729 0.9298139056297321 6.031881332397461 -0.021272637309722175 0.9940847629410691 -0.10650298860843252 -2.845647096633911 -0.9357258677482605 0.017718616149438038 0.3522827248218885 116.99374389648438
0.30274970729685435 0.1128969681419623 0.946359819709405 6.397302150726318 -0.018871933568668453 0.9934747337461857 -0.11248027591309231 -2.8259782791137695 -0.952883243560791 0.016193731666496625 0.3029047821511881 116.95616149902344
0.2568154795822437 0.11422326118194984 0.9596868555702708 6.771524906158447 -0.01581814264696435 0.993355093461576 -0.11399751363301996 -2.806189775466919 -0.9663310050964355 0.01409586254424644 0.2569157643289586 116.89105987548828
0.21598646864154247 0.10868649728643776 0.9703282860293839 7.168221473693848 -0.011857973608390415 0.994003962282865 -0.10869892765142114 -2.7928740978240967 -0.9763243198394775 0.011971370775939183 0.21598021544715795 116.80467987060547
0.17992622346561582 0.10112311141820547 0.9784685508380996 7.589041709899902 -0.00832968685609442 0.9948229400224301 -0.10128160184532345 -2.7895796298980713 -0.9836448431015015 0.010072879675487645 0.17983706160817636 116.70393371582031
0.15007696222146194 0.09697605752820944 0.9839067461018717 8.028660774230957 -0.006172017879121583 0.9952503403356078 -0.09715267757701082 -2.792055130004883 -0.9886550307273865 0.008507688830957427 0.14996268810052982 116.60321044921875
0.12307907187282163 0.09685228501756307 0.9876594603941709 8.511495590209961 -0.005285595706547602 0.9952761848217864 -0.09694052255487973 -2.797858953475952 -0.9923827648162842 0.006710980689407481 0.12300958652219407 116.51344299316406
0.0990759887943451 0.09848393251474322 0.9901943626268369 9.049173355102539 -0.004855113795504934 0.99512634677128 -0.09848867378452951 -2.8034701347351074 -0.9950680136680603 0.0049503563835750775 0.09907127655145276 116.44046020507812
0.07713987008146539 0.09951406426741229 0.9920415355413317 9.614389419555664 -0.0042190086647208025 0.9950300382316186 -0.09948578448442547 -2.812208652496338 -0.9970113635063171 0.0034888887126118817 0.07717633983092576 116.3741455078125
0.05752424266516032 0.0953583699916117 0.993779497672902 10.186369895935059 -0.0030451275726823823 0.9954399370415515 -0.09534143368552284 -2.8166871070861816 -0.9983394742012024 0.002458258473373179 0.057552308198848046 116.29373931884766
0.04092854137748958 0.0893627815868562 0.9951578825938594 10.787631034851074 -0.001902904517156745 0.995997587977277 -0.0893599254332825 -2.820587635040283 -0.9991602897644043 0.0017636810331828068 0.04093477867065154 116.20256042480469
0.027402489781318096 0.08634470850529874 0.9958883552184696 11.432792663574219 -0.001129096770416435 0.9962645169464687 -0.08634625367230193 -2.821056842803955 -0.9996238350868225 0.0012416480186993178 0.02739762000526269 116.10992431640625
0.016805269640515985 0.0902678749556239 0.9957757163032721 12.104275703430176 -0.0006734855744723323 0.9959171506366535 -0.09026933025489842 -2.820286989212036 -0.999858558177948 0.000846359903275605 0.01679745132852961 116.02416229248047
0.008470904739482865 0.09712650045339671 0.9952360203409295 12.801138877868652 -0.00035871000996356983 0.9952719590713455 -0.0971269547486972 -2.817779779434204 -0.9999640583992004 0.0004657520471263721 0.008465693995664436 115.9453125
0.0024718637016935413 0.09557815622619731 0.9954188533118289 13.489729881286621 -0.00010045398283202965 0.9954218928294617 -0.09557820027559516 -2.814863920211792 -0.9999969601631165 0.00013626249775498984 0.0024701484914976674 115.87330627441406
-0.00048182842318045087 0.08716156086986088 0.996194052029008 14.18416690826416 1.693817558908199e-05 0.9961941712210837 -0.08716156289552707 -2.811271905899048 -0.9999998807907104 -2.5123208490895714e-05 -0.0004814710217077543 115.80885314941406
-0.0009733401208315146 0.08298278600674854 0.9965504894787518 14.88109016418457 3.1945028724778e-05 0.9965509662432075 -0.0829827943328017 -2.8084464073181152 -0.9999995231628418 -4.8935651855608504e-05 -0.0009726339811295948 115.75928497314453
4.141778757058901e-05 0.08323804900913134 0.9965297105806232 15.585171699523926 -1.3905241774358709e-06 0.9965297105806232 -0.08323804900913134 -2.804874897003174 -1.0 2.0618371095769346e-06 4.138979905578049e-05 115.72762298583984
0.0015768526816229145 0.08717561520197034 0.9961917414954227 16.297767639160156 -5.8272263618367424e-05 0.9961929930804572 -0.08717563198736207 -2.800840377807617 -0.9999987483024597 7.941277903941637e-05 0.001575929468190046 115.71458435058594
0.003421982293292311 0.08969354681140655 0.9959635262062921 17.016033172607422 -0.00013062824127697825 0.9959693669286385 -0.08969362569557598 -2.795538902282715 -0.999994158744812 0.00017682904523636835 0.0034199062436934546 115.70841979980469
0.005180393931869087 0.09047236086505563 0.9958854921684575 17.74527359008789 -0.0001961602246506322 0.9958989017242309 -0.09047256070016887 -2.7906951904296875 -0.9999865889549255 0.00027333038643065355 0.00517689577877789 115.7055435180664
0.006719154649217185 0.09002820515785483 0.9959165540892582 18.475196838378906 -0.0002527162425379637 0.9959391417201097 -0.09002854319042543 -2.7850608825683594 -0.9999774098396301 0.0003532314133324454 0.0067146206703775635 115.70997619628906
0.007891933742281143 0.08938195495224949 0.9959662203515471 19.208797454833984 -0.0002993510410961159 0.9959973906668346 -0.0893823812898179 -2.7838327884674072 -0.9999688267707825 0.00040725628835618435 0.00788710165598644 115.71986389160156
