1 0 0 0 0 1 0 0 0 0 1 0
0.9999966025381326 -0.0018338047651615447 -0.0018492180278755267 0.0026177966501563787 0.0018326781909385678 0.9999981501968604 -0.0006107051027560593 -0.017389539629220963 0.0018503344617784023 0.0006073139936880016 0.9999980926516763 0.5941115021705627
0.9999906420914471 -0.002686051347006746 -0.0033877690165787944 0.002212553983554244 0.0026797441430875812 0.9999946783200517 -0.001864908922566578 -0.033092767000198364 0.0033927601762115955 0.0018558130637238643 0.9999924898247521 1.1909148693084717
0.9999794960898925 -0.003511128447954259 -0.0053614725574550595 0.0004645043518394232 0.003494500533114231 0.9999890939941104 -0.0031075987704615193 -0.04929020255804062 0.005372324958443642 0.0030887992214296 0.9999808073731629 1.7812159061431885
0.9999595884322332 -0.0055109166606776136 -0.007100479845102172 -1.6895239241421223e-05 0.005479261846851324 0.9999749720259096 -0.004469897052730286 -0.06502072513103485 0.007124935742467642 0.004430811102780208 0.999964773904658 2.3606197834014893
0.9999332438875079 -0.007594938892445098 -0.008707416583156498 -0.0012549575185403228 0.007543399056554073 0.9999539557211286 -0.005936686288304109 -0.08068844676017761 0.00875210389494896 0.005870606194766703 0.9999444491312595 2.9405174255371094
0.9999091645269225 -0.008770814821462119 -0.01023455006931648 -0.004423957318067551 0.008702407443512583 0.9999396243606513 -0.00670946958129474 -0.09809588640928268 0.01029277965426445 0.006619794611080698 0.9999250781237947 3.533202886581421
0.9998884826774201 -0.009430349388449244 -0.011581162760930536 -0.009905321523547173 0.009369063549842016 0.9999419126027175 -0.005334744192723028 -0.11674021929502487 0.011630797758698463 0.005225644338423124 0.9999187001879299 4.126140594482422
0.9998706021642718 -0.009692999054785387 -0.012838282471810054 -0.016645653173327446 0.00962414341147344 0.9999390243858495 -0.005414276087238094 -0.13537175953388214 0.012889980338513851 0.005290017935021318 0.9999029051974944 4.72283935546875
0.9998453311971645 -0.010133174103147987 -0.014372373675170884 -0.028878994286060333 0.010028672432104424 0.9999229055025165 -0.0073245040575087295 -0.15100984275341034 0.014445485547184944 0.007179235464130351 0.9998698857478416 5.325173377990723
0.9998178545601739 -0.009866794471382806 -0.016336415171634384 -0.0441691130399704 0.009698125280666603 0.9998991920569277 -0.010371952054550005 -0.1667737066745758 0.0164371058344841 0.010211629993098992 0.9998127292533674 5.9315619468688965
0.9997950863866443 -0.009685792899411193 -0.017776793660451568 -0.059134796261787415 0.009449417267367977 0.9998664673421606 -0.01333304871775319 -0.18249306082725525 0.017903560772538185 0.01316233580144388 0.9997530718471168 6.512172698974609
0.9997819724627561 -0.008490708580959367 -0.01907729773204956 -0.07939654588699341 0.008244443995961248 0.9998821671491597 -0.012950552752926203 -0.20110197365283966 0.019185008481144905 0.01279044685238695 0.9997341187425377 7.100218772888184
0.9998398439803822 -0.0048076492302093175 -0.017240960606317263 -0.09753677248954773 0.0047270251095896665 0.9999777471325139 -0.004714022439881429 -0.20950879156589508 0.01726323924958706 0.004631768731918617 0.9998402611507231 7.7149434089660645
0.9999191761016846 0.00012446608390002424 -0.012713381483517205 -0.11037270724773407 2.4992815077506947e-05 0.9999309219524132 0.011755195265778786 -0.21949242055416107 0.012713965959846973 -0.011754562900920806 0.9998500999018489 8.381220817565918
0.9999397398288323 0.0022803145323487114 -0.010739184060475478 -0.11920614540576935 -0.0020744873159269234 0.9998146792359369 0.01913829975247436 -0.22867272794246674 0.010780835524201393 -0.01911486793581363 0.9997591482507673 9.021611213684082
0.9999303821543322 0.0036574702434988876 -0.011220470594116487 -0.13029250502586365 -0.003451692224399505 0.9998264955679436 0.01830439576589221 -0.2354516088962555 0.011285471729934216 -0.018264391937112823 0.9997695194588943 9.711212158203125
0.9999235277402718 0.003937254402273511 -0.011723800932618782 -0.1346965879201889 -0.0037972348161797453 0.9999215058855006 0.011941589051981302 -0.23952944576740265 0.011769897304475307 -0.011896157865648349 0.9998599935896593 10.4224214553833
0.9999235275866525 0.00318208341039398 -0.011950951705132407 -0.13731874525547028 -0.00310247397588706 0.9999728718839951 0.006674001852762786 -0.24280688166618347 0.01197186578065157 -0.006636414152898729 0.999906303078447 11.134068489074707
0.9999272228349554 0.0018331779166519868 -0.011922841143022946 -0.14466331899166107 -0.0017313020953579894 0.9999619748187959 0.008549303414075244 -0.24529024958610535 0.011938059702515602 -0.008528039030025747 0.9998923566034534 11.877945899963379
0.9999436143197649 0.003716079284861623 -0.009947467778055278 -0.15324978530406952 -0.0035412934458502188 0.9998400574485716 0.017531200102958246 -0.2453150451183319 0.010011023841798306 -0.017494984253088597 0.9997968154387138 12.635729789733887
0.9999555352000762 0.003991047353524724 -0.008546561907179694 -0.15875083208084106 -0.0037655030770649273 0.9996484350393361 0.026245497434136993 -0.2487391084432602 0.008648304268717766 -0.02621214847973996 0.99961901995243 13.409393310546875
0.9999665023498814 0.0036231140770381525 -0.007344239020780617 -0.16525380313396454 -0.0034089680260975253 0.9995746443451476 0.02896410866345269 -0.2554217576980591 0.0074460553005337715 -0.028938100466747163 0.9995534536100301 14.203963279724121
0.9999751449005387 0.001975312403913976 -0.006766074634522839 -0.16691094636917114 -0.0017865711414699337 0.9996122320644614 0.027788584116339034 -0.26500391960144043 0.00681834202259779 -0.027775806095230893 0.9995909422916256 15.041671752929688
0.9999777674828891 0.0013575225173420983 -0.006527181264765189 -0.1683349460363388 -0.001192655246053144 0.9996818123921559 0.02519645173754196 -0.2741289436817169 0.006559309083968401 -0.025188107082109723 0.9996612140260019 15.886663436889648
0.9999773502965574 0.0026448363397824203 -0.0061884902235341405 -0.17295950651168823 -0.002508994881745122 0.9997579617067734 0.021856408379168156 -0.2806156277656555 0.006244799122214317 -0.02184038694526358 0.9997419761420403 16.754745483398438
0.9999822974267047 0.0009228467194059528 -0.005872006499811099 -0.1716114729642868 -0.0008226252898209385 0.999854303372057 0.01704724747621021 -0.28269636631011963 0.005886883474886417 -0.017042115891471865 0.99983740104852 17.63669776916504
0.999981701382552 -0.0009301012979286957 -0.005983581910797935 -0.16895310580730438 0.0009982794491425195 0.9999345029367706 0.011401319392949446 -0.2881794571876526 0.005972585640847683 -0.011407083561791709 0.9999170910991069 18.554664611816406
0.99998539686203 -0.00015013549236950565 -0.005405105339071892 -0.17150557041168213 0.00018612256418501505 0.9999778337699852 0.006658090776480162 -0.30629149079322815 0.005403985735028982 -0.006658999328842147 0.9999632242579679 19.487319946289062
0.9999883174956032 0.0010408584169435146 -0.00471575262608184 -0.17749710381031036 -0.0010119535855990791 0.9999807184513361 0.006127660436149164 -0.33925655484199524 0.004722039680927992 -0.0061228170258077474 0.9999701382815758 20.44913101196289
0.9999911785216682 0.001562644644778766 -0.00389514141399683 -0.18113644421100616 -0.0015348790224409825 0.9999734333043204 0.007121103712718756 -0.3765321969985962 0.003906165948137641 -0.007115062524530202 0.9999670388247068 21.42749786376953
0.9999889135653781 0.0029762302442502514 -0.0036580980408412577 -0.1861320286989212 -0.0029533134228489077 0.9999760904343348 0.006254218622997914 -0.41371312737464905 0.0036766245029866695 -0.006243345651608084 0.9999737740875752 22.410852432250977
0.9999818206582844 0.004888864964485313 -0.003534189857578942 -0.1910649538040161 -0.004871602590046098 0.9999762528689079 0.0048766206699191895 -0.44752609729766846 0.0035579469986259937 -0.004859314797632519 0.9999818802625526 23.40070915222168
0.999965310261107 0.007634468550381912 -0.0033216917077736816 -0.19607512652873993 -0.007619108702574651 0.99996030550596 0.004612446310364868 -0.48215797543525696 0.00335677363909781 -0.004586977987565022 0.99998378759636 24.41707420349121
0.9999546410652513 0.00900416930917728 -0.003101750519806451 -0.20139628648757935 -0.008988403019837055 0.9999468100353756 0.005059957725111972 -0.5138288736343384 0.003147146198898554 -0.00503184857842337 0.9999824166923048 25.415578842163086
0.9999439718838659 0.010132691126726535 -0.003072501478366822 -0.2068987786769867 -0.010116062975155216 0.9999343856469584 0.0053800209896445106 -0.5416721701622009 0.0031268137972801924 -0.005348637635086195 0.9999808073742997 26.399259567260742
0.9999418260830701 0.010423572400430667 -0.002763712121302628 -0.21370528638362885 -0.010406884714122988 0.9999278829879066 0.005985374143902708 -0.5652607679367065 0.0028259020764380693 -0.005956264640609943 0.9999782443755905 27.397361755371094
0.9999384881942177 0.010817527737978653 -0.002467295208850518 -0.2184116095304489 -0.010799036061774236 0.9999143856328472 0.007388982074551298 -0.587382435798645 0.002547014504671097 -0.007361882885220328 0.9999696613230995 28.389480590820312
0.9999358655245025 0.011167876640430141 -0.00186252794754704 -0.22469784319400787 -0.011149168436331625 0.999890116151663 0.009769202032192469 -0.6096000075340271 0.0019714245572686195 -0.00974781011471948 0.9999505282382763 29.376256942749023
0.9999325872140403 0.011537236437599794 -0.0012975597976601198 -0.2285168319940567 -0.011521876290613686 0.9998700000198533 0.011280070556176405 -0.6274591088294983 0.0014275319408625364 -0.011264360271732887 0.9999355674432593 30.366071701049805
0.9999320507570069 0.011604057096199575 -0.0011077187148905146 -0.2302204966545105 -0.011592040169439377 0.9998797538773798 0.01029981288932483 -0.644538402557373 0.0012271051527932286 -0.010286271983585393 0.9999462962560699 31.369571685791016
0.999920189418475 0.012604942679436317 -0.0008765318585567511 -0.2329665571451187 -0.012596219359648053 0.9998771011701806 0.009332522930272653 -0.6585733294487 0.0009940600721165538 -0.009320737074856034 0.99995607139752 32.34556579589844
0.9999222159616608 0.012457906676905555 -0.0006035711059433923 -0.23271186649799347 -0.012450820781044813 0.9998664526741476 0.010587325913013697 -0.6737737059593201 0.0007353863911703229 -0.01057898682982028 0.999943733232012 33.33604049682617
0.9999268651225677 0.012081085385792287 -0.0006230175952625777 -0.23393870890140533 -0.012071504385319953 0.9998347727859761 0.013592157646077671 -0.6881213784217834 0.0007871226407587528 -0.013583642107651783 0.9999074340141618 34.3447151184082
0.9999215603153999 0.012510639809920164 -0.000635051425853321 -0.2352929711341858 -0.012497645058578422 0.999769394180884 0.0174637909039139 -0.6995652318000793 0.0008533881627954543 -0.017454483823362565 0.9998472929545699 35.35751724243164
0.9999201894372192 0.01260002254120327 -0.0009407077728499258 -0.23690927028656006 -0.012578726131032614 0.9997214223586997 0.019973708951176884 -0.7127960324287415 0.001192114781588316 -0.019960281132248348 0.9998000861639014 36.36919403076172
0.9999204874834113 0.012558856571153684 -0.0011575475975606517 -0.24001598358154297 -0.012532018465129746 0.9997043653551017 0.02083810407786809 -0.7265723943710327 0.001418908010236919 -0.020821939544479195 0.9997822048476515 37.37077713012695
0.9999238849710892 0.01225708921730805 -0.0014159954742119245 -0.24261201918125153 -0.012227396481901132 0.9997378395264744 0.01935778824568087 -0.7401897311210632 0.0016528944252058864 -0.019339000371240478 0.9998115899742785 38.41029357910156
0.9999148846967643 0.012957842864486922 -0.0015114921371293666 -0.2470848709344864 -0.01292730913397322 0.9997413239818713 0.01871154384287843 -0.7543095350265503 0.0017535624792799354 -0.018690411838802046 0.9998237493361373 39.46794891357422
0.999916970903385 0.012757021623421079 -0.00180861303201644 -0.25004929304122925 -0.012718318679305618 0.9997190520749046 0.020001252924540427 -0.7698619365692139 0.0020632613450288773 -0.019976589804364675 0.9997982983102816 40.53124237060547
0.9999088051716036 0.013321547379955088 -0.002223914348557835 -0.25550732016563416 -0.01326961069306204 0.9996714646509587 0.021929837923431374 -0.7846335172653198 0.002515322994440794 -0.02189832713514539 0.9997570522254016 41.591064453125
0.9999042753536003 0.013572958074845619 -0.002688073848083238 -0.2611803412437439 -0.013503643980229407 0.9996131574064445 0.02431360228533783 -0.8006047010421753 0.0030170415993779898 -0.024274976855123143 0.9997007860181384 42.688453674316406
0.9998917584584888 0.014454908335052976 -0.0027336711202337375 -0.2674460709095001 -0.014383709388837929 0.9995967337261349 0.024482511959323685 -0.8212153911590576 0.003086461452767253 -0.024440542667941045 0.9996964945732998 43.77044677734375
0.999873042540731 0.015765130628781383 -0.002334245165994915 -0.2713905870914459 -0.015713262061135658 0.9996605451802303 0.02078300255391905 -0.844660758972168 0.0026610994245857 -0.020743684537309903 0.9997813113150116 44.85186004638672
0.999857306831359 0.01677814950403651 -0.0019543525462548273 -0.2739883363246918 -0.01674307230348604 0.9997193114819373 0.016760970841738446 -0.870198130607605 0.0022350221406668425 -0.016725857780111708 0.9998576048538368 45.95181655883789
0.9998462203685499 0.01743700426573467 -0.0018867009656078435 -0.27529168128967285 -0.017404288573930726 0.9997180776232462 0.016153214035751498 -0.8973081707954407 0.0021678325720131397 -0.016117892944855328 0.9998677971998013 47.02954864501953
0.9998157623907673 0.01912916429798867 -0.0016004878081896522 -0.27647602558135986 -0.019095840762968663 0.9996420024742062 0.018740765708097008 -0.9224734306335449 0.001958410022780299 -0.018706749834588976 0.9998230937480912 48.09899139404297
0.9997961524044285 0.02015137677980413 -0.0012676226090835424 -0.27573227882385254 -0.020120027564087373 0.9995731511870193 0.02118169295664829 -0.946248471736908 0.0016939218621701002 -0.021151870033406794 0.9997748139721239 49.17201614379883
0.999813556859035 0.019284491606467034 -0.0009905125270449633 -0.2722685933113098 -0.019256779037977734 0.999552502499066 0.022890558676737133 -0.9718955159187317 0.0014315020525828004 -0.022867216840798843 0.999737501409367 50.279144287109375
0.9997968078143487 0.02015539798376864 -0.00022217511883650587 -0.270157128572464 -0.02014593485988625 0.9995649464658335 0.021542726462495946 -0.9983657002449036 0.0006562806665897369 -0.021533873386054392 0.9997678995685249 51.3808708190918
0.9997931122779846 0.02033910741453039 0.00021873058594810545 -0.2673347294330597 -0.02033955417573452 0.9996084279729747 0.01921745144233389 -1.0244784355163574 0.00017222086898982525 -0.019217925146222115 0.9998153448104858 52.4823112487793
0.9997815490029254 0.02088219032667741 0.0008928790194347766 -0.2664787471294403 -0.02089418966839407 0.999642354071454 0.016691176556250558 -1.0479886531829834 -0.0005440113600343466 -0.016706187149144514 0.9998603463339251 53.55626678466797
0.999786436697363 0.020615893590368226 0.0014291876404063544 -0.2673453390598297 -0.020634144054309522 0.9996860004425163 0.014215425585480591 -1.0687055587768555 -0.001135675236582756 -0.014241879781438094 0.9998978973100137 54.62673568725586
0.9997901920469303 0.020367956169652014 0.002174278641921727 -0.2668085992336273 -0.020390469804627998 0.9997327630609655 0.010889850708585674 -1.0913074016571045 -0.0019518936751410365 -0.0109319003405286 0.9999383093066854 55.68278503417969
0.9998122458762282 0.019212466121324365 0.0025239852566537758 -0.26586973667144775 -0.01923422829646304 0.9997753451225415 0.00890066740729819 -1.120112657546997 -0.0023524146527051926 -0.008947543481699904 0.9999572039748728 56.759613037109375
0.9998342401100757 0.017960193921796222 0.0029820227527838027 -0.2621907591819763 -0.017991419094993355 0.9997798376108201 0.01079721641675106 -1.1520411968231201 -0.0027874461375176907 -0.010849078062605488 0.9999372961416206 57.81571960449219
0.9998467571405385 0.017188121118497893 0.003321884645556507 -0.25605639815330505 -0.01724268964271569 0.9997040296381557 0.017163090126260487 -1.1812976598739624 -0.0030259001068770885 -0.01721773776281521 0.999847174371137 58.93067932128906
0.9998635060818799 0.01610675528114346 0.0036816270314378413 -0.25070568919181824 -0.016187398403953335 0.9996035302658435 0.023038659809151728 -1.2054022550582886 -0.0033090892247855663 -0.023095110445510603 0.999727787049963 60.051055908203125
0.9998875267178988 0.014472898280183407 0.0039446964674788995 -0.24736322462558746 -0.014564016212589959 0.9996024828162157 0.024141977080567832 -1.2268919944763184 -0.0035937237553298473 -0.0241967111371979 0.9997007865679279 61.19013595581055
0.9999138122575175 0.012476712906107737 0.0040837554672997645 -0.24362525343894958 -0.012561302558180332 0.9996922936048923 0.021388574556959777 -1.2401583194732666 -0.0038156399969011545 -0.021438029232109468 0.9997628943943937 62.293617248535156
0.9999202495849069 0.011870146434180733 0.004311777267299599 -0.24048085510730743 -0.011946198713590206 0.9997655193571868 0.018063053550945105 -1.256479263305664 -0.004096354823559523 -0.01811312189867187 0.9998275651412314 63.36545944213867
0.9998906863921491 0.01375797148479921 0.0054102617461167755 -0.2391592264175415 -0.013826999313924282 0.9998207046358409 0.012935279386941015 -1.2709330320358276 -0.005231328774243593 -0.013008673218735556 0.9999016534964369 64.44690704345703
0.999871494325145 0.01485263915771344 0.006030532961329354 -0.23586052656173706 -0.01490116917378792 0.99985630136487 0.008083877526083161 -1.2870261669158936 -0.0059095993638038635 -0.008172700873424033 0.9999491578209359 65.4707260131836
0.9998127855127876 0.018100475592335453 0.006836756150108481 -0.23157759010791779 -0.0181496032295122 0.9998093850855024 0.007193429883202198 -1.3083012104034424 -0.006705248728394508 -0.007316167905492721 0.999950767164794 66.49537658691406
0.9997451957611148 0.02138712029283603 0.007214758308218411 -0.22778095304965973 -0.021465219662256785 0.9997098495940069 0.010927028651533992 -1.3356975317001343 -0.006978967692703009 -0.011079111123566687 0.9999142304128199 67.59896850585938
0.9997178376445426 0.022659380198579902 0.007121177647431985 -0.22204138338565826 -0.022750888642383837 0.9996560670288331 0.013043335315199071 -1.3673758506774902 -0.0068231746554374695 -0.0132016685174291 0.9998895546241116 68.6831283569336
0.9997129507311087 0.022760247951768266 0.007479971718143047 -0.2143983095884323 -0.02286310008853576 0.9996410161197444 0.013965103300763374 -1.3998204469680786 -0.007159437984228134 -0.014132110471233417 0.9998744751784727 69.72345733642578
0.9997299974303075 0.021951022971616177 0.007624159318011121 -0.2036895751953125 -0.022063693215323976 0.9996437110940969 0.015022457229977996 -1.4293212890625 -0.00729168439283967 -0.015186617618112574 0.9998580844068172 70.76143646240234
0.9997368517446574 0.02163713303331116 0.007621316949382769 -0.1940610110759735 -0.021758555513941236 0.9996315844613906 0.01622668204016006 -1.45339834690094 -0.007267409935593605 -0.016388240594727543 0.9998393094235745 71.80575561523438
0.9997475801900535 0.02114998117710715 0.007575671525910225 -0.18512816727161407 -0.021283638486977896 0.9996110383899646 0.018019697005213234 -1.471879005432129 -0.007191609125584364 -0.01817638717555381 0.9998089117829352 72.85694122314453
0.9997584875578838 0.02062097211674051 0.007600524974867931 -0.17676086723804474 -0.020766657935816335 0.999591901901185 0.019615057200903577 -1.484742522239685 -0.007192941848188639 -0.019768156954523386 0.9997786930097661 73.91426086425781
0.9997496660245098 0.021119805506713957 0.00738634009576106 -0.1767396628856659 -0.021250338309823924 0.9996109668173402 0.018064296636028744 -1.4975987672805786 -0.007001952268183231 -0.01821673737391949 0.9998095672250429 74.96461486816406
0.9997282089576025 0.0221219141005915 0.007352809954153176 -0.1754441112279892 -0.02222078941467398 0.9996598769333997 0.013649211887129134 -1.5121116638183594 -0.0070483628660440445 -0.013808887879587839 0.9998797798018586 76.01617431640625
0.9996935792894064 0.023686939070323796 0.0071848669473482 -0.1789494752883911 -0.02376551045691211 0.9996563950786747 0.011054818120830777 -1.5296188592910767 -0.0069205439649522305 -0.011222183023352983 0.9999130383328705 77.04469299316406
0.9996411875029025 0.02585911581143595 0.006981806700836869 -0.18034538626670837 -0.02594492052647812 0.9995852803998575 0.01249237076757538 -1.552490472793579 -0.006655870005488396 -0.012669030920624547 0.9998975413958391 78.11140441894531
0.9996005369046692 0.027471728855813844 0.006633132599867752 -0.176320880651474 -0.02758064577619468 0.9994761781324601 0.016928486553612874 -1.57416570186615 -0.006164603866636753 -0.017104671135911853 0.999834659497683 79.196044921875
0.9995565489068525 0.029052479878195283 0.006531654390949493 -0.17415860295295715 -0.029183366220592033 0.9993550044342775 0.020926359285211398 -1.5938082933425903 -0.0059194788336753845 -0.021107694907721797 0.9997596779765985 80.29251861572266
0.9995389646949704 0.02974405410362836 0.006101159918242154 -0.17544226348400116 -0.029870215785853915 0.9993171498702129 0.021750097208102694 -1.6155149936676025 -0.005450057331472635 -0.02192231141110912 0.9997448360825274 81.3907470703125
0.9995574996491996 0.02929536702788068 0.005153014781407319 -0.17777319252490997 -0.02939091710116415 0.9993765282851607 0.01956335740366164 -1.6347126960754395 -0.004576686304062605 -0.019706152405190025 0.9997953196869958 82.46611022949219
0.9995603593855407 0.029319641831974722 0.0044076438146694605 -0.18222761154174805 -0.029395305509191116 0.99940194018523 0.018213119208439484 -1.6558632850646973 -0.003871005494147539 -0.018334675718159055 0.9998244059788419 83.53831481933594
0.9995730547350945 0.028918556459427827 0.004174647939461318 -0.1858062744140625 -0.02898884025086268 0.999419578779644 0.017891482014113145 -1.6737605333328247 -0.003654829226434231 -0.018004861604692834 0.9998312007282948 84.613037109375
0.9995894454518712 0.02839211952903272 0.00384561787039467 -0.18745969235897064 -0.028457737172590036 0.9994284673105046 0.018244495226501792 -1.689597487449646 -0.0033254201989620924 -0.018346442656002937 0.9998261341842465 85.69599151611328
0.9996097700014204 0.027721334979710945 0.0034401934039838314 -0.19048383831977844 -0.027783605762689234 0.9994215866785136 0.01961029001229378 -1.7071713209152222 -0.0028945801313966513 -0.019698219142491036 0.9998018153656076 86.78372192382812
0.9995890271418943 0.028507835443235978 0.003021398702990977 -0.19499726593494415 -0.028567360938355435 0.9993511390757236 0.021937912087204952 -1.7269681692123413 -0.002394035691395402 -0.022015208722171664 0.9997547871847701 87.88371276855469
0.9996046430716063 0.028005160879023973 0.002512959652757088 -0.1992826759815216 -0.02805540517817995 0.9993443454502025 0.02288688553856718 -1.7512701749801636 -0.0018703610403463244 -0.022948339029968845 0.9997349385998646 88.98473358154297
0.9996232986674691 0.027425829065179902 0.0010451472046168273 -0.20479156076908112 -0.027442636195263992 0.999357763579015 0.02304178361319231 -1.7747588157653809 -0.00041253597009927034 -0.02306178633500411 0.9997339844862196 90.065673828125
0.9996288424278319 0.027219038242334792 -0.001120148167770462 -0.21374350786209106 -0.027188200968144116 0.999392895679999 0.02178560756091985 -1.7942655086517334 0.0017124514561146498 -0.021747066829950756 0.9997619990058411 91.1302490234375
0.9996083410331167 0.02776576017715534 -0.003487330745163445 -0.22625863552093506 -0.02768867039275502 0.9994065131686006 0.020490379906425875 -1.8155570030212402 0.004054192453622818 -0.020385796158730374 0.9997839348722763 92.13825988769531
0.9995882600796158 0.02800997634360874 -0.006222492560184363 -0.24176889657974243 -0.027877667462457678 0.9994027648732664 0.020419149009422224 -1.8368701934814453 0.006790716201066971 -0.020237273305330872 0.9997721361671807 93.13717651367188
0.9995365337572366 0.029063706278763195 -0.009050749875125625 -0.2639498710632324 -0.02886521405664766 0.9993554908730897 0.02133928785486436 -1.8594703674316406 0.009665115736424923 -0.021068147230188572 0.9997313126339122 94.13980865478516
0.9994752170314385 0.030063629581203014 -0.012059508368220853 -0.28999847173690796 -0.029788899028327265 0.9993063229677985 0.022348271941085816 -1.8814462423324585 0.012723013758659363 -0.021977305183029427 0.9996774988211641 95.12379455566406
0.9993922738178398 0.031249789718394764 -0.015444328734565454 -0.3201627731323242 -0.03088002966963055 0.9992438118278305 0.0236265484358579 -1.9043426513671875 0.01617097482085228 -0.023135268141804444 0.9996015183586167 96.06352996826172
0.9992885388733761 0.032747274146436245 -0.01870915901250043 -0.35601314902305603 -0.032284008069347614 0.99917720078109 0.024548984514445406 -1.9288668632507324 0.01949767768383026 -0.023927513101935194 0.9995235749084124 97.00969696044922
0.9991603174363206 0.0349187521034887 -0.02143243626932877 -0.3942834734916687 -0.03438242389235402 0.9990985034491862 0.024902276399321726 -1.9529954195022583 0.022282669320702553 -0.024144465948455762 0.9994601139423409 97.90232849121094
0.9990418139778825 0.036856443364558365 -0.023601477403801693 -0.43495720624923706 -0.03630528500892005 0.9990674721206608 0.023370268437577054 -1.977315068244934 0.024440811946988106 -0.022491016840234135 0.9994482558037987 98.75789642333984
0.9989305292121955 0.03829269603196726 -0.025912686921449223 -0.47329333424568176 -0.037784009599554746 0.9990888583329162 0.01984382925383264 -1.9968079328536987 0.026648951694369316 -0.01884352246876042 0.9994672571793828 99.53117370605469
0.9987659262921227 0.04099490675922501 -0.02803687692635914 -0.5121046900749207 -0.04055232733410463 0.99904646388282 0.016176364147839704 -2.0173070430755615 0.028673291206359863 -0.015019440660398176 0.9994760023786711 100.23172760009766
0.998635587554535 0.04297129663991446 -0.029671546258114523 -0.5493288040161133 -0.04258940434555991 0.999002966661699 0.013385178093254414 -2.038590908050537 0.030217142775654793 -0.012103222339105713 0.9994700885806296 100.90995788574219
0.9985464691927497 0.044581155456754167 -0.03029094883321956 -0.5820294618606567 -0.04422312798983841 0.9989448537478497 0.012388886736745132 -2.0599772930145264 0.03081129863858223 -0.011031318459803985 0.99946436197731 101.5418930053711
0.9984833664700261 0.04640889227382608 -0.02961564269225195 -0.6123679876327515 -0.04604739919863121 0.9988575803949199 0.012773898326695097 -2.084691047668457 0.030174631625413895 -0.011390802278983703 0.9994797406141913 102.16179656982422
0.9984048948503599 0.04988183159704268 -0.02644595815235748 -0.6418488621711731 -0.049518789774671834 0.99867208947146 0.014209676515850544 -2.109652042388916 0.027119645848870277 -0.012877439391988654 0.9995492405894879 102.76177978515625
0.9983829212866198 0.05241385020816219 -0.02200757118712871 -0.6616197824478149 -0.052073719821093434 0.9985189907092511 0.01575413857045037 -2.1330974102020264 0.022800711914896965 -0.01458264601710979 0.9996336379105983 103.33625793457031
0.9984290895807462 0.053646930638363774 -0.016169248741491178 -0.6701139211654663 -0.05335619939755665 0.9984150451023067 0.017905618527337304 -2.155911684036255 0.017104201018810272 -0.017014759908372756 0.9997089716964567 103.8780517578125
0.9985083419965548 0.05391719064588969 -0.008604004361713215 -0.667705237865448 -0.05373795978508311 0.998357646505097 0.019855660289592902 -2.1755473613739014 0.009660434909164906 -0.01936368048373116 0.999765822102141 104.40010070800781
0.9985588192939758 0.053660542164143794 0.0009052605089700443 -0.6541009545326233 -0.053667765110731125 0.9983427094454085 0.020773006740050132 -2.192945957183838 0.00021093059331178665 -0.02079165354371071 0.9997838139533997 104.91803741455078
0.998529916474844 0.053143568160740916 0.01066609903722266 -0.6284140944480896 -0.05335433058242245 0.9983640191728395 0.020557647379994125 -2.2083613872528076 -0.00955614261329174 -0.021096508686929694 0.9997317892601387 105.42422485351562
0.9983591364200954 0.05320950671304208 0.021160095726666252 -0.5927240252494812 -0.05361933617923431 0.9983749395041036 0.019296351973065222 -2.2233710289001465 -0.020098961889743805 -0.02039928043609096 0.999589842890888 105.89837646484375
0.9980487058586966 0.05261628907075632 0.03362105001865181 -0.5485188364982605 -0.05319258630350343 0.9984482403493219 0.0164821473436099 -2.237730026245117 -0.03270164877176285 -0.01823837552861185 0.9992987212134565 106.34602355957031
0.997401004357723 0.052760029679013894 0.04906828436708986 -0.4919731914997101 -0.05338599497582641 0.998507376676862 0.011534261080221219 -2.250897169113159 -0.04838649183511734 -0.014123842233779715 0.9987288692149399 106.78123474121094
0.9965025259160996 0.05189665232532448 0.06549434341819443 -0.4256221055984497 -0.052451093154961104 0.9986005254696005 0.006773407767563621 -2.2648937702178955 -0.06505116820335388 -0.010184967680297752 0.9978299648270976 107.1955337524414
0.9948212120046591 0.05057240955850375 0.08816524507737436 -0.33883151412010193 -0.051067798795612074 0.9986894595112502 0.0033709082947768277 -2.279940605163574 -0.0878792330622673 -0.007855856455816268 0.9961001288625155 107.59774017333984
0.9924884265419678 0.048623006261159944 0.11226071796700346 -0.23619142174720764 -0.04901710691029848 0.9987976384793988 0.0007515412819518895 -2.2953615188598633 -0.11208920180797577 -0.006248591640940049 0.9936784560813976 107.97842407226562
0.9890728518098513 0.047299761356923736 0.1396341734099138 -0.11271532624959946 -0.047478279884860974 0.9988701661907149 -0.002054265682035137 -2.311791181564331 -0.1395735740661621 -0.004597771797954953 0.9902010423945029 108.36255645751953
0.9837125192706964 0.04621645857868512 0.17370585950296558 0.03681141883134842 -0.04598519828235226 0.998927754290256 -0.005357839509891086 -2.3286373615264893 -0.17376722395420074 -0.0027173245387940304 0.9847829922227902 108.7260971069336
0.9761122463081975 0.04374166763608427 0.2128180484639655 0.2219209372997284 -0.0431247920681217 0.9990412041725493 -0.00754208252072152 -2.343879222869873 -0.2129439115524292 -0.0018158150469802861 0.9770627418238824 109.06504821777344
0.9663231211343266 0.04251448765998222 0.2537954967923561 0.42350906133651733 -0.04129542811907694 0.9990956108035132 -0.010131430995288218 -2.3569250106811523 -0.25399670004844666 -0.0006903576978640712 0.9672048766123993 109.3907699584961
0.9550245122894836 0.04404827642725911 0.29323702443467903 0.6349305510520935 -0.041965707342861425 0.9990293046039026 -0.013392712418782041 -2.372389316558838 -0.2935422956943512 0.00048446948754875263 0.9559459738795653 109.71440887451172
0.9409625976864433 0.046607553616634136 0.33528659985227605 0.8672474026679993 -0.04352165276728437 0.998912630114843 -0.016715924727168652 -2.3844716548919678 -0.3357011079788208 0.0011368330083811468 0.941967886470394 110.0244140625
0.9241092753458986 0.047940315831404644 0.37910910329914566 1.1354256868362427 -0.04411008863265131 0.9988499961908306 -0.018787835410507596 -2.390465259552002 -0.3795738220214844 0.0006394768206142952 0.9251612007233092 110.33610534667969
0.9052257056913362 0.0488634385758602 0.4221122730177482 1.4147224426269531 -0.04426719732253126 0.9988054402803327 -0.020689437040180735 -2.39614200592041 -0.4226190149784088 4.288296556971549e-05 0.9063074588775635 110.61808013916016
0.8842827060784657 0.04826703350671688 0.4644506326723869 1.6978510618209839 -0.04257104805345513 0.9988344280665696 -0.022749309854683698 -2.4037935733795166 -0.46500730514526367 0.00034467107512700657 0.8853067824061611 110.85786437988281
0.8627363203340224 0.04916175892119965 0.503258563049333 1.9814457893371582 -0.041557700214331916 0.9987892564099459 -0.026326220218616293 -2.410825252532959 -0.5039434432983398 0.0017983177800267036 0.8637347761083447 111.08976745605469
0.8391069469087498 0.0517359381920562 0.5415006521391796 2.2891862392425537 -0.04109729679354879 0.9986512578424469 -0.031728738041465816 -2.415818929672241 -0.5424118041992188 0.004369591303161946 0.8401013788227267 111.32734680175781
0.8133055823010338 0.05805817909812368 0.5789327919198949 2.6025784015655518 -0.04255024186915368 0.9982797153322377 -0.0403362055120355 -2.4179165363311768 -0.580278754234314 0.008171931040504565 0.8143768797442696 111.54778289794922
0.7832942356816943 0.06491972302347541 0.6182519590056827 2.9323861598968506 -0.04400211648613528 0.9978275883700874 -0.049028696337387274 -2.420283794403076 -0.6200918555259705 0.011199501126270217 0.7844492468269095 111.75911712646484
0.7509349833443366 0.06935372059911185 0.6567242552461355 3.286330461502075 -0.043940043366518466 0.9975135556118434 -0.05509947900103884 -2.424191951751709 -0.658912718296051 0.012519634248001399 0.7521152402177336 111.9594955444336
0.7119135571422603 0.0698032058946008 0.6987893683210264 3.6666877269744873 -0.04084895608896644 0.9974791205967498 -0.058023657544176564 -2.430745840072632 -0.7010780572891235 0.01276301174310046 0.7129702704437477 112.1194076538086
0.6742855674629169 0.067852808435068 0.7353467363856115 4.054797172546387 -0.03696025718191742 0.9976226432930596 -0.05816266760546029 -2.43605375289917 -0.7375451326370239 0.012039643553958257 0.6751904476151545 112.25065612792969
0.6398321808911902 0.06563033728514016 0.7657072042542914 4.427829265594482 -0.034108064839169394 0.9977901914803184 -0.057021624714505594 -2.4417471885681152 -0.7677574157714844 0.010367478998211777 0.6406567653161233 112.37808227539062
0.6057661874479159 0.0645111924134873 0.7930230909022108 4.836914539337158 -0.03216499067420853 0.9978783555926489 -0.05660598898426026 -2.4473800659179688 -0.7949922680854797 0.008782413859104499 0.606555972269426 112.5147476196289
0.57082597438351 0.06283555619308179 0.8186631999690485 5.260275840759277 -0.030218968135766522 0.9979996509599599 -0.0555296626793159 -2.4513983726501465 -0.8205147981643677 0.00695861656143415 0.5715829413987201 112.63886260986328
0.5328292316298544 0.060047447020645864 0.8440896516778271 5.67510461807251 -0.02783982918367567 0.9981831074548555 -0.05343564734036086 -2.453937530517578 -0.8457647562026978 0.00497276330090668 0.5335328601386458 112.7236557006836
0.49487040286067163 0.06065085060034317 0.8668475883995186 6.131903171539307 -0.02657966218592367 0.9981509680677747 -0.05466383997727994 -2.456944704055786 -0.8685601949691772 0.004011000331404335 0.4955674367531664 112.81119537353516
0.4563122766137173 0.06303442716797093 0.8875842577104844 6.5968804359436035 -0.024813892610256794 0.9980012277046848 -0.058119050444273526 -2.4564926624298096 -0.8894736766815186 0.004496015746361992 0.45696433943491144 112.8607406616211
0.4172084462099601 0.06651292533363272 0.9063736669430517 7.049653053283691 -0.02282404844318464 0.9977705318066076 -0.06271393041226864 -2.454274892807007 -0.908524215221405 0.005477664785008551 0.41779637252359336 112.89080810546875
0.37890346946226927 0.06763579998519383 0.9229613177131879 7.479320526123047 -0.02043138130546618 0.9976939821139232 -0.06472460997904037 -2.4570353031158447 -0.9252106547355652 0.00566700476328727 0.37941161046636473 112.89683532714844
0.3407213568835097 0.062368625264832694 0.9380933166369378 7.911799907684326 -0.016324488691976446 0.9980392248342149 -0.0604249402399446 -2.460170269012451 -0.9400225877761841 0.005274173825072559 0.34107141071164193 112.87261962890625
0.3052370810223586 0.05630167374555323 0.9506105226918952 8.350519180297852 -0.012490869084643474 0.9984014972740772 -0.05512141596411748 -2.464503526687622 -0.9521944522857666 0.004951148560867147 0.305452417994708 112.83589172363281
0.27336187334042705 0.05245355856205908 0.9604800482780871 8.80229377746582 -0.0098152105408571 0.9986122265883954 -0.05174252280905905 -2.4702138900756836 -0.9618611931800842 0.0047171189462333896 0.27349734441232876 112.8006362915039
0.2469749310411018 0.05190560984158588 0.9676306983491652 9.320259094238281 -0.009175090188833224 0.9986448803318783 -0.05122744902041081 -2.475918769836426 -0.9689784049987793 0.003773796643064542 0.2471164812924087 112.76166534423828
0.22516756801970583 0.05195890987159659 0.9729336355242149 9.853078842163086 -0.0090949121217756 0.9986456103736078 -0.05122719283451933 -2.484729528427124 -0.9742776155471802 0.0026859564361471217 0.22533515878949828 112.73705291748047
0.2057096697703953 0.050656889367903524 0.977301055137382 10.39794921875 -0.008684440393539994 0.9987145052838534 -0.04993885485136554 -2.493797540664673 -0.9785745143890381 0.0017855926153254736 0.20588516185144012 112.71673583984375
0.1845577184967624 0.046228267116484964 0.9817338735521354 10.972355842590332 -0.007303173603349755 0.9989301306065511 -0.04566507434367984 -2.496363401412964 -0.9827945232391357 0.0012580690013733742 0.1846978754318087 112.67881774902344
0.1665784683886784 0.04030102108115996 0.9852042997790589 11.618597984313965 -0.005596908290028679 0.999186950224408 -0.039926674538944044 -2.496147632598877 -0.98601233959198 0.001136826185388351 0.1666685937486534 112.65238952636719
0.14975940928963194 0.037565720157897615 0.9880085767103746 12.271087646484375 -0.004357511333068387 0.9992933568304225 -0.03733428639417301 -2.494884729385376 -0.9887128472328186 0.0012859020356487255 0.14981726762759529 112.62747192382812
0.13612808104370622 0.04021302497762272 0.9898747650719943 12.935271263122559 -0.003657623858062453 0.9991894223427209 -0.040088429460416686 -2.4957988262176514 -0.9906845092773438 0.0018365714576027703 0.1361648257717185 112.6103744506836
0.126238598995581 0.04435447157448903 0.9910077835391848 13.592789649963379 -0.003414816269263099 0.9990133926941189 -0.04427778460854233 -2.493539571762085 -0.9919940233230591 0.0022054560401331136 0.1262655161173818 112.59512329101562
0.1190691012950853 0.04308718961745732 0.9919506116152335 14.278600692749023 -0.0030792390242877082 0.999069176450401 -0.04302677924974657 -2.4993884563446045 -0.992881178855896 0.0020687068071683218 0.11909093918527125 112.58370208740234
0.11518033248691317 0.0349288855576518 0.9927302602582501 14.952680587768555 -0.0024428010544499668 0.9993885135569719 -0.034879729702743584 -2.5108742713928223 -0.9933415651321411 0.001592416352054253 0.11519522663394488 112.57611846923828
0.11489184042988976 0.03205051749844316 0.9928608138785763 15.640168190002441 -0.002285726335270119 0.9994852592283339 -0.031999860797316246 -2.5196025371551514 -0.9933753609657288 0.0014071147603907652 0.11490595713056617 112.57855224609375
0.11625401280937542 0.03235928907992679 0.992692251656358 16.321950912475586 -0.0024054704613447886 0.9994754071259131 -0.03229869762802502 -2.530153751373291 -0.9932165741920471 0.00136696126507619 0.11627086149225052 112.60324096679688
0.1176844976109992 0.035235252226172686 0.9924257486631732 17.009538650512695 -0.002740308551370002 0.9993780726383895 -0.035157134785591584 -2.5399868488311768 -0.9930472373962402 0.0014178969005772882 0.11770785535264361 112.65797424316406
0.11886100638974728 0.036701081704948575 0.9922323388154696 17.68047523498535 -0.002824253663579551 0.999325063318719 -0.03662510776952556 -2.549919605255127 -0.9929068684577942 0.0015509813377091938 0.11888443491315392 112.72359466552734
0.11957672034988764 0.03729048389757594 0.9921244209828006 18.356616973876953 -0.0028174596373369 0.9993031039762051 -0.037220729097017714 -2.5542423725128174 -0.9928209781646729 0.0016554621786523532 0.11959845047468054 112.8009262084961
0.12036370955984088 0.03684703359415269 0.9920457731856355 19.05040168762207 -0.0028377692220301065 0.9993196057522095 -0.036772897897103154 -2.559730291366577 -0.9927257895469666 0.001610925454993306 0.12038637926988205 112.88484191894531
0.12119742327926719 0.03616990854832056 0.9919691988001579 19.749311447143555 -0.0029107898784183905 0.999344525276417 -0.03608319729616455 -2.568110704421997 -0.9926241636276245 0.0014857767095100977 0.12122327072661321 112.9746322631836
