0.999993 -0.00229901 -0.00302708 -0.000469883 0.00229218 0.999995 -0.00225903 -0.000270184 0.00303226 0.00225208 0.999993 0.0468363
0.999993 -0.00229901 -0.00302708 -0.000469883 0.00229218 0.999995 -0.00225903 -0.000270184 0.00303226 0.00225208 0.999993 0.0468363
0.999993 -0.00229901 -0.00302708 -0.000469883 0.00229218 0.999995 -0.00225903 -0.000270184 0.00303226 0.00225208 0.999993 0.0468363
0.999984 -0.00241245 -0.00508334 -0.000709671 0.00239278 0.99999 -0.00387264 -0.000256545 0.00509263 0.00386041 0.99998 0.0700993
0.999969 -0.00446137 -0.00652547 -0.001338 0.00442417 0.999974 -0.00570457 -0.000299891 0.00655075 0.00567553 0.999962 0.0929545
0.999936 -0.00710249 -0.00875046 -0.00150584 0.0070377 0.999948 -0.0074129 -0.000396911 0.00880266 0.00735084 0.999934 0.116125
0.99992 -0.00823591 -0.00956686 -0.00212436 0.00816101 0.999936 -0.00784173 -0.000626851 0.00963083 0.00776303 0.999923 0.138021
0.999908 -0.00824739 -0.010774 -0.00294209 0.00816761 0.999939 -0.00742804 -0.000761025 0.0108347 0.00733936 0.999914 0.161846
0.999891 -0.00845399 -0.0120953 -0.00339063 0.00835689 0.999933 -0.00805673 -0.000971299 0.0121626 0.00795477 0.999894 0.185034
0.999882 -0.00816898 -0.0130493 -0.00401919 0.00803454 0.999914 -0.0103219 -0.00138688 0.0131325 0.0102158 0.999862 0.208546
0.999868 -0.00702213 -0.01462 -0.00473548 0.00681968 0.999881 -0.0138519 -0.00169656 0.0147155 0.0137504 0.999797 0.23287
0.999865 -0.00505836 -0.0156511 -0.00548565 0.00478201 0.999833 -0.0176444 -0.00200659 0.0157377 0.0175672 0.999722 0.256624
0.99984 -0.00387644 -0.0174791 -0.00587542 0.00357186 0.999842 -0.0174225 -0.00222358 0.0175439 0.0173573 0.999695 0.281943
0.999834 -0.00129162 -0.0181541 -0.00711298 0.00109575 0.999941 -0.0107951 -0.00237203 0.018167 0.0107734 0.999777 0.307648
0.999811 -0.000797598 -0.01942 -0.00766352 0.000784444 0.999999 -0.000684976 -0.00243983 0.0194205 0.000669613 0.999811 0.334667
0.999784 -0.000945186 -0.0207448 -0.00853961 0.00107063 0.999981 0.00603681 -0.00236221 0.0207387 -0.00605772 0.999767 0.362715
0.999766 0.0021717 -0.0215217 -0.0103145 -0.00206542 0.999986 0.00495945 -0.00264912 0.0215322 -0.00491384 0.999756 0.389799
0.999749 0.00407804 -0.0220434 -0.0116072 -0.00412903 0.999989 -0.00226801 -0.00239347 0.0220339 0.00235846 0.999754 0.417368
0.999714 0.00345892 -0.023659 -0.0123348 -0.00366506 0.999956 -0.00867512 -0.00161708 0.023628 0.00875935 0.999682 0.445992
0.999689 0.00075819 -0.0249207 -0.01326 -0.000922925 0.999978 -0.00659952 -0.00158496 0.0249151 0.00662047 0.999668 0.474986
0.999662 -0.000934502 -0.0259882 -0.0138925 0.00100352 0.999996 0.00264284 -0.00139399 0.0259856 -0.00266802 0.999659 0.504188
0.999642 -0.00099003 -0.0267347 -0.0151604 0.00125692 0.99995 0.00996789 -0.00126072 0.0267235 -0.00999793 0.999593 0.534956
0.999619 -0.00279698 -0.0274426 -0.0163682 0.00314121 0.999917 0.0125085 -0.00084387 0.0274053 -0.01259 0.999545 0.566486
0.999618 -0.00436861 -0.0273051 -0.0173981 0.004683 0.999923 0.0114604 -0.000415964 0.0272529 -0.0115839 0.999561 0.596745
0.999623 -0.00466713 -0.0270676 -0.0187422 0.00490854 0.999949 0.00885912 0.000169915 0.0270249 -0.00898864 0.999594 0.629906
0.999614 -0.00276915 -0.0276314 -0.0195978 0.0029096 0.999983 0.00504436 0.000889259 0.027617 -0.00512281 0.999605 0.662256
0.999616 -0.00674143 -0.026863 -0.0203913 0.00673151 0.999977 -0.000459983 0.00142381 0.0268655 0.000278978 0.999639 0.695718
0.999587 -0.00938256 -0.0271545 -0.0216441 0.00920971 0.999937 -0.00648354 0.00137172 0.0272136 0.00623078 0.99961 0.728263
0.999611 -0.00864223 -0.0265322 -0.0227865 0.00831821 0.99989 -0.0122988 0.00190247 0.0266355 0.0120734 0.999572 0.763143
0.999609 -0.00744132 -0.0269564 -0.0237253 0.00710038 0.999894 -0.0127213 0.00150604 0.0270482 0.0125249 0.999556 0.798714
0.999641 -0.00603814 -0.0261192 -0.0264406 0.00573961 0.999918 -0.0114894 0.000484815 0.0261865 0.0113354 0.999593 0.835126
0.999618 -0.00394539 -0.027364 -0.0270683 0.00360116 0.999914 -0.0126175 -3.66466e-05 0.0274115 0.0125141 0.999546 0.871172
0.999637 -0.00261431 -0.0268151 -0.0296235 0.00220558 0.999881 -0.0152607 8.64789e-05 0.0268518 0.015196 0.999524 0.909624
0.999649 0.00148706 -0.0264588 -0.0311613 -0.00191314 0.999869 -0.0160858 -0.000461826 0.0264314 0.0161308 0.99952 0.946554
0.999623 0.00354785 -0.0272264 -0.0321993 -0.00398533 0.999864 -0.0160307 -0.00103243 0.0271658 0.0161331 0.999501 0.984044
0.999595 0.0038142 -0.0281863 -0.0335976 -0.00427701 0.999857 -0.0163777 -0.00145518 0.0281198 0.0164917 0.999469 1.02324
0.999597 0.00393848 -0.0281066 -0.0346997 -0.00441528 0.999847 -0.0169221 -0.00185612 0.0280357 0.0170394 0.999462 1.05757
0.999577 0.00408238 -0.0287816 -0.0364162 -0.00452766 0.999871 -0.015423 -0.00266531 0.0287149 0.0155468 0.999467 1.09714
0.999544 0.00555251 -0.0296813 -0.037994 -0.00594684 0.999895 -0.0132136 -0.00346323 0.0296049 0.0133841 0.999472 1.13718
0.99952 0.00558938 -0.0304695 -0.0391719 -0.00595611 0.999911 -0.0119585 -0.00371099 0.0304 0.0121343 0.999464 1.16586
0.999602 0.00576219 -0.0276189 -0.0411724 -0.00611587 0.9999 -0.0127383 -0.00453985 0.0275427 0.0129022 0.999537 1.19511
0.999563 0.00736854 -0.0286431 -0.0421068 -0.00776789 0.999874 -0.013856 -0.00489201 0.0285374 0.0140725 0.999494 1.23343
0.999527 0.00736284 -0.0298554 -0.042902 -0.00774726 0.999888 -0.0127808 -0.00554326 0.0297579 0.0130061 0.999472 1.27476
0.999518 0.00675314 -0.030299 -0.0453145 -0.00707586 0.999919 -0.0105567 -0.00563703 0.0302253 0.010766 0.999485 1.31404
0.999532 0.00750872 -0.0296445 -0.0474016 -0.00771281 0.999947 -0.00677616 -0.0061874 0.029592 0.00700164 0.999538 1.35646
0.999486 0.00759205 -0.031135 -0.0485778 -0.00773522 0.99996 -0.00448042 -0.00637701 0.0310998 0.00471896 0.999505 1.39762
0.999456 0.00760756 -0.0320938 -0.0502829 -0.00774518 0.999961 -0.00416583 -0.00671237 0.0320609 0.00441214 0.999476 1.4388
0.999444 0.0076884 -0.0324504 -0.0517463 -0.00786622 0.999955 -0.00535557 -0.00693015 0.0324077 0.00560786 0.999459 1.47894
0.999434 0.00800127 -0.0326734 -0.053799 -0.00820066 0.999949 -0.00597305 -0.0069543 0.0326239 0.00623761 0.999448 1.52252
0.999417 0.00780399 -0.0332427 -0.0558429 -0.00797188 0.999956 -0.00492086 -0.00721832 0.0332028 0.005183 0.999435 1.5618
0.999419 0.00849149 -0.0330169 -0.0584846 -0.00858216 0.99996 -0.0026055 -0.00758842 0.0329934 0.00288734 0.999451 1.60677
0.999397 0.00888589 -0.0335615 -0.0603466 -0.00891282 0.99996 -0.000652636 -0.00760892 0.0335544 0.00095137 0.999436 1.64832
0.999313 0.00995407 -0.0356989 -0.0605055 -0.0100035 0.999949 -0.00120649 -0.00777882 0.0356851 0.00156277 0.999362 1.69169
0.9993 0.011296 -0.0356732 -0.0634759 -0.0114617 0.999924 -0.00444152 -0.00827625 0.0356203 0.00484729 0.999354 1.73283
0.999313 0.0124557 -0.0349122 -0.0662299 -0.0127501 0.999885 -0.00822362 -0.00859485 0.0348057 0.0086631 0.999357 1.7729
0.999321 0.0135354 -0.0342711 -0.0683048 -0.013858 0.999862 -0.00919483 -0.00864705 0.0341419 0.00966351 0.99937 1.81345
0.999317 0.0134849 -0.0344127 -0.0701415 -0.0137021 0.999888 -0.0060835 -0.00924532 0.0343268 0.00655087 0.999389 1.85541
0.999345 0.0140007 -0.0333757 -0.0723201 -0.014147 0.999891 -0.00415135 -0.00970013 0.0333139 0.0046208 0.999434 1.89604
0.999349 0.0126988 -0.0337553 -0.0738318 -0.0127955 0.999915 -0.00265074 -0.00982536 0.0337187 0.00308093 0.999427 1.93724
0.999378 0.0118654 -0.0332143 -0.0755034 -0.0120049 0.99992 -0.00400252 -0.0098466 0.0331642 0.00439876 0.99944 1.97801
0.999398 0.0109504 -0.0329345 -0.0776755 -0.0111495 0.999921 -0.00586932 -0.0100124 0.0328676 0.00623299 0.99944 2.01946
0.999404 0.011062 -0.0326978 -0.0793327 -0.0113401 0.999901 -0.00833097 -0.0101472 0.0326024 0.0086968 0.999431 2.06114
0.999425 0.00985095 -0.0324311 -0.0812502 -0.0101916 0.999894 -0.0103542 -0.0108248 0.0323256 0.0106788 0.99942 2.10236
0.999433 0.00822408 -0.0326603 -0.0828397 -0.00867109 0.99987 -0.0135687 -0.0114183 0.0325445 0.0138442 0.999374 2.14346
0.999443 0.0068196 -0.032677 -0.0845562 -0.00733093 0.999852 -0.0155538 -0.0119935 0.0325661 0.0157847 0.999345 2.18554
0.99947 0.00533114 -0.0321066 -0.0864413 -0.00575217 0.999898 -0.0130355 -0.0128655 0.0320338 0.0132132 0.999399 2.22598
0.99948 0.0038392 -0.0320156 -0.0880049 -0.00406597 0.999967 -0.007021 -0.0135053 0.0319876 0.00714752 0.999463 2.26788
0.999506 0.00337294 -0.0312619 -0.090088 -0.00341498 0.999993 -0.00129123 -0.0136614 0.0312574 0.00139735 0.99951 2.30993
0.999507 0.00112825 -0.0313888 -0.0915479 -0.0011451 0.999999 -0.000518625 -0.0138711 0.0313882 0.000554313 0.999507 2.35203
0.999518 -0.00225272 -0.0309665 -0.093493 0.00214257 0.999991 -0.00358976 -0.0138352 0.0309743 0.00352168 0.999514 2.39433
0.999508 -0.00456838 -0.0310421 -0.0950649 0.00435812 0.999967 -0.00683789 -0.0139144 0.0310723 0.00669924 0.999495 2.43616
0.999515 -0.00293106 -0.0310093 -0.0969038 0.00259708 0.999938 -0.0108049 -0.0145803 0.031039 0.0107191 0.999461 2.47722
0.99953 -0.00260141 -0.0305482 -0.0989813 0.0021431 0.999885 -0.0150259 -0.0148801 0.0305838 0.0149534 0.99942 2.52471
0.999547 0.000546276 -0.0300873 -0.100647 -0.00101376 0.999879 -0.0155245 -0.0153078 0.0300752 0.015548 0.999427 2.56494
0.999555 0.00399005 -0.0295567 -0.10296 -0.00434932 0.999917 -0.0121009 -0.0160116 0.029506 0.0122241 0.99949 2.6106
0.999571 0.0058237 -0.0286899 -0.105795 -0.00611807 0.999929 -0.0101831 -0.0165437 0.0286286 0.0103543 0.999537 2.65138
0.999563 0.00559158 -0.0290367 -0.10677 -0.00585754 0.999942 -0.00908248 -0.0173456 0.0289842 0.00924859 0.999537 2.69346
0.999554 0.00347124 -0.0296779 -0.108456 -0.00372911 0.999956 -0.00863803 -0.0174336 0.0296466 0.00874484 0.999522 2.73418
0.999538 0.00238201 -0.0303075 -0.109819 -0.00260992 0.999969 -0.00748278 -0.0178969 0.0302887 0.00755842 0.999513 2.77669
0.999534 0.00145424 -0.0304829 -0.111923 -0.00161668 0.999985 -0.00530477 -0.0183629 0.0304748 0.00535158 0.999521 2.81782
0.999494 -0.000219552 -0.0318089 -0.113034 0.000113672 0.999994 -0.00333041 -0.0187731 0.0318094 0.0033251 0.999488 2.85921
0.999488 -0.000310731 -0.0319878 -0.114672 0.000164497 0.99999 -0.00457409 -0.0191592 0.0319889 0.00456648 0.999478 2.8995
0.999451 -0.000254986 -0.0331228 -0.116229 -2.2842e-05 0.999965 -0.00838717 -0.0196203 0.0331237 0.00838333 0.999416 2.94409
0.999425 0.000386234 -0.0339185 -0.118058 -0.000735742 0.999947 -0.0102925 -0.0200896 0.0339128 0.0103115 0.999372 2.98552
0.999398 0.00258077 -0.0346038 -0.12055 -0.00288335 0.999958 -0.00869702 -0.0206487 0.03458 0.00879156 0.999363 3.02694
0.999365 0.00341572 -0.0354648 -0.1223 -0.00357408 0.999984 -0.00440267 -0.021209 0.0354492 0.00452663 0.999361 3.06805
0.999336 0.00474195 -0.036126 -0.123781 -0.00477129 0.999988 -0.000725799 -0.0217172 0.0361221 0.000897684 0.999347 3.11011
0.999293 0.00545628 -0.0371881 -0.125307 -0.0054796 0.999985 -0.000525318 -0.0216271 0.0371846 0.000728722 0.999308 3.15088
0.999325 0.00636707 -0.0361776 -0.12957 -0.00645581 0.999976 -0.00233663 -0.0220256 0.0361618 0.00256861 0.999343 3.19475
0.999304 0.0059336 -0.0368362 -0.131582 -0.00607242 0.999975 -0.00365784 -0.0220302 0.0368135 0.00387898 0.999315 3.23598
0.999298 0.00560659 -0.0370463 -0.134114 -0.00573569 0.999978 -0.00337953 -0.0225737 0.0370266 0.00358964 0.999308 3.27615
0.99926 0.00417483 -0.0382431 -0.13574 -0.00428793 0.999987 -0.00287579 -0.0230649 0.0382305 0.00303764 0.999264 3.31569
0.999251 0.00239312 -0.0386279 -0.137655 -0.00244706 0.999996 -0.00134929 -0.0236763 0.0386245 0.0014428 0.999253 3.35575
0.999195 0.00201534 -0.0400698 -0.139087 -0.00197317 0.999997 0.00109201 -0.0239482 0.0400719 -0.00101207 0.999196 3.39516
0.999137 0.00108959 -0.0415298 -0.140978 -0.000994977 0.999997 0.0022988 -0.0244078 0.0415322 -0.00225549 0.999135 3.43386
0.999045 -0.000336869 -0.0436916 -0.143005 0.00046088 0.999996 0.00282827 -0.0248369 0.0436905 -0.00284571 0.999041 3.47116
0.998909 -0.000854933 -0.046689 -0.145449 0.000943173 0.999998 0.00186797 -0.0250244 0.0466873 -0.00190996 0.998908 3.50692
0.998744 -0.00088976 -0.0501032 -0.147586 0.000953283 0.999999 0.00124395 -0.0253555 0.050102 -0.00129015 0.998743 3.54251
0.998569 -0.0014351 -0.0534517 -0.149455 0.00152778 0.999997 0.00169313 -0.0257485 0.0534492 -0.00177237 0.998569 3.57752
0.998473 -3.60929e-05 -0.0552476 -0.152296 0.000157909 0.999998 0.00220054 -0.0256616 0.0552474 -0.00220591 0.99847 3.61112
0.998288 0.000349079 -0.0584918 -0.155055 -0.000153726 0.999994 0.0033443 -0.0260182 0.0584926 -0.00332958 0.998282 3.64363
0.998099 0.00136522 -0.0616208 -0.157445 -0.00106916 0.999988 0.00483715 -0.0262608 0.0616266 -0.00476207 0.998088 3.6749
0.997916 0.00308344 -0.0644553 -0.159897 -0.00275463 0.999983 0.00518971 -0.0262642 0.0644701 -0.00500134 0.997907 3.70599
0.997727 0.00480117 -0.067213 -0.162471 -0.00442706 0.999974 0.00571385 -0.0265973 0.0672387 -0.00540331 0.997722 3.73486
0.997562 0.00734404 -0.0693986 -0.165187 -0.00707927 0.999967 0.00406033 -0.0265456 0.0694261 -0.00355914 0.997581 3.76226
0.99737 0.00816529 -0.0720151 -0.16765 -0.00811631 0.999967 0.000972719 -0.027245 0.0720207 -0.000385664 0.997403 3.78894
0.997166 0.0108938 -0.0744461 -0.170566 -0.0111621 0.999933 -0.00318877 -0.027198 0.0744063 0.00401071 0.99722 3.8145
0.996993 0.0126255 -0.07645 -0.17282 -0.0131139 0.999897 -0.00588895 -0.0274684 0.0763678 0.0068738 0.997056 3.83858
0.996923 0.0142269 -0.0770896 -0.175034 -0.0148275 0.999864 -0.00722428 -0.0274157 0.0769763 0.00834509 0.996998 3.861
0.99693 0.0168342 -0.0764726 -0.177014 -0.017363 0.99983 -0.00625474 -0.0282483 0.0763543 0.00756333 0.997052 3.88296
0.997063 0.0205026 -0.0737856 -0.178709 -0.0209038 0.999771 -0.00466828 -0.0286471 0.0736729 0.00619697 0.997263 3.90372
0.997402 0.023069 -0.0682404 -0.180505 -0.0233556 0.999721 -0.00340426 -0.0288534 0.0681429 0.00498921 0.997663 3.92409
0.997844 0.0246798 -0.0608096 -0.182064 -0.02483 0.99969 -0.00171469 -0.0289905 0.0607484 0.0032209 0.998148 3.94343
0.998366 0.02458 -0.0515904 -0.182897 -0.0245771 0.999698 0.000690657 -0.0293704 0.0515918 0.000578415 0.998668 3.96208
0.998917 0.0245198 -0.0395353 -0.183736 -0.0244594 0.999699 0.00201128 -0.0295999 0.0395727 -0.0010421 0.999216 3.97965
0.999364 0.0237752 -0.0265745 -0.184124 -0.0237406 0.999717 0.00161638 -0.0294653 0.0266054 -0.000984459 0.999646 3.99611
0.999648 0.0238266 -0.0116996 -0.184136 -0.0238163 0.999716 0.00102534 -0.0298058 0.0117207 -0.000746339 0.999931 4.01207
0.999704 0.0232651 0.00716591 -0.18446 -0.0232502 0.999727 -0.002148 -0.0300642 -0.00721392 0.00198075 0.999972 4.02928
0.999356 0.0230449 0.0274971 -0.183316 -0.0228737 0.999717 -0.00652797 -0.0303615 -0.0276397 0.00589481 0.999601 4.04424
0.998462 0.0211111 0.0512572 -0.182118 -0.0205547 0.999724 -0.0113584 -0.0304038 -0.0514828 0.0102874 0.998621 4.05823
0.996774 0.0192003 0.0779256 -0.180203 -0.0181601 0.999737 -0.014035 -0.0305335 -0.0781746 0.0125746 0.99686 4.07259
0.994059 0.0166245 0.107562 -0.178448 -0.0150902 0.999773 -0.015063 -0.0307106 -0.107788 0.0133504 0.994084 4.0865
0.990043 0.0150766 0.139953 -0.175763 -0.012807 0.999772 -0.0171038 -0.0308385 -0.140179 0.0151411 0.99001 4.10021
0.984555 0.0129267 0.174598 -0.172773 -0.00983091 0.999779 -0.0185841 -0.0311085 -0.1748 0.0165806 0.984464 4.11344
0.977012 0.010559 0.212924 -0.169276 -0.00663753 0.999795 -0.0191236 -0.0314284 -0.213082 0.0172707 0.976882 4.12581
0.967696 0.00833697 0.251983 -0.165234 -0.00351018 0.999802 -0.0195987 -0.0319194 -0.252097 0.018081 0.967533 4.13815
0.956048 0.00935497 0.293059 -0.16111 -0.00371638 0.999797 -0.0197913 -0.0327668 -0.293185 0.0178324 0.955889 4.15012
0.941526 0.0120493 0.336724 -0.156168 -0.0055685 0.99978 -0.0202058 -0.033316 -0.336893 0.0171493 0.941387 4.16196
0.924546 0.0126496 0.380861 -0.150756 -0.00584757 0.999802 -0.0190114 -0.0337166 -0.381026 0.0153498 0.924437 4.17285
0.904978 0.0117475 0.425296 -0.144869 -0.00479583 0.999837 -0.0174124 -0.0343436 -0.425431 0.0137182 0.904887 4.18448
0.882688 0.0117042 0.469813 -0.138167 -0.0034773 0.999825 -0.0183749 -0.0345345 -0.469946 0.0145857 0.882575 4.1949
0.858915 0.0122721 0.511971 -0.130617 -0.00232773 0.999796 -0.0200603 -0.0350978 -0.512112 0.0160384 0.858769 4.20647
0.831999 0.0151839 0.554569 -0.12316 -0.00239597 0.999714 -0.0237772 -0.0354303 -0.554772 0.0184538 0.831798 4.2162
0.802355 0.0208358 0.596484 -0.114995 -0.00480987 0.999584 -0.0284465 -0.0358761 -0.596828 0.0199552 0.802121 4.22587
0.769453 0.0273415 0.638119 -0.106412 -0.00901025 0.999449 -0.0319588 -0.0364843 -0.63864 0.0188411 0.769275 4.23509
0.733405 0.0327999 0.679 -0.0966928 -0.0120946 0.999307 -0.0352091 -0.0367765 -0.679684 0.0176103 0.733294 4.24493
0.695627 0.0338788 0.717604 -0.0863354 -0.0111762 0.999277 -0.0363429 -0.0373027 -0.718316 0.017261 0.695503 4.25305
0.656221 0.0315071 0.75391 -0.0754306 -0.00711152 0.999342 -0.0355741 -0.0374377 -0.754535 0.017983 0.656013 4.26004
0.613264 0.0297679 0.789317 -0.0634 -0.00577286 0.999432 -0.0332069 -0.0377415 -0.789857 0.015808 0.613088 4.26844
0.56832 0.028966 0.822298 -0.0514225 -0.00562501 0.999494 -0.0313202 -0.037977 -0.822789 0.0131745 0.568195 4.27535
0.521634 0.0267013 0.852751 -0.0384032 -0.00473451 0.999585 -0.0284029 -0.0385228 -0.853156 0.0107786 0.521544 4.28202
0.47141 0.0239887 0.881588 -0.0253317 -0.00405486 0.999678 -0.0250338 -0.0390583 -0.881905 0.00822649 0.471356 4.28805
0.421862 0.0243226 0.906334 -0.0119641 -0.00732673 0.999699 -0.0234179 -0.0399765 -0.90663 0.00323865 0.421913 4.29248
0.372614 0.0284488 0.92755 0.00178599 -0.00947237 0.999595 -0.0268533 -0.0404735 -0.927938 0.0012198 0.372732 4.29644
0.323483 0.0332821 0.945649 0.0177807 -0.0102355 0.999446 -0.0316742 -0.0411349 -0.946179 0.00056689 0.323644 4.30075
0.277169 0.0354096 0.960168 0.0347422 -0.00910944 0.999373 -0.0342258 -0.0416 -0.960778 0.00073973 0.277318 4.30535
0.236014 0.0351038 0.971115 0.052171 -0.00210952 0.999363 -0.0356122 -0.0418475 -0.971747 0.0063564 0.235938 4.30884
0.201771 0.0349125 0.97881 0.0706905 0.00537782 0.99931 -0.0367523 -0.0420809 -0.979418 0.0126794 0.201444 4.31135
0.1704 0.0363846 0.984703 0.0896534 0.00937778 0.999213 -0.0385435 -0.0422603 -0.98533 0.0158022 0.169925 4.31486
0.142279 0.0352218 0.9892 0.108795 0.00701442 0.999306 -0.0365906 -0.042905 -0.989802 0.0121447 0.141933 4.31754
0.116923 0.0320229 0.992625 0.13088 -1.57487e-05 0.99948 -0.0322422 -0.0438748 -0.993141 0.00375421 0.116862 4.32038
0.0932807 0.0300604 0.995186 0.154491 -0.00588746 0.999543 -0.0296402 -0.0441233 -0.995622 -0.00309425 0.0934151 4.32322
0.0705359 0.026614 0.997154 0.17792 -0.00139147 0.999646 -0.026582 -0.0451534 -0.997508 0.000487479 0.0705479 4.32522
0.0520438 0.0270655 0.998278 0.202636 0.00607372 0.999606 -0.0274181 -0.0459091 -0.998626 0.00749021 0.0518589 4.32506
0.0343639 0.029322 0.998979 0.228452 0.0105812 0.999503 -0.0297013 -0.0464192 -0.999353 0.0115911 0.0340365 4.32621
0.0201112 0.0349324 0.999187 0.255156 0.0110503 0.999321 -0.0351595 -0.0468375 -0.999737 0.0117484 0.0197116 4.32707
0.00886 0.0399703 0.999162 0.282613 0.0076184 0.999169 -0.0400382 -0.0474392 -0.999932 0.00796675 0.00854813 4.32817
0.00280893 0.0397456 0.999206 0.311085 0.0106081 0.999152 -0.0397733 -0.0479732 -0.99994 0.0107113 0.00238493 4.32814
-0.000358204 0.0352008 0.99938 0.342493 0.0165468 0.999244 -0.0351901 -0.0493544 -0.999863 0.0165239 -0.000940394 4.32903
0.000160352 0.033685 0.999433 0.37207 0.0180989 0.999269 -0.0336824 -0.050244 -0.999836 0.018094 -0.000449427 4.32863
0.00186075 0.0330632 0.999452 0.405159 0.0177066 0.999295 -0.033091 -0.0512224 -0.999842 0.0177585 0.001274 4.32964
0.00333763 0.0336574 0.999428 0.435936 0.0140897 0.999333 -0.0337012 -0.0523596 -0.999895 0.0141941 0.00286118 4.32994
0.00471665 0.0344928 0.999394 0.47082 0.0131608 0.999316 -0.0345523 -0.0534854 -0.999902 0.0133158 0.00425947 4.33099
0.00577339 0.0352718 0.999361 0.503356 0.0122476 0.9993 -0.0353404 -0.0546548 -0.999908 0.0124438 0.00533736 4.33139
0.0067683 0.0348254 0.999371 0.542005 0.0117029 0.999322 -0.0349029 -0.0558808 -0.999909 0.0119318 0.00635615 4.33265
0.00718959 0.034031 0.999395 0.578354 0.0108701 0.999359 -0.0341079 -0.0568914 -0.999915 0.0111088 0.00681506 4.33363
0.00748962 0.0327007 0.999437 0.614565 0.0106016 0.999406 -0.0327791 -0.0579327 -0.999916 0.0108412 0.00713849 4.33444
0.00688433 0.0306446 0.999507 0.651133 0.011565 0.999461 -0.0307228 -0.058822 -0.999909 0.0117708 0.00652622 4.33522
0.00666214 0.0294716 0.999543 0.689826 0.0100947 0.999513 -0.029538 -0.0598446 -0.999927 0.0102868 0.00636139 4.33509
0.00535069 0.0280334 0.999593 0.726557 0.00879358 0.999567 -0.0280798 -0.0613146 -0.999947 0.00894024 0.00510186 4.3364
0.00455367 0.0257046 0.999659 0.764203 0.0111503 0.999606 -0.0257541 -0.0623597 -0.999927 0.0112637 0.00426526 4.33691
0.00370857 0.0240962 0.999703 0.804348 0.013334 0.99962 -0.0241436 -0.0634483 -0.999904 0.0134196 0.00338586 4.33731
0.00176429 0.0234041 0.999725 0.842866 0.0103458 0.999672 -0.0234211 -0.064597 -0.999945 0.0103843 0.00152157 4.33825
0.000934254 0.0282273 0.999601 0.880312 0.00770345 0.999572 -0.0282337 -0.0655757 -0.99997 0.00772675 0.000716406 4.3392
0.000425717 0.0326844 0.999466 0.919188 0.0086249 0.999428 -0.0326869 -0.066606 -0.999963 0.00863421 0.000143573 4.33959
-0.000497418 0.0347435 0.999396 0.958067 0.00875225 0.999358 -0.0347379 -0.0673283 -0.999962 0.00872969 -0.000801183 4.33997
-0.00203483 0.0326094 0.999466 0.997825 0.005042 0.999456 -0.0325988 -0.0688466 -0.999985 0.00497297 -0.00219814 4.34081
-0.00322337 0.0286085 0.999586 1.03732 0.00227672 0.999588 -0.0286012 -0.0701755 -0.999992 0.00218358 -0.00328717 4.34174
-0.003432 0.0233216 0.999722 1.07704 0.000828661 0.999728 -0.0233189 -0.0714465 -0.999994 0.0007484 -0.0034504 4.34219
-0.00342613 0.0182602 0.999827 1.11791 -0.00264175 0.99983 -0.0182693 -0.0724624 -0.999991 -0.00270389 -0.00337731 4.3428
-0.00305728 0.0168189 0.999854 1.15786 -0.00432857 0.999849 -0.0168321 -0.073748 -0.999986 -0.00437939 -0.00298401 4.34305
-0.00282636 0.0235584 0.999718 1.19753 -0.00241012 0.999719 -0.0235652 -0.0748234 -0.999993 -0.00247604 -0.00276879 4.3442
-0.00150643 0.0347559 0.999395 1.2366 0.000774642 0.999396 -0.0347548 -0.0755802 -0.999999 0.000721817 -0.00153244 4.3443
-0.000881828 0.0402466 0.999189 1.27581 0.00257301 0.999187 -0.0402442 -0.0764156 -0.999996 0.00253544 -0.000984666 4.34454
0.00023082 0.034611 0.999401 1.31519 0.00381906 0.999394 -0.0346116 -0.0778599 -0.999993 0.00382476 9.84983e-05 4.34512
0.00100206 0.0270741 0.999633 1.35482 0.00705843 0.999608 -0.0270805 -0.0791416 -0.999975 0.00708297 0.000810562 4.34602
0.00163739 0.0236386 0.999719 1.39304 0.00769275 0.999691 -0.0236505 -0.0803889 -0.999969 0.00772932 0.00145504 4.34673
0.0019379 0.0246868 0.999693 1.43225 0.0074827 0.999667 -0.0247006 -0.081749 -0.99997 0.00752827 0.00175253 4.347
0.000753048 0.0254062 0.999677 1.47143 0.00360966 0.999671 -0.0254088 -0.0829281 -0.999993 0.00362762 0.000661092 4.34776
-0.00195618 0.0256059 0.99967 1.50971 0.000848374 0.999672 -0.0256042 -0.08404 -0.999998 0.000798007 -0.00197726 4.34931
-0.00401941 0.0255958 0.999664 1.54789 0.000670749 0.999672 -0.0255933 -0.0850526 -0.999992 0.000567654 -0.00403526 4.35016
-0.00617145 0.0258321 0.999647 1.58462 -0.000923978 0.999666 -0.0258383 -0.0863766 -0.999981 -0.00108311 -0.00614552 4.35034
-0.00862213 0.0263811 0.999615 1.62245 -0.00257938 0.999648 -0.0264042 -0.0872305 -0.99996 -0.00280605 -0.00855105 4.35108
-0.0110721 0.0257973 0.999606 1.65958 -0.00398047 0.999658 -0.0258427 -0.0882719 -0.999931 -0.00426503 -0.0109657 4.35205
-0.0137661 0.0251963 0.999588 1.69689 -0.00287138 0.999677 -0.0252381 -0.0891179 -0.999901 -0.00321763 -0.0136893 4.35294
-0.0151251 0.025602 0.999558 1.73233 -0.00368131 0.999664 -0.0256604 -0.090058 -0.999879 -0.0040678 -0.0150257 4.35215
-0.0176469 0.0259918 0.999506 1.76895 -0.00391295 0.999653 -0.0260647 -0.0916338 -0.999837 -0.00437098 -0.0175391 4.35273
-0.0186673 0.0271603 0.999457 1.80526 -0.00336231 0.999624 -0.0272276 -0.0922379 -0.99982 -0.00386875 -0.018569 4.35263
-0.0189338 0.025917 0.999485 1.8459 -0.00094074 0.999663 -0.0259395 -0.0933298 -0.99982 -0.00143139 -0.0189031 4.35188
-0.0199408 0.0252171 0.999483 1.88208 -0.000542747 0.999681 -0.0252329 -0.094601 -0.999801 -0.00104563 -0.0199208 4.35138
-0.0213719 0.0251299 0.999456 1.91831 -0.00171348 0.999682 -0.0251723 -0.0955457 -0.99977 -0.00225053 -0.0213221 4.35159
-0.0225266 0.0242564 0.999452 1.95299 -0.00366576 0.999697 -0.0243449 -0.0965951 -0.99974 -0.00421216 -0.0224309 4.35172
-0.0230858 0.0233588 0.999461 1.98618 -0.00446795 0.999715 -0.023468 -0.0975861 -0.999723 -0.00500731 -0.0229749 4.35087
-0.0235082 0.0231555 0.999455 2.01863 -0.00388506 0.999722 -0.023253 -0.0986087 -0.999716 -0.00442958 -0.0234117 4.3502
-0.0234594 0.0253203 0.999404 2.0515 -0.00387984 0.999669 -0.0254181 -0.10002 -0.999717 -0.00447382 -0.0233534 4.34983
-0.0241592 0.0285286 0.999301 2.08422 -0.0037335 0.999583 -0.0286269 -0.100826 -0.999701 -0.0044225 -0.0240426 4.34975
-0.0245899 0.0298936 0.999251 2.11469 -0.00552267 0.999533 -0.030038 -0.101863 -0.999682 -0.00625716 -0.0244134 4.34991
-0.0242428 0.030428 0.999243 2.14732 -0.00518442 0.999519 -0.0305622 -0.103093 -0.999693 -0.00592141 -0.0240734 4.34926
-0.0245814 0.0305505 0.999231 2.17963 -0.00406852 0.999522 -0.0306595 -0.103738 -0.99969 -0.00481904 -0.0244453 4.34906
-0.0242657 0.0288038 0.999291 2.20995 -0.00411576 0.999573 -0.0289119 -0.105537 -0.999697 -0.00481441 -0.0241368 4.34841
-0.0241845 0.0296448 0.999268 2.2404 -0.00768817 0.999525 -0.0298385 -0.105836 -0.999678 -0.00840417 -0.0239451 4.3479
-0.0240783 0.0296966 0.999269 2.27111 -0.00985922 0.999503 -0.0299411 -0.107107 -0.999661 -0.0105729 -0.0237735 4.34799
-0.023522 0.0285331 0.999316 2.30111 -0.00663697 0.999566 -0.0286965 -0.108174 -0.999701 -0.00730743 -0.0233224 4.34755
-0.0244568 0.0279395 0.99931 2.3337 -0.00675931 0.999582 -0.0281125 -0.109179 -0.999678 -0.00744219 -0.0242578 4.34746
-0.028481 0.027497 0.999216 2.36388 -0.0101323 0.999562 -0.0277953 -0.110053 -0.999543 -0.010916 -0.0281899 4.34753
-0.0329463 0.0267885 0.999098 2.39377 -0.0140992 0.999529 -0.027265 -0.1116 -0.999358 -0.0149848 -0.0325531 4.34666
-0.0395702 0.0306352 0.998747 2.42395 -0.011031 0.999456 -0.031094 -0.111883 -0.999156 -0.0122475 -0.0392107 4.34631
-0.0462528 0.0330732 0.998382 2.45528 -0.00835846 0.999404 -0.0334943 -0.113109 -0.998895 -0.00989414 -0.0459488 4.34537
-0.0535989 0.035275 0.997939 2.48593 -0.00887598 0.99932 -0.0358005 -0.113688 -0.998523 -0.0107766 -0.0532493 4.34429
-0.0591499 0.0343154 0.997659 2.51524 -0.0128531 0.9993 -0.0351339 -0.114878 -0.998166 -0.0149012 -0.0586674 4.34236
-0.0642413 0.0332083 0.997382 2.5462 -0.0134756 0.999326 -0.034141 -0.115913 -0.997843 -0.0156336 -0.0637505 4.34034
-0.068736 0.0341629 0.99705 2.57712 -0.0149755 0.999266 -0.0352712 -0.117 -0.997522 -0.0173557 -0.0681739 4.3393
-0.0727158 0.0334607 0.996791 2.60916 -0.0172546 0.999245 -0.0348018 -0.118107 -0.997203 -0.0197299 -0.0720835 4.33763
-0.075452 0.030499 0.996683 2.64042 -0.0164901 0.999357 -0.0318292 -0.118842 -0.997013 -0.018837 -0.0749006 4.33601
-0.0766786 0.0276693 0.996672 2.67384 -0.0141554 0.999484 -0.0288364 -0.119722 -0.996955 -0.0163194 -0.0762474 4.33326
-0.0784217 0.0254503 0.996595 2.70761 -0.0135864 0.999554 -0.026595 -0.120526 -0.996828 -0.0156258 -0.078041 4.33156
-0.0795799 0.0252414 0.996509 2.73992 -0.0148768 0.999538 -0.0265062 -0.121549 -0.996717 -0.0169342 -0.0791676 4.32946
-0.0797361 0.0292285 0.996387 2.77331 -0.0122899 0.999465 -0.0303023 -0.122286 -0.99674 -0.0146617 -0.0793343 4.32699
-0.0803489 0.0323732 0.996241 2.80658 -0.00698914 0.99943 -0.0330405 -0.123426 -0.996742 -0.00961764 -0.0800768 4.3248
-0.0809368 0.0362866 0.996058 2.84135 5.56796e-05 0.999337 -0.0364016 -0.124758 -0.996719 -0.00289076 -0.0808852 4.32231
-0.0824247 0.0372045 0.995903 2.87614 0.000292843 0.999304 -0.0373074 -0.125819 -0.996597 -0.00278341 -0.0823782 4.32029
-0.0822793 0.0350395 0.995993 2.91056 -0.00185667 0.999375 -0.0353118 -0.127017 -0.996608 -0.00475466 -0.0821628 4.31785
-0.0818437 0.0311639 0.996158 2.94485 -0.000840844 0.999509 -0.0313378 -0.127955 -0.996645 -0.00340242 -0.0817773 4.3154
-0.0820404 0.0284513 0.996223 2.97911 0.00078137 0.999594 -0.0284832 -0.129248 -0.996629 -0.00155836 -0.0820293 4.31302
-0.082736 0.0293102 0.99614 3.01461 0.00193132 0.99957 -0.0292507 -0.130122 -0.99657 -0.000496221 -0.082757 4.31026
-0.0841488 0.0299481 0.996003 3.04855 0.000264028 0.999549 -0.0300324 -0.131376 -0.996453 -0.00226422 -0.0841188 4.30789
-0.0867958 0.0304316 0.995761 3.08358 -0.000406895 0.999532 -0.0305823 -0.132452 -0.996226 -0.00305959 -0.0867428 4.30564
-0.0887369 0.030364 0.995592 3.11756 0.000845838 0.999537 -0.030409 -0.133994 -0.996055 -0.00185629 -0.0887215 4.30311
-0.0909292 0.030467 0.995391 3.15222 0.00103329 0.999534 -0.0304994 -0.135031 -0.995857 -0.00174477 -0.0909184 4.30066
-0.0927775 0.0300954 0.995232 3.18712 0.000403758 0.999544 -0.0301882 -0.13629 -0.995687 -0.00239895 -0.0927473 4.29804
-0.0948231 0.029886 0.995045 3.22127 -0.00249023 0.999539 -0.0302582 -0.137889 -0.995491 -0.00534707 -0.094705 4.29574
-0.0955378 0.032012 0.994911 3.25583 -0.00157768 0.999477 -0.0323104 -0.138504 -0.995425 -0.00465652 -0.0954373 4.29236
-0.0960661 0.0318474 0.994865 3.29013 -0.00249578 0.999477 -0.032236 -0.140015 -0.995372 -0.00557976 -0.0959364 4.2891
-0.0970856 0.0324799 0.994746 3.32577 -0.00234212 0.999457 -0.0328623 -0.140773 -0.995273 -0.00552028 -0.0969568 4.28615
-0.0981371 0.0309671 0.994691 3.36152 -0.00193928 0.999508 -0.0313084 -0.141742 -0.995171 -0.00500151 -0.0980288 4.28295
-0.0993329 0.0285452 0.994645 3.39808 -0.00473799 0.999564 -0.0291595 -0.142865 -0.995043 -0.00760912 -0.0991543 4.2807
-0.10126 0.02686 0.994497 3.43647 -0.00789064 0.999582 -0.0278007 -0.143801 -0.994829 -0.0106623 -0.101006 4.27757
-0.10347 0.0270253 0.994265 3.47277 -0.00572572 0.999598 -0.0277661 -0.144388 -0.994616 -0.00856585 -0.103274 4.27458
-0.105462 0.0269525 0.994058 3.50963 -0.00540534 0.999602 -0.0276763 -0.145856 -0.994409 -0.00829202 -0.105275 4.27132
-0.10756 0.0284765 0.993791 3.54575 -0.0061752 0.999551 -0.0293099 -0.146608 -0.994179 -0.00928944 -0.107336 4.26821
-0.109594 0.0315988 0.993474 3.5828 -0.00477298 0.999466 -0.0323159 -0.148097 -0.993965 -0.00828348 -0.109385 4.26489
-0.109399 0.035421 0.993367 3.61868 -0.00275197 0.99935 -0.0359375 -0.149145 -0.993994 -0.00666523 -0.10923 4.26078
-0.11062 0.0397053 0.993069 3.65688 -0.00121017 0.999196 -0.040085 -0.150258 -0.993862 -0.00563599 -0.110483 4.25729
-0.110109 0.0405751 0.993091 3.69462 0.00121932 0.999171 -0.0406883 -0.151698 -0.993919 -0.00326924 -0.110067 4.25326
-0.109248 0.0392838 0.993238 3.73299 0.00445866 0.999228 -0.0390303 -0.153451 -0.994005 0.000164524 -0.109339 4.24901
-0.109303 0.0374114 0.993304 3.77134 0.00497305 0.9993 -0.03709 -0.154909 -0.993996 0.0008857 -0.109413 4.24529
-0.108447 0.0356881 0.993461 3.81139 0.00391629 0.999363 -0.0354726 -0.15631 -0.994095 4.37923e-05 -0.108517 4.24198
-0.106551 0.0335156 0.993742 3.85096 0.00305536 0.999438 -0.0333801 -0.157498 -0.994303 -0.000520446 -0.106593 4.23817
-0.105343 0.0304711 0.993969 3.89122 0.00300801 0.999536 -0.0303229 -0.158667 -0.994431 -0.00020445 -0.105386 4.23498
-0.103035 0.0268431 0.994315 3.93056 0.00375352 0.999639 -0.0265979 -0.160013 -0.994671 0.000991666 -0.103099 4.23082
-0.101432 0.0264718 0.99449 3.96887 0.00165308 0.999649 -0.0264405 -0.161371 -0.994841 -0.00103793 -0.10144 4.2271
-0.099929 0.0303076 0.994533 4.00833 0.0030909 0.999541 -0.0301496 -0.162987 -0.99499 6.11822e-05 -0.0999768 4.22354
-0.0979054 0.0362844 0.994534 4.04529 0.00374333 0.999341 -0.0360913 -0.164053 -0.995189 0.000189342 -0.0979767 4.22078
-0.096651 0.0398083 0.994522 4.08442 0.00136579 0.999204 -0.0398629 -0.165228 -0.995317 -0.00249449 -0.0966285 4.21744
-0.0952756 0.0372133 0.994755 4.12203 -0.000410391 0.999299 -0.0374226 -0.166969 -0.995451 -0.0039737 -0.0951936 4.21466
-0.0942522 0.0349344 0.994935 4.16168 -0.000308376 0.999383 -0.0351198 -0.168163 -0.995548 -0.00361694 -0.0941833 4.21145
-0.0932505 0.0331697 0.99509 4.20157 0.000933873 0.999447 -0.0332275 -0.169805 -0.995642 -0.00216919 -0.0932299 4.2071
-0.0931458 0.0328668 0.99511 4.24355 0.000238388 0.999456 -0.032988 -0.170766 -0.995652 -0.00283547 -0.093103 4.20561
-0.0925521 0.0324676 0.995178 4.28277 6.31424e-06 0.999468 -0.032607 -0.172642 -0.995708 -0.00301156 -0.0925031 4.20244
-0.0890621 0.0313974 0.995531 4.32561 0.00434438 0.999506 -0.0311341 -0.173612 -0.996017 0.0015521 -0.0891545 4.19406
-0.0911157 0.0299578 0.99539 4.36585 0.0037804 0.999551 -0.029737 -0.175407 -0.995833 0.00105347 -0.091188 4.19583
-0.0907689 0.0313266 0.995379 4.40236 0.00504091 0.999507 -0.0309968 -0.176377 -0.995859 0.00220407 -0.0908821 4.1938
-0.0899565 0.0334067 0.995385 4.44194 0.00597671 0.999437 -0.0330025 -0.177654 -0.995928 0.00298034 -0.0901055 4.19089
-0.0882932 0.0353044 0.995469 4.48036 0.00363601 0.999376 -0.0351205 -0.178981 -0.996088 0.00051863 -0.0883665 4.18701
-0.0887513 0.0312117 0.995565 4.5198 -0.00195593 0.999502 -0.0315095 -0.180563 -0.996052 -0.00474377 -0.088646 4.18485
-0.0885475 0.0290966 0.995647 4.5576 -0.00658492 0.999534 -0.0297958 -0.182199 -0.99605 -0.0091946 -0.0883147 4.18204
-0.0892176 0.0297374 0.995568 4.59591 -0.00977559 0.99948 -0.0307303 -0.183552 -0.995964 -0.0124739 -0.0888805 4.17894
-0.0902344 0.0342687 0.995331 4.63148 -0.0128178 0.999285 -0.0355669 -0.184908 -0.995838 -0.0159673 -0.0897306 4.17603
-0.0910452 0.0365911 0.995174 4.67097 -0.0136101 0.999186 -0.0379837 -0.186546 -0.995754 -0.0170027 -0.0904731 4.17355
-0.0918354 0.037205 0.995079 4.7079 -0.0133544 0.999166 -0.0385902 -0.187789 -0.995685 -0.0168326 -0.091262 4.17079
-0.0919129 0.0360608 0.995114 4.74499 -0.0118073 0.999234 -0.0373006 -0.189799 -0.995697 -0.015178 -0.0914167 4.16751
-0.0926557 0.0369306 0.995013 4.7825 -0.0105934 0.999219 -0.0380732 -0.191256 -0.995642 -0.0140683 -0.0921921 4.16468
-0.0933029 0.0395657 0.994851 4.82129 -0.0101209 0.999121 -0.0406847 -0.193144 -0.995586 -0.0138648 -0.0928204 4.16165
-0.0946945 0.0414048 0.994645 4.85812 -0.0106672 0.999035 -0.0426031 -0.194241 -0.995449 -0.0146444 -0.0941615 4.15945
-0.096256 0.0418659 0.994476 4.89528 -0.0114715 0.999002 -0.0431668 -0.195459 -0.995291 -0.0155632 -0.0956797 4.15708
-0.0983434 0.0407526 0.994318 4.93147 -0.0138078 0.999009 -0.0423105 -0.197345 -0.995057 -0.0178903 -0.0976833 4.15396
-0.101925 0.0414708 0.993927 4.96759 -0.0139186 0.998973 -0.0431086 -0.199388 -0.994695 -0.0182279 -0.101243 4.15179
-0.104464 0.0437558 0.993566 5.00259 -0.0144367 0.99886 -0.0455068 -0.201176 -0.994424 -0.0190976 -0.103713 4.14836
-0.107724 0.0453733 0.993145 5.0384 -0.0157753 0.998754 -0.0473407 -0.202707 -0.994056 -0.0207668 -0.106874 4.14504
-0.110553 0.045546 0.992826 5.07375 -0.0151607 0.998756 -0.0475062 -0.204565 -0.993755 -0.0203039 -0.109725 4.14167
-0.112946 0.0440143 0.992626 5.10916 -0.0141978 0.998845 -0.0459056 -0.206319 -0.9935 -0.0192779 -0.112191 4.13772
-0.115781 0.044638 0.992271 5.14452 -0.0126578 0.998842 -0.0464105 -0.208173 -0.993194 -0.0179334 -0.115082 4.13418
-0.117649 0.0492852 0.991831 5.17998 -0.0175905 0.998508 -0.0517035 -0.210203 -0.992899 -0.0235297 -0.116607 4.13073
-0.119125 0.0561006 0.991293 5.21508 -0.0201415 0.99806 -0.058904 -0.212181 -0.992675 -0.0269831 -0.117764 4.12698
-0.12162 0.0590295 0.99082 5.24986 -0.0160594 0.997982 -0.0614275 -0.213824 -0.992447 -0.0233828 -0.120427 4.12306
-0.124331 0.0572632 0.990587 5.28439 -0.0138054 0.998137 -0.0594323 -0.215533 -0.992145 -0.0210648 -0.123309 4.11887
-0.127822 0.0494265 0.990565 5.31957 -0.0156406 0.998533 -0.0518424 -0.217878 -0.991674 -0.0221197 -0.126861 4.11506
-0.130304 0.0472835 0.990346 5.35468 -0.016805 0.998613 -0.0498894 -0.22004 -0.991332 -0.0231436 -0.129329 4.1116
-0.131531 0.050453 0.990027 5.38902 -0.0165777 0.998452 -0.0530848 -0.221848 -0.991173 -0.0233947 -0.130491 4.10715
-0.133897 0.0537422 0.989537 5.42324 -0.0193516 0.998196 -0.056831 -0.223852 -0.990806 -0.0267586 -0.132615 4.103
-0.137298 0.0553093 0.988984 5.46158 -0.0205859 0.998065 -0.058675 -0.226573 -0.990316 -0.0284151 -0.135893 4.09927
-0.139219 0.0593324 0.988482 5.49534 -0.0166041 0.997923 -0.0622377 -0.228562 -0.990122 -0.0250776 -0.137945 4.09481
-0.140994 0.0633778 0.98798 5.5281 -0.0161146 0.99767 -0.0662991 -0.230708 -0.989879 -0.0252687 -0.139644 4.091
-0.144097 0.0655308 0.987391 5.5622 -0.0167805 0.9975 -0.0686506 -0.232898 -0.989421 -0.0264613 -0.142637 4.08688
-0.146768 0.0627045 0.987181 5.59562 -0.0161128 0.997705 -0.0657685 -0.235338 -0.98904 -0.025559 -0.145421 4.08254
-0.150018 0.0589735 0.986923 5.63015 -0.0116498 0.998045 -0.0614089 -0.237693 -0.988615 -0.0207098 -0.149037 4.0775
-0.155492 0.0578416 0.986142 5.66275 -0.00941663 0.998152 -0.0600308 -0.239835 -0.987792 -0.0186204 -0.15466 4.0727
-0.16182 0.0567398 0.985188 5.69794 -0.0108983 0.998182 -0.0592782 -0.24192 -0.98676 -0.0203292 -0.160907 4.06775
-0.170423 0.0569275 0.983725 5.73111 -0.012197 0.998131 -0.0598742 -0.244182 -0.985295 -0.0222024 -0.16941 4.06248
-0.180389 0.057506 0.981913 5.7636 -0.012818 0.998067 -0.0608069 -0.246034 -0.983512 -0.0235551 -0.179303 4.05641
-0.192664 0.0583093 0.979531 5.79626 -0.0124454 0.998007 -0.0618571 -0.24814 -0.981186 -0.0241083 -0.191555 4.05087
-0.205022 0.0587254 0.976994 5.82878 -0.0110147 0.997997 -0.0622992 -0.250383 -0.978695 -0.023534 -0.203965 4.04469
-0.216613 0.0590917 0.974468 5.86147 -0.00848444 0.998015 -0.0624056 -0.252187 -0.976221 -0.0217857 -0.215681 4.03749
-0.226891 0.0591645 0.972121 5.89302 -0.00454228 0.998078 -0.0618044 -0.25441 -0.97391 -0.0184385 -0.226186 4.02976
-0.238067 0.058662 0.969476 5.92519 -0.000711544 0.998164 -0.0605726 -0.256444 -0.971249 -0.0151101 -0.237588 4.02294
-0.247379 0.0599408 0.967063 5.95796 0.00552815 0.998156 -0.0604539 -0.257927 -0.968903 -0.00960895 -0.247254 4.01514
-0.254706 0.0597661 0.96517 5.98945 0.00990756 0.998197 -0.0591967 -0.259796 -0.966968 -0.00551529 -0.254839 4.00701
-0.260327 0.059861 0.963663 6.02097 0.0119171 0.998199 -0.0587871 -0.261904 -0.965447 -0.00381979 -0.260571 3.99841
-0.265545 0.0577576 0.962367 6.05174 0.0157083 0.998331 -0.0555817 -0.263675 -0.96397 0.000357709 -0.266009 3.99027
-0.267134 0.0543472 0.962126 6.08234 0.0216607 0.998495 -0.0503875 -0.265612 -0.963416 0.00738011 -0.267909 3.98146
-0.267901 0.0527593 0.962001 6.11368 0.0281067 0.998502 -0.0469339 -0.267205 -0.963036 0.014465 -0.268983 3.97247
-0.269052 0.0511603 0.961766 6.14535 0.030538 0.998539 -0.0445735 -0.269144 -0.962641 0.0173778 -0.270222 3.96433
-0.269157 0.0564648 0.96144 6.17615 0.0322858 0.998248 -0.0495881 -0.270702 -0.962555 0.0176938 -0.270509 3.9563
-0.268001 0.0600733 0.961544 6.2064 0.0323987 0.998052 -0.053324 -0.272039 -0.962874 0.0168619 -0.269425 3.94838
-0.267749 0.0597811 0.961632 6.23703 0.0335876 0.998046 -0.0526929 -0.273693 -0.962903 0.0181905 -0.269233 3.94044
-0.265784 0.0584344 0.96226 6.2679 0.0349161 0.99809 -0.0509661 -0.27535 -0.9634 0.0200524 -0.267317 3.93212
-0.263338 0.0553997 0.963112 6.29786 0.0369809 0.998196 -0.0473064 -0.277183 -0.963995 0.0231591 -0.264912 3.92395
-0.261958 0.055958 0.963456 6.32738 0.0374786 0.998154 -0.0477831 -0.279022 -0.964351 0.0235918 -0.263572 3.91645
-0.259339 0.0585188 0.964012 6.35621 0.0385695 0.997994 -0.0502056 -0.280407 -0.965016 0.0241612 -0.261076 3.90893
-0.254505 0.0601188 0.965201 6.38646 0.0403202 0.997858 -0.0515212 -0.281936 -0.96623 0.0258047 -0.256384 3.90106
-0.250102 0.0584227 0.966455 6.41547 0.0423218 0.997883 -0.0493704 -0.283782 -0.967294 0.0285545 -0.252045 3.89434
-0.245146 0.057181 0.967799 6.44462 0.0437679 0.997894 -0.0478727 -0.28524 -0.968498 0.0306227 -0.247132 3.88768
-0.241003 0.0546872 0.968982 6.4731 0.043259 0.998024 -0.045567 -0.287029 -0.96956 0.0309355 -0.242892 3.88098
-0.238426 0.0536156 0.96968 6.50261 0.0438347 0.998051 -0.0444062 -0.288571 -0.970171 0.031918 -0.240312 3.87493
