1 0 0 0 0 1 0 0 0 0 1 0
0.9999974368130652 -0.0018620861239908176 -0.001288022735275869 0.00621074291077339 0.0018610917318760184 0.9999979695582332 -0.0007727981471990209 -0.02734650398649477 0.001289459136727256 0.0007703990379098165 0.9999988718895924 0.5447702385705292
0.9999928348758335 -0.0024763177958107086 -0.0028632232131709386 0.009097174145450552 0.002470053863232599 0.9999945531234025 -0.0021891910468082075 -0.05167883501810958 0.0028686287502950663 0.002182103045423543 0.9999935046766019 1.070240985733272
0.999983661363511 -0.002756385510044363 -0.005007928209035182 0.009296019880822562 0.0027383133584199084 0.9999897275382186 -0.003611988093912463 -0.07505163679581538 0.0050178327969285655 0.0035982158022391858 0.9999809369168311 1.5950994723314877
0.9999641902640926 -0.004349927535534345 -0.007259223092933012 0.00956427649714869 0.004311787279816603 0.9999768625682139 -0.005261446444189631 -0.09771587337321608 0.007281942043918201 0.005229957807388515 0.9999598096230682 2.118033411373532
0.9999373577411808 -0.0062500439040014105 -0.009285340315979617 0.0075401503804891495 0.006183925886585323 0.9999554428597343 -0.00713241584749706 -0.1184581867632138 0.0093295044999572 0.007074549200511796 0.9999314532003658 2.6400811084701963
0.9999081713065373 -0.007287801707710246 -0.011425274643729229 0.0013212773629312068 0.007196568488781613 0.9999420542860727 -0.008006089690602246 -0.13805402312894402 0.011482959392152447 0.007923131730369484 0.9999026780778122 3.180415516877531
0.9998789220580364 -0.007411284792842131 -0.01368261969718192 -0.009362973032234184 0.007310128568453186 0.9999456896030658 -0.007428315055306593 -0.15787607742233298 0.013736929947080914 0.007327393941067797 0.9998787956815871 3.7360657457255986
0.9998386144859013 -0.0077947963444961 -0.016185985693173106 -0.023426782401533668 0.007673426336789318 0.9999420783916885 -0.0075470782401488475 -0.17796771615079943 0.01624387611272761 0.0074216582821422395 0.9998405150208589 4.32520695259856
0.9997982887749454 -0.007359882678748437 -0.018687265440517572 -0.04131914466303516 0.007175717359899523 0.9999252157945504 -0.00990312569802975 -0.19933177735432828 0.018758753771509998 0.00976703359138277 0.9997763320922155 4.921104324903723
0.9997559767683328 -0.0058471177731756275 -0.02130253810562509 -0.06386856494345652 0.0055559973697308215 0.9998907193329359 -0.013699645436634041 -0.21780958776059905 0.02138031359036953 0.013577945559198472 0.99967920933926 5.515589275558098
0.9997051376303011 -0.004467094210864839 -0.023868030184539424 -0.0880135081191015 0.0040533968050890995 0.9998412081054964 -0.017353055883038027 -0.23447783361993002 0.02394175787028432 0.017251192522565077 0.9995644994629557 6.08372136280861
0.9996599506617262 -0.002557248949627727 -0.025950790369533176 -0.1145042304366896 0.002105108386126716 0.9998457760457933 -0.017435384769668077 -0.25040027639969314 0.025991374755416224 0.017374826652181097 0.9995111624374835 6.665906006413193
0.999631353849097 0.0012663502933696101 -0.027121075914407922 -0.14530112096475756 -0.0015623342114405065 0.999939426986251 -0.010895020432216088 -0.2633399077427633 0.027105636196783103 0.010933376209621905 0.9995727816277442 7.312901495382297
0.9996080726814889 0.005195315086195701 -0.02750835747828719 -0.17500254064038293 -0.005198999323316966 0.9999864831640817 -6.241126830119819e-05 -0.2819022355802956 0.02750766140612905 0.0002054027395353442 0.9996215715828065 7.976260696577697
0.9995794094186168 0.007253578280278248 -0.02807828108092578 -0.197623466801963 -0.007053781581584929 0.9999491415408881 0.007208224263869743 -0.3025531918047214 0.028129138481775312 -0.007007134490704674 0.9995797375069692 8.639723109150754
0.999533863772611 0.008809822252421214 -0.029230843362354268 -0.2243602764871097 -0.00861492391015977 0.9999398593252466 0.0067868121106948965 -0.31604361659843033 0.02928887600806668 -0.006531827040305148 0.9995496470799732 9.340786564323066
0.9995101239000074 0.009743924892429708 -0.02974169042069468 -0.2504986892050986 -0.009763594194051855 0.9999522017505049 -0.0005161809067462497 -0.32720297023758105 0.029735239191969357 0.0008063138379695461 0.999557484794241 10.043733140132078
0.9995020372328878 0.009093477643922397 -0.030215662025566192 -0.2724231999832505 -0.009312665786308141 0.999931278095619 -0.007121330073147814 -0.33363947854682185 0.030148827891914563 0.007399172277875226 0.9995180340675918 10.730409117243765
0.9995093275286577 0.007159064345746134 -0.030493474398638476 -0.2929722151787584 -0.007330317085926807 0.9999579635196569 -0.005507961967611659 -0.34388474008897224 0.030452760706161337 0.005728786198694576 0.9995197898861534 11.471629482704545
0.9995312731541034 0.007719170965921045 -0.02962513099604355 -0.3121324529614854 -0.007613240885026002 0.9999642223317005 0.0036868170256649855 -0.35197062184962796 0.029652530248874685 -0.0034595456570258223 0.9995542801637557 12.260638824393924
0.9995460347226439 0.008062500950290402 -0.02902964947536575 -0.3317991078257118 -0.00772193633863128 0.9999002694662581 0.011824669994690852 -0.3618627798886794 0.029122090745998364 -0.011595136899915533 0.9995086075821716 13.034358538740962
0.9995680344077492 0.007159264183871922 -0.02850420191078888 -0.3567399511675047 -0.0067372358531016495 0.9998666714506798 0.014874440332159483 -0.36950694018820546 0.028606891534823816 -0.014675975554654616 0.9994829971031179 13.8570898928914
0.9995985166829602 0.005026676009512045 -0.027884367906005462 -0.38160196842063376 -0.004636089620830486 0.9998904846919535 0.014054369267756885 -0.37506246239441976 0.02795196090169168 -0.013919452244331948 0.9995123494639596 14.688754583318387
0.9996207863427792 0.003749984365143985 -0.027280416578584966 -0.4079578963922643 -0.0034428989339791156 0.9999302834052438 0.01129490044380836 -0.3797609301669586 0.02732087038090779 -0.011196693546146233 0.999564007002683 15.538831056750656
0.9996327141533495 0.005473464712926643 -0.02654200403964782 -0.4396103194856065 -0.005268354861008886 0.9999557672946954 0.007791526880667224 -0.38702286106065337 0.026583476662446155 -0.007648832467116983 0.9996173338485204 16.449332829780836
0.9996762720794103 0.0036598293627208888 -0.025178496588256948 -0.46116178591686696 -0.003599859020236361 0.9999905759717899 0.002426722612695651 -0.39861722408838945 0.025187140696067995 -0.0023352979767711796 0.9996800259717672 17.36082805786666
0.9997142254028002 0.0006717486496549929 -0.02389594695816228 -0.47696752183364904 -0.0007664644001315878 0.999991886264312 -0.003954736130684887 -0.4176058566584329 0.02389309648410917 0.0039719213602109745 0.9997066288572397 18.270379156386724
0.9997482624521994 0.0012923256574682027 -0.022399589688190686 -0.4990546064446416 -0.0015071245649054311 0.9999530210984697 -0.009575185198500102 -0.44312655113482824 0.022386163122565427 0.009606533736721386 0.9997032430727694 19.21864614127411
0.9997709449726244 0.0017729104462405334 -0.021328721881326097 -0.5258857498119209 -0.001994897941277103 0.9999440206974226 -0.010391143039770146 -0.47404704590012614 0.02130910534830677 0.010431311519587858 0.9997185152677894 20.18167607818428
0.9997880577107837 0.0015505443666140215 -0.020528893566428414 -0.5511675285029559 -0.0017393398257679504 0.9999563326260897 -0.009181913632130978 -0.5066258382432064 0.020513760159100093 0.009215674318495456 0.9997470965154076 21.136583825338338
0.9997993446763188 0.0016341907081007876 -0.0199649644509624 -0.5769470353867089 -0.001825513233773297 0.9999525550090399 -0.009568449839031386 -0.5388059065812557 0.019948380541586687 0.009602976185448876 0.9997548924422157 22.10652190434272
0.9998026278948678 0.0023851452628150765 -0.019723497067880874 -0.6036724058996966 -0.002606709752581461 0.9999337070496759 -0.011215461210056246 -0.5670658327424681 0.019695439034894135 0.011264661023029074 0.9997425654103438 23.050531395264514
0.9997948046055314 0.0039017804231378625 -0.01987774618290822 -0.6321288237963174 -0.004136086821282602 0.9999222954120358 -0.011759928729696594 -0.5944898412961942 0.01983031693113645 0.011839731730505938 0.9997332540647813 23.990191495545627
0.9997808949656806 0.00440666882895283 -0.02046321899042368 -0.6608263970318813 -0.004637327821879944 0.9999260969265767 -0.011238143790241028 -0.6255123711434213 0.020412183917712462 0.011330576111109719 0.9997274432527579 24.945088245435432
0.9997640958026829 0.0047710616890307925 -0.021189377390533035 -0.6889636235157872 -0.005000848720645296 0.9999291221636135 -0.010804728648762977 -0.6584751609433018 0.021136325506392793 0.010908144638738602 0.9997170940444222 25.892369852309752
0.9997516548121911 0.0046405603218395665 -0.02179664882910853 -0.7152758750531888 -0.004865712843010264 0.9999352384956153 -0.01028803446927317 -0.6925591191349952 0.021747495000792046 0.010391535719563114 0.9997094890249745 26.856951892722357
0.9997292463327937 0.004683498541344554 -0.022792517813350753 -0.7409423664291839 -0.004887889884886261 0.9999482693560503 -0.00892004172118584 -0.7285081544532407 0.02274956173933719 0.009029033904449181 0.9997004221202551 27.843038530547016
0.9997032052977542 0.004427376191088263 -0.023956202901408048 -0.7671129665476123 -0.004586693091965977 0.9999677040062432 -0.006599484143279222 -0.7636945139487498 0.023926210813059352 0.006707405201705574 0.999691225905072 28.821163490941206
0.9996674058841697 0.004144280291997241 -0.02545393002407205 -0.7966544190462063 -0.004272112951288469 0.9999785248706419 -0.004969793603471228 -0.7989997367015294 0.02543278717994602 0.005076882743478855 0.999663642730826 29.80395847682833
0.999642293548711 0.0034117996293206204 -0.02652629962803087 -0.8272007889512102 -0.0035547481169061613 0.9999794043855774 -0.005343647676032628 -0.8338990424395387 0.026507521847431444 0.005436030532436733 0.9996338333897838 30.785723161568963
0.9996131580148068 0.003731229744705932 -0.027561063989819716 -0.8580653010741998 -0.0038970755886062847 0.9999746086943393 -0.0059661351353810805 -0.8672195775652762 0.02753810315754163 0.006071234733492129 0.9996023174159266 31.787737592153082
0.9995908216962403 0.0034969878635553644 -0.02838943917218691 -0.8872921389779501 -0.003639968565009893 0.9999809435943691 -0.004986288896092778 -0.9001349164294402 0.028371461179764676 0.005087585281025244 0.9995845020139763 32.808231312520974
0.9995683501966532 0.002971879314045088 -0.02922808954546539 -0.9165684396709629 -0.0030410666752466804 0.999992677797692 -0.0023229861111934195 -0.9322423092012102 0.029220971897110076 0.002410867963793181 0.9995700688381207 33.8297984892384
0.9995441563391588 0.0032508850002465816 -0.03001518407320241 -0.945735799762663 -0.003208944037732503 0.9999938067457561 0.001445388628919932 -0.9612904067875456 0.03001969697374964 -0.0013484127117028581 0.999548397816113 34.86847166367866
0.9995170791372817 0.0033760160369621993 -0.030890306385485972 -0.977172036457298 -0.0032457291600422647 0.9999856293078836 0.004266898162620082 -0.9871026571141824 0.03090426758702871 -0.004164576020280275 0.9995136730187717 35.922553959580995
0.9995029674052855 0.003262838012162807 -0.03135557424333175 -1.0107501345790824 -0.0031054920083619444 0.9999823481138633 0.005065508865312678 -1.0100223578224685 0.03137154869318225 -0.004965616657067568 0.9994954570100865 36.9993532738808
0.9994873435583503 0.002055827343013352 -0.031950330837136366 -1.044525771763694 -0.001926430761353295 0.9999898204268134 0.004080184709788125 -1.0315008036276567 0.0319583937516963 -0.004016542876653484 0.9994811296128243 38.06517465126785
0.9994637441927315 0.0018572287799679358 -0.03269212054148739 -1.0774506791576328 -0.001741776500542851 0.9999921476066264 0.003559626343290138 -1.0528734015007852 0.032698474870587475 -0.0035007751056797915 0.999459130887698 39.1291692152553
0.9994307208776658 0.0017720626279174518 -0.033691155515758714 -1.1110043675674006 -0.0016169239873499856 0.9999879676930362 0.0046314172739305 -1.0730464243134856 0.033698957294899114 -0.004574304667254693 0.9994215607110163 40.18968124072248
0.999391898487692 0.0019979220494626393 -0.03481151454110671 -1.145919392363841 -0.001771651558368937 0.9999771131174457 0.006529509326861364 -1.0919942682378978 0.03482376326471829 -0.00646386484837917 0.9993725651444014 41.255468736522786
0.9993463329953338 0.002327095477521409 -0.03607618820514046 -1.183294919699891 -0.0020057306549229386 0.9999580116972513 0.008941581907825779 -1.1083798611321187 0.03609548134204779 -0.008863377974167332 0.999309039665693 42.350751958506635
0.9993049492827729 0.00309278341145245 -0.03714906499118159 -1.2246744542843704 -0.0027503992605083494 0.9999533050996265 0.009264066290529612 -1.1248809337539494 0.03717598206983893 -0.009155452533729657 0.999266793226935 43.44430338695336
0.9992693561506025 0.004226749541561279 -0.03798537148255636 -1.2682153004851011 -0.004014575507944153 0.9999759222672893 0.005660218120361931 -1.1405682937126465 0.03800838120528038 -0.005503587374792035 0.9992622646153304 44.531921572843515
0.9992326925614599 0.005183559862723271 -0.03882211771038833 -1.311205083604181 -0.005137866576287942 0.9999859861243219 0.0012766683230365416 -1.1554169589858874 0.038828191348734595 -0.0010762258649308183 0.9992453218777009 45.62539169888756
0.9991959741959944 0.0057851711046929735 -0.03967287418124813 -1.355514674906334 -0.005761417653492158 0.9999831486792803 0.0007130386308521221 -1.1758192178711406 0.039676330691405304 -0.0004838933317210578 0.9992124672111059 46.723264752043924
0.9991558921738722 0.007202637716127431 -0.040442862709730486 -1.4011830914029448 -0.0070802244646517125 0.9999699127265799 0.0031692369935997695 -1.1975775508326056 0.04046447276016383 -0.002880217269872652 0.9991768265891259 47.813990028786485
0.9991310701239122 0.008185831826586784 -0.04086681869619095 -1.4474198080510414 -0.007965173803324779 0.9999528236939338 0.00555935183331164 -1.217801921930686 0.04091039866981665 -0.005229009832707894 0.9991491363839744 48.92157807823254
0.999097494031371 0.007506941710278034 -0.04180721524315462 -1.493561281891462 -0.00722169344393504 0.9999496332710013 0.006969796624488874 -1.2362695602674822 0.041857431407466957 -0.006661587449204502 0.9991013855903822 50.0540630557744
0.9990696728661311 0.00764134306093585 -0.04244288674656554 -1.5406550894483415 -0.007397727462245135 0.9999552665140939 0.005893945971663441 -1.2547641236921434 0.04248602579144169 -0.005574481764938441 0.9990815095704142 51.17939801320106
0.9990536839633531 0.007229544525838842 -0.042889045748261474 -1.5874264442762087 -0.007070972455408803 0.9999675973024543 0.0038478167428405885 -1.2740636384599673 0.042915473989953844 -0.0035409082310260535 0.9990724318392104 52.284162206885085
0.99902769283884 0.007115369296986107 -0.043509084808425906 -1.6340445838927784 -0.007060806303762379 0.9999740814875797 0.001407610530963887 -1.294817437959614 0.04351797278642518 -0.0010990326808782511 0.9990520397715642 53.36714478148521
0.999012266565429 0.006176504526128345 -0.0440038866878566 -1.681243652326116 -0.006233021462879702 0.999979916403721 -0.0011472718270433791 -1.3167332572112331 0.04399591680192936 0.0014204157984768016 0.99903070109167 54.43488597318004
0.9989977405687819 0.005186299286344047 -0.04445915696653874 -1.7273188927416743 -0.005394573937056697 0.9999750251140388 -0.004565930377241552 -1.3422800086602937 0.04443436632270671 0.004801192339893891 0.9990007685890995 55.47635071405014
0.998979762309529 0.003584511905762047 -0.04501761622286465 -1.7746808127520537 -0.003890299146577165 0.9999699414820908 -0.006706840153844922 -1.369556945475598 0.04499222231165981 0.006875129576708771 0.9989636792820642 56.51678896976635
0.9989590709755836 0.0022416948974522347 -0.04556039200424467 -1.8230411718035675 -0.0024642845814749842 0.999985299007832 -0.004830017568683365 -1.3977804282979582 0.04554889479554045 0.004937263634749708 0.9989499094602806 57.58605918587085
0.9989563197128067 0.0012176370277745818 -0.045659486045157516 -1.8716079913063028 -0.001187710723424828 0.9999990617358689 0.0006825471518165649 -1.4238543890073412 0.04566027429918489 -0.0006276045296072445 0.9989568286284823 58.62392808932471
0.9989501488706062 0.00011781782068717867 -0.04581032842437588 -1.9203563981577751 0.00018792157790159538 0.9999777398877994 0.006669663736955188 -1.4465219703002532 0.045810094486571536 -0.006671270332150001 0.9989278899877027 59.67568004856454
0.9989541882978961 -0.0014783336021514954 -0.045698404915781574 -1.973164502992319 0.0018452680122171914 0.9999663901580527 0.007988337764009024 -1.466897526211278 0.04568505957147334 -0.008064309271695545 0.9989233415272258 60.77122142738891
0.998965782793967 -0.0045131734653382095 -0.045243740695294216 -2.02611985322667 0.004738147034104805 0.9999769334402605 0.004866472037478131 -1.4836576533025887 0.04522073384537737 -0.005075810544151536 0.9989641241695334 61.852030865810185
0.9989816230651485 -0.005444080915190636 -0.044789270602507876 -2.079975249161877 0.005501844702900274 0.9999841843596377 0.0011665056583439852 -1.5018441121106056 0.044782211680319976 -0.0014117413270983438 0.9989957760188187 62.933358015198884
0.9990381448231337 -0.0034646183529847773 -0.04371248800987837 -2.134769385724686 0.0033220959611508496 0.9999889284248059 -0.0033326725355160526 -1.5248978922181564 0.043723550482211576 0.003184249907315498 0.9990385936918327 63.99213774537876
0.9991056330684838 -0.0025192254145226674 -0.04220885539942337 -2.1847335659522877 0.002186992838384659 0.9999662805034982 -0.007915485981269645 -1.5511321760964478 0.04222737303152378 0.007816096167886186 0.9990774532575284 65.00978399812253
0.9991720396454947 0.000403626339852677 -0.040682579520402905 -2.2330459274586016 -0.0007597246249494083 0.999961534259556 -0.008738010057466465 -1.5818065134040955 0.04067748774384147 0.00876168288902975 0.9991339123980326 66.07071233561723
0.9992201333209514 0.0044010753463987334 -0.039239720970581364 -2.2766426512756244 -0.004609293725790664 0.999975766137097 -0.005217427514617175 -1.6128269084818565 0.03921580774895688 0.005394226016419662 0.9992162042062159 67.14201540699868
0.9992589686353671 0.0062029368410319976 -0.03798732915489484 -2.3179043805645105 -0.006312032007121558 0.9999762903763386 -0.0027526236780018977 -1.644334463997032 0.03796935413879497 0.002990361135012226 0.9992744297171636 68.21644116294706
0.9992874208959954 0.0063653623683896845 -0.03720393260049563 -2.358918344210397 -0.006444122958189274 0.9999772414498411 -0.0019974638071917337 -1.6701652632881427 0.037190371311978984 0.002235787172427502 0.9993056977408836 69.31267833389755
0.9993098624988938 0.005840709437883118 -0.036683577057017504 -2.3986726144499264 -0.005895748603334321 0.9999816505454606 -0.0013923795380114262 -1.6939887288627689 0.036674771449079255 0.0016076957528756847 0.9993259610625161 70.42690008279159
0.9993230208578078 0.005412427560502581 -0.03638963604547188 -2.4397280627735474 -0.005425336786312182 0.9999852499802692 -0.0002560129858833155 -1.71704564307156 0.036387713645881656 0.0004532657015097432 0.999337645065884 71.56203609659416
0.9993370306354149 0.004842853219376429 -0.03608387414734828 -2.479813835241877 -0.0047869353155607615 0.99998720446256 0.0016358977456079878 -1.7408497868336419 0.03609133484744963 -0.0014620820240408812 0.999347426006132 72.70435019706304
0.99934539775946 0.004238268329813304 -0.035927886920127855 -2.519725057701954 -0.004123675274446245 0.9999861738685343 0.0032630314119636893 -1.7624133342689945 0.03594121977913262 -0.003112740485334857 0.9993490579209328 73.84612034952339
0.9993507476696027 0.0038071289815829767 -0.03582720894959452 -2.5613786115386907 -0.003732741611453751 0.9999907371789687 0.002142941044412639 -1.7845226173075819 0.035835035541526075 -0.00200781602127727 0.9993557018912531 74.97605894224984
0.9993589268658573 0.004250716246568938 -0.035548090031790304 -2.6033769034291847 -0.004311931416955189 0.9999893496487263 -0.0016455505363987565 -1.8069831062618331 0.03554071666374484 0.0017977765443798208 0.9993666121391693 76.06503724658818
0.9993546975178105 0.005256037280795203 -0.035532557200169554 -2.645488178578032 -0.0054033827000014014 0.9999771920516672 -0.004052015776779329 -1.831255598635747 0.03551044922945579 0.004241397005802913 0.9993603046684204 77.12452581544709
0.9993429862495916 0.0069950606743136605 -0.03556212816896344 -2.6881033370017176 -0.007088236504413892 0.9999717663299548 -0.0024946835876693842 -1.859616860261273 0.035543673656511766 0.002745117321311259 0.9993643537738816 78.1925184319517
0.9993254981345386 0.007943775231270647 -0.03585310604712921 -2.727268920343221 -0.007880875894163288 0.9999671491896442 0.0018953460561125057 -1.888608362485967 0.035866984446597125 -0.0016115137624842782 0.9993552733888473 79.266201271605
0.9993035222733799 0.008777896597167368 -0.036268704186138076 -2.764981141994758 -0.008558300381344025 0.9999441219092129 0.0062055260689383605 -1.913583614605832 0.03632114902635708 -0.005890805593382332 0.9993228069762361 80.33080508812012
0.9992840637430245 0.009093753566049988 -0.03672415547432957 -2.804971616281327 -0.008823548835960966 0.9999328471265405 0.007513070167842163 -1.9328334598821975 0.036790011350394954 -0.007183653909220662 0.9992971981254367 81.41735142868006
0.999263099157827 0.008567413799155984 -0.03741467736443555 -2.8465092983792397 -0.008364620864009513 0.9999494843242033 0.005573321950009117 -1.9499905736784686 0.037460536292105474 -0.0052562553734677355 0.9992842838752919 82.51853706140933
0.9992403642140733 0.007717263194691629 -0.038198669794992625 -2.8871920183714828 -0.007559548024107284 0.9999623029229758 0.004271529778380101 -1.964882761188816 0.03823019433633892 -0.003979520292727547 0.999261034794835 83.64341898761306
0.9992266293775365 0.006718796947227262 -0.03874275300473693 -2.9276347494446813 -0.006569137576087724 0.9999704670813956 0.003988909189121092 -1.981296230494567 0.03876840948904863 -0.0037313178093740652 0.9992412560003182 84.77406208647159
0.999215900190831 0.005585482530257631 -0.03919677525930319 -2.9681342170564364 -0.0054236562942483165 0.9999763296609905 0.004233682809664928 -1.999425888709023 0.03921949461971683 -0.0040177733429324495 0.9992225421492138 85.9045981067004
0.9991979280846269 0.004502689554730972 -0.039789776301947216 -3.007185548331027 -0.004288584152225093 0.999975872626009 0.005464632816385077 -2.0182682758848545 0.03981342182423621 -0.005289607983806138 0.9991931302255942 87.00916699963307
0.9991844023442267 0.004382202447273241 -0.04014133049262065 -3.0461000989862486 -0.004072150478449102 0.9999612683973679 0.007802518542380061 -2.035342052021602 0.04017396797041028 -0.007632693288376688 0.9991635473187939 88.08214616015562
0.9991678491831212 0.0034092804687402573 -0.04064463021675734 -3.0869359415796724 -0.003060493540247596 0.9999579865683873 0.008640513722169799 -2.0512256946224774 0.04067238053103828 -0.00850893088339354 0.999136304793874 89.12409607072999
0.999116551566943 0.0022890483075703946 -0.04196280070278121 -3.12930366519258 -0.0019269403800330873 0.9999605783529171 0.008667677939761495 -2.064470199577066 0.041980987193579955 -0.008579160678133937 0.9990815756064709 90.18093713268132
0.9990198887363368 0.0010736744456391833 -0.04425052691683612 -3.173245963772254 -0.0007382818235482893 0.9999708846546316 0.00759504989965989 -2.076667569030255 0.04425739315845291 -0.007554936546000048 0.9989915946015769 91.21164026734716
0.9988919579110599 0.0009058805803387619 -0.047053541853710926 -3.2197820302469546 -0.0006170469313343228 0.9999808824066087 0.006152566487314936 -2.088819440125291 0.04705821579373033 -0.006116714941082775 0.998873420471602 92.20019373312334
0.9987500403432812 0.0007867225797629707 -0.049977374699681526 -3.2698014672263267 -0.0004926628466222792 0.9999824976501689 0.005895903378282088 -2.1018555541316215 0.049981138418501776 -0.005863911741233099 0.9987329474596698 93.1758667896407
0.9986194805721942 0.00153554363527685 -0.05250500097572784 -3.3238257667419386 -0.0011852890475128636 0.9999768431089353 0.0067013682004807935 -2.1168383926449983 0.052514075366427874 -0.006629883228890997 0.9985981757127231 94.13187601575282
0.9984904641027336 0.0020057732482112096 -0.05488870530064345 -3.37963918229348 -0.0015862825814852296 0.9999692112406275 0.007685068533600487 -2.1324793721354487 0.05490242985037912 -0.007586398649637408 0.9984629035432673 95.06560843555398
0.9983499878763411 0.002511978298272919 -0.05736716545494521 -3.438090698939841 -0.0020016297981585614 0.9999579275348058 0.00895190697250328 -2.1481368819579894 0.05738723887291648 -0.008822308389658305 0.9983130128818413 95.98372546193359
0.9982240227059059 0.0036275024853312564 -0.05946126233569145 -3.49582800747019 -0.003058199883865621 0.9999486399246048 0.00966255278899734 -2.163138130249788 0.05949325933503163 -0.009463547889071616 0.9981838474725205 96.85866734202492
0.9981071622986423 0.0053373892772355935 -0.061266669926241364 -3.552226307262072 -0.004738254283096467 0.9999395668856004 0.009920258211515489 -2.1764277580992415 0.06131591567037451 -0.009611183711576493 0.998072133481926 97.68927256402408
0.9979860448478666 0.007177501106471137 -0.06302648464554406 -3.608305679195984 -0.006648736933473803 0.999940955937363 0.008595285699677293 -2.1890196621650047 0.06308445597845684 -0.00815892866350855 0.9979748410140228 98.47884521565831
0.9978659694792681 0.008711856603519651 -0.06471174939465314 -3.662469408436735 -0.008425446120422732 0.9999534714589983 0.004697528580746796 -2.1993393199255697 0.06474966264675468 -0.004142278553500544 0.9978929415100171 99.21996995609952
0.9977263572736366 0.01109202441054144 -0.06647618367469618 -3.7141258643453408 -0.011095076563001884 0.9999383954837983 0.00032328523811063855 -2.2077403271819818 0.06647567432931481 0.0004150081445064527 0.9977879596841707 99.90375380814574
0.9976019199773553 0.013192642907820193 -0.06794382555168395 -3.7626688456341624 -0.01342447164252462 0.9999055165948623 -0.002956593356902134 -2.215374426900337 0.06789840070730664 0.0038616131688410807 0.9976847674115915 100.53373217447077
0.9975272542449947 0.015131247618860446 -0.06863251695759501 -3.807125337546787 -0.015464823356279585 0.9998710300478991 -0.00433157125182084 -2.2255204974640597 0.06855812334798052 0.005382250128641467 0.9976326052743831 101.13602248440544
0.9975312168188797 0.017451042668673113 -0.06802155968233517 -3.8494949814382706 -0.017762544620561125 0.9998343228707418 -0.00397728779507887 -2.2366018654103916 0.06794088224658196 0.005175704722881543 0.9976759236346113 101.71854052983548
0.9975964344892212 0.021383013991739846 -0.06590994315745341 -3.8925913526093385 -0.02157929486405898 0.999764568625647 -0.0022674553891181923 -2.249401818047793 0.06584594085864127 0.0036842955094157264 0.9978229993536116 102.28575147542698
0.997797097914154 0.02441760163568334 -0.06168251068536165 -3.930576199243014 -0.02448418658524919 0.9997001649448913 -0.00032375363092614393 -2.263655151693059 0.0616561108191831 0.0018332865340442894 0.9980957684807279 102.84335021831326
0.9981158759799476 0.02587057331656796 -0.055636422899483784 -3.9619290258342503 -0.02580508020463886 0.99966519666011 0.0018953686009126364 -2.276970461102367 0.05566682991162943 -0.0004560951361844315 0.9984492956704482 103.38405274679276
0.9985175210835786 0.026294066229809936 -0.04765901982000235 -3.98801424591292 -0.026107085597032828 0.9996488351189643 0.004541643636857504 -2.2885842149937425 0.047761701924556796 -0.003290672636008497 0.9988533382348331 103.91297398329566
0.9989539077625184 0.026246876300839654 -0.03744584957559864 -4.005050881613413 -0.026037086982931945 0.9996424924437567 0.006079260010439099 -2.3011442005025073 0.03759202398692012 -0.005097919701182921 0.9992801663934319 104.4202502358301
0.9993531046982598 0.025814893590520253 -0.025039237185964004 -4.0121163783246665 -0.02565772559248284 0.9996491438501025 0.006578017723865342 -2.313381617890444 0.025200262843186737 -0.0059313125583424775 0.999664826971504 104.92136003092556
0.9996128959473999 0.025672714814600643 -0.010722405033200896 -4.009032394951573 -0.025608348479654357 0.9996534548457149 0.006097762144253533 -2.3254240066664855 0.010875235344231049 -0.005820818591185518 0.999923920769542 105.41412377223695
0.9996821046889297 0.024323167692579195 0.006638755764845268 -3.990790687646411 -0.02434660821536483 0.9996975441355558 0.003473171136387831 -2.3343802042644426 -0.006552269310256226 -0.003633698217213231 0.999971931608157 105.88408237135341
0.9993513115688958 0.023631075530734236 0.02717587781071922 -3.961508828020555 -0.02361442360878669 0.9997207047299439 -0.0009335587208771165 -2.341722060541895 -0.027190348713232577 0.0002912104415721674 0.9996302317023671 106.34880919995108
0.9985135498684362 0.021380324670014522 0.05013554074839394 -3.921097156435017 -0.02112440537991546 0.9997610087071442 -0.005628940061441781 -2.3466730921483308 -0.050243907356754276 0.004561489436036544 0.9987265604697054 106.79196312688136
0.9969493705200213 0.01875924383776956 0.07576307405566429 -3.8690454901310445 -0.018172463343214623 0.9997993536555234 -0.008426980837436817 -2.3522120808307267 -0.07590595626015459 0.007024471555221109 0.9970902379441889 107.22918163578203
0.9944676771471043 0.015922266843975633 0.10382928550359742 -3.8030592040235005 -0.015016005888359796 0.9998420818895558 -0.009504254306200065 -2.359702053222638 -0.10396421825223849 0.007892572540395942 0.994549721543319 107.6577737198943
0.9909148985874381 0.013265609109473723 0.13383455223669938 -3.7227029164957863 -0.011906812642009405 0.999869174776753 -0.010948111433530893 -2.3679737168986454 -0.13396227666828933 0.00925510379237165 0.9909432130468624 108.07358051113762
0.9860928432065912 0.010696416496010934 0.16585081022075648 -3.6287398809122076 -0.008797790259005666 0.9998871382877186 -0.012178241800587823 -2.376121596908354 -0.16596235556082026 0.010549756439790649 0.9860756559086953 108.47267185168518
0.9795381839753748 0.007491744395986473 0.20111891979653798 -3.5176734463212265 -0.005118518361368121 0.999911035324964 -0.012317556784552406 -2.3850848030590943 -0.20119330730420806 0.011036086319956935 0.9794893863104037 108.866605841738
0.9712829327752307 0.005045305880345866 0.23787393591589018 -3.395532843640024 -0.002089978039055184 0.9999174913088117 -0.012674484860828726 -2.394033169052981 -0.23791825590176904 0.011813359524913174 0.971213338070166 109.22827233167013
0.9606368188840826 0.005328792565185329 0.2777561991640592 -3.2600815267104415 -0.0016884003017620642 0.9999095397623756 -0.013343972295166664 -2.4051017209467984 -0.2778021805326381 0.01234974744642137 0.9605589165841523 109.57303303744226
0.9468820418589141 0.006746953311402559 0.32151030687382964 -3.109764238760547 -0.0024912581582000794 0.9999037835396535 -0.013646145824881394 -2.4167187990143546 -0.32157144219889894 0.01212032524722337 0.9468077446229624 109.90644978442772
0.9307282360433433 0.006625882317621006 0.3656515394677786 -2.943981395825208 -0.002263286600939872 0.9999210710791785 -0.012358363388006706 -2.4238138276462076 -0.36570456404781954 0.010674703526611675 0.9306697709387646 110.2235173767131
0.9117729855075661 0.00567939115948699 0.41065529025531133 -2.7593769320576556 -0.0013301799120402163 0.9999399713786058 -0.010875856782523117 -2.429156836011413 -0.41069240742923224 0.009370066990683172 0.9117258076442559 110.53012732514281
0.8896827788573719 0.004219280700134287 0.45655969015561904 -2.552653291889743 0.0007947744782744416 0.9999414739048155 -0.010789675555517096 -2.43659792650466 -0.45657849416956836 0.009962250520746502 0.8896273558217567 110.83031713930993
0.8651513775532349 0.003937245125959052 0.5014953559292001 -2.3360153386785205 0.0025145474325718965 0.9999225575047468 -0.012188356918598334 -2.444797466885494 -0.501504507426351 0.01180580763793437 0.8650744776821638 111.11166084025339
0.8385078846595935 0.005386640032392606 0.5448628373020608 -2.1202454867971112 0.0032020930403283236 0.9998851556221647 -0.014812905407097848 -2.4529862616321485 -0.544880054657768 0.014165439477826771 0.8383943382207126 111.36699747850123
0.810025813543325 0.009189315994337912 0.5863222133477698 -1.905471248434899 0.002188829413952801 0.9998228563545385 -0.018693981300085677 -2.4608611296921463 -0.5863901349948418 0.016425966717595143 0.8098622087726547 111.59589785275381
0.7781058672500849 0.01430741524732434 0.6279701881617715 -1.6844056219232386 -0.00034413416406072763 0.9997501150886272 -0.022351486571430365 -2.4681166444436533 -0.6281330598867313 0.017175716847233374 0.7779163540047958 111.80682260813155
0.7426125994344553 0.018715687186698332 0.6694596703419313 -1.4514269155254511 -0.0026810906549993713 0.9996845175169842 -0.02497352978121234 -2.4750437650334254 -0.6697158643141867 0.016750775801827204 0.7424284966216865 112.00452346582092
0.7050020144626641 0.019361263789199445 0.7089409714976749 -1.194518642863608 -0.0013684517857134027 0.9996625634553417 -0.025940057162690787 -2.482799367998092 -0.7092039811953208 0.017317641016562312 0.7047906159749342 112.1978403526553
0.6656699258271189 0.017363617643338013 0.7460442712276865 -0.9186708801424404 0.0015816894209571522 0.9996941902653317 -0.0246784158388702 -2.4919148725830262 -0.7462446302037224 0.017607689572358084 0.6654388936333907 112.38165593875748
0.6243430121955703 0.015606984828675037 0.7809943822762845 -0.6383314836811658 0.002524114963242938 0.9997548633526665 -0.021996409851179816 -2.4980271468315896 -0.7811462295666616 0.015704624390486203 0.6241505690188389 112.54676844193264
0.5818556556519711 0.014171821881472823 0.8131685898080238 -0.348428085991896 0.002979005686796191 0.9998043232425615 -0.019556092416402986 -2.5031797104821907 -0.8132866170735444 0.013801256828298874 0.581699582086 112.70434710827968
0.5369867169534074 0.011943618714996003 0.8435061444871561 -0.03512418530512973 0.004298534886773548 0.9998480487960879 -0.016893842561129538 -2.5088831705405172 -0.8435797463271776 0.012697609642914616 0.5368537811135621 112.85831074628238
0.4910678214606232 0.008954645060953632 0.8710753176722121 0.2906815980962525 0.005908657865735345 0.9998899237095153 -0.013609857692221613 -2.51507584451529 -0.8711013043774762 0.011830249194720229 0.49096085660248734 113.00181612048408
0.4443768526823213 0.008365108000582171 0.8958008918103892 0.6324955454459452 0.004693737287105042 0.9999209358345951 -0.011665800870259611 -2.5220602286566245 -0.8958276517447045 0.009388665922457042 0.44430245477800673 113.13764665549675
0.3977766104883719 0.011250380746320779 0.9174133185655421 0.9827032616975782 0.002915637161306167 0.9999042664948505 -0.013526156340065649 -2.531902733219427 -0.917477665781747 0.008055232985774036 0.3977057279110015 113.25809611233572
0.35017861276289663 0.015166609489368411 0.9365601492269705 1.3085155981902594 0.0025970538022707023 0.9998493398040307 -0.017162546576455835 -2.5397408569463136 -0.9366793445331216 0.008442253848227044 0.35008646628363255 113.34696487688588
0.30384780465126654 0.01677460175719303 0.9525728971288697 1.6515462465327997 0.004233742139665443 0.9998113374678742 -0.01895692217086462 -2.545918624618725 -0.9527111771340239 0.009792967200239852 0.3037194606167255 113.42049606585145
0.26182210237015946 0.015928265199080423 0.9649847030280903 2.026843238381318 0.010835694239055376 0.9997522652632806 -0.019442114887347078 -2.5516912967001466 -0.9650553219587069 0.015546654581705475 0.26158464612910654 113.48488778952715
0.2260576034354903 0.015067343364627384 0.973997399941565 2.421663919342091 0.01850451128582449 0.9996335215782681 -0.019758684143904793 -2.558952461906755 -0.973938161790096 0.02248994666419241 0.2256959443764255 113.53970580099083
0.1969396463301037 0.01549226427394246 0.9802932038176302 2.852391629678144 0.02335306717944805 0.9995173281681975 -0.020487677877594028 -2.570339982887135 -0.980137444421282 0.02692768907964802 0.19648279722190456 113.5956754894265
0.1715920227194288 0.013892875917355472 0.9850701323955539 3.3265262308705448 0.02204694893767733 0.9995959956548929 -0.017938158022469952 -2.584671645906793 -0.9849213723854254 0.02479583572789227 0.17121640327071766 113.66297415184921
0.14969696229851698 0.01036493795060458 0.9886775953463649 3.8367934057093667 0.016983668523289423 0.9997705640140867 -0.013052751987312209 -2.5965509063651675 -0.9885860480919618 0.01874532987790217 0.14948658175796686 113.73459646406974
0.13012052286897607 0.006433840295276691 0.9914773094868852 4.3538639365779765 0.012825278583437249 0.999884362133812 -0.008171572034385377 -2.6051736510506793 -0.9914152317558755 0.01377926192910192 0.13002296021521653 113.80165921412207
0.11002488038277257 0.003703030346440242 0.9939219351956184 4.927589389754212 0.015862861590984843 0.9998591534831696 -0.005481132917665814 -2.6118324763912035 -0.9938022415545744 0.016369507083880228 0.10995064310375367 113.85790101655977
0.09170254082104763 0.0036882832292829573 0.9957796144598351 5.584964151332671 0.023146793768393625 0.9997150518174712 -0.005834475797392365 -2.616477480464648 -0.9955173880677335 0.02358414162965219 0.09159103841744023 113.91002649826855
0.07600870619559834 0.005722067979705654 0.9970907353498477 6.285124896719466 0.028901657068821408 0.9995507293692873 -0.007939372519139742 -2.620252747499437 -0.9966882013955728 0.029421035932765068 0.0758091804697527 113.95846117840004
0.0645584413181268 0.0110990817710321 0.9978522025021577 6.950316795963053 0.030498640957152268 0.9994490903005696 -0.013090026628183302 -2.6256985369030708 -0.9974477633211352 0.031278207768345306 0.06418436853673613 114.00326694536957
0.055680664678873865 0.01617376836006552 0.9983176211997595 7.584292527744547 0.028397886404973784 0.9994386327863607 -0.017775807769439735 -2.633516575392358 -0.9980447002156984 0.029339879194720826 0.05519010654266036 114.04757670086806
0.0498741618668371 0.016435695295530878 0.9986202661163175 8.224285644732916 0.029779522985476654 0.9993955620156871 -0.017935736229695427 -2.644616120680462 -0.9983114483911478 0.03063296498049455 0.04935456886313382 114.085928920198
0.04698478169340848 0.013226266754446997 0.998808037691405 8.913882970015235 0.03454856768102156 0.9992925697518508 -0.014857877032996625 -2.6570487212630907 -0.998297964918494 0.03520548119935283 0.046494594665502945 114.12164206645473
0.04677824939573838 0.011425317906697745 0.9988399558959348 9.612596551279417 0.03637481609701259 0.9992519114057653 -0.01313355648055709 -2.6712802480981015 -0.9982427901755024 0.03694698448656345 0.04632766128320147 114.16228548894239
0.04835786768481238 0.011095735401310666 0.9987684422772247 10.299978896740006 0.03583168529261285 0.9992753980106276 -0.01283624788588465 -2.6824590626524745 -0.9981871602871191 0.03640829008070589 0.04792524857869663 114.20657894737695
0.05054614654152695 0.011713955619439529 0.998653027989972 10.996917023448978 0.03267802346609532 0.9993764146987786 -0.013376416790712354 -2.694996516978799 -0.9981869733933343 0.03331013340644747 0.05013183779089778 114.25607001075618
0.05293428321192314 0.012766027587299823 0.9985163945576817 11.697453964308712 0.03136771284384171 0.9994035948205178 -0.014440264913325469 -2.7088169029288864 -0.9981052190284248 0.032085560606930796 0.05250227184372875 114.30528553748434
0.054689463085284905 0.013589423852993937 0.9984109325256708 12.376165806925796 0.03127441564129443 0.9993934831256188 -0.015315900637385338 -2.7243645057126926 -0.9980135137129823 0.032062336867146476 0.054231291713168935 114.35214850540756
0.05605303870858873 0.013268846488252828 0.9983396188494158 13.047384459029779 0.03104734351887625 0.9994049608787116 -0.015026198169766388 -2.7411724008530287 -0.9979449480366882 0.03183805716257475 0.05560772252267035 114.39938217325964
0.05668462284567169 0.012266618448720576 0.9983167751794363 13.716526685265826 0.03057940264479337 0.9994340566639132 -0.014016651318920438 -2.758141311253529 -0.9979237213668816 0.03132245922883605 0.056277436696480464 114.44788610575861
