0.9999838860371477 -0.00498770318723326 -0.0027111774123255604 0.03237792542275571 0.004998536203179289 0.9999794922784235 0.0040037055849813825 0.014876762817451261 0.0026911525171470895 -0.004017192987867065 0.9999883098609842 1.6491105031389717
0.9999821121788176 -0.004395920954524666 -0.004056008056297206 0.08167361961720107 0.004396039938427926 0.9999903371612477 2.0420423513238464e-05 0.02555847332779936 0.004055879097177756 -3.8250431642417055e-05 0.9999917741569949 4.913300764203051
0.999995612436078 -0.000612578780814925 -0.0028982504775918057 0.13425770889238084 0.0006417494868827698 0.99994904263703 0.010074735077588864 0.0863468899182438 0.002891931221459376 -0.010076550824801564 0.9999450484188048 8.438027696575991
0.9999789188267527 0.006112212253746167 -0.0021915208063521064 0.18839274795484823 -0.006080402663411862 0.9998801322780924 0.014239023105393097 0.14525209643198636 0.002278290045251692 -0.014225397601132266 0.9998962183434635 11.864917624996913
0.9999582314055372 0.009004505109887394 0.0015666307912559337 0.2574791116368349 -0.009013215282834025 0.999943448932015 0.005644544995966009 0.18111273689743196 -0.0015157158623523865 -0.0056584296118454575 0.9999828422426814 15.390633436252639
0.999888845279698 0.014531503071941697 0.003336540679231439 0.3321098138511818 -0.01457664953993597 0.9997967077839409 0.013930699644453724 0.24496388238733238 -0.00313342838180511 -0.013977786765588017 0.9998973962880954 18.98466693262419
0.9998517082186124 0.016769294985216565 0.003918203417969213 0.4064324358404578 -0.01679987950189966 0.9998276007607598 0.007907768693328559 0.27474582356179855 -0.0037849202167874745 -0.007972421381508037 0.9999610566798437 22.43489866857178
0.99978012583382 0.020755920060288747 0.0029819071354860774 0.47264980261868017 -0.020787548543264433 0.9997234089170126 0.010999249470371222 0.3280602646555636 -0.002752782823831905 -0.011058817558895739 0.9999350602618774 25.946125757854308
0.9995568924435465 0.029672853081674794 0.0023538391186420818 0.5309419508696601 -0.029700258359734534 0.9994792200069668 0.012616791495163754 0.3758549004014932 -0.001978237085924156 -0.012681110529474961 0.9999176346148574 29.444690520443068
0.9998095081343226 0.019479930723243742 0.0012164469673907599 0.6135075837722174 -0.019490961957225057 0.9997616834587858 0.00983253220888816 0.41183481831906976 -0.0010246200216937197 -0.009854368913047749 0.999950919579125 32.918089645108175
0.9999719758932542 0.007476047610892633 0.0003951458772658758 0.7008156933157623 -0.007481035723824513 0.9998646396538209 0.01465388939622292 0.4696354142916733 -0.00028553921537222534 -0.014656434834486174 0.9998925479196755 36.36343426475211
0.9999919733052365 -0.003921260464425304 -0.0008228252987683004 0.7790554941942149 0.0039275541637593045 0.9999619287393999 0.007792008089929602 0.49734318872984834 0.0007922394795103918 -0.00779517723678731 0.9999693033130845 39.74681580172983
0.9999692678081387 -0.007566840387419416 -0.0020509426637173225 0.8404923853702052 0.007592763407664519 0.9998874325789778 0.012941101748262514 0.5403248822040526 0.0019527885430245372 -0.012956276362248982 0.9999141570753626 43.14337362914035
0.9998609194397251 -0.016674519493853273 0.0003196510589486676 0.9246411948689993 0.016670165198260412 0.9998042007344389 0.010661415761336971 0.5615493393188127 -0.0004973624564505808 -0.0106546043297011 0.9999431144005968 46.40076321387168
0.9998992630310369 -0.013971578951004966 0.002501753706522666 0.9914652835377166 0.013948771065035613 0.9998629836640043 0.008913230856060229 0.5810096171532897 -0.002625942834010211 -0.008877436574486745 0.9999571468538533 49.62867270675326
0.9998949989025281 -0.013796376490046657 0.00443296350780542 1.070293836290682 0.013733215616309663 0.9998080193844009 0.013975806362450981 0.6125375185897339 -0.004624927951070618 -0.013913460043772944 0.9998925070581625 53.08100407566881
0.9997981598960157 -0.018890337852839483 0.0068406581809675165 1.1636051215346355 0.01884216577974875 0.9997976900276878 0.007039304229085348 0.6280263278126228 -0.00697224908273666 -0.006908990599699413 0.9999518256354254 56.434677439903794
0.9998249977446145 -0.018623655296687403 0.0017701266548254338 1.228187198938655 0.018588670033777486 0.9996639723015484 0.018066649624836048 0.6845714075217829 -0.0021059988982186136 -0.018030583620099887 0.9998352178348985 59.7767832941283
0.9998111054541833 -0.01931471108190043 -0.002166874779318795 1.2909522432338603 0.019347270236229123 0.9996819939316897 0.01617387223796323 0.730040626813891 0.0018537920306378667 -0.01621274019363629 0.9998668463903176 63.36165971880401
0.999746919161919 -0.02129118075311338 -0.007265208076310614 1.3303720300549204 0.021406639808657927 0.9996395494567127 0.01620268292863397 0.7949616739194701 0.006917615077193458 -0.016354106032483755 0.9998423324792369 66.97899217365514
0.9996327223513061 -0.02546687026067112 -0.00926600904626056 1.3684923898159833 0.025585258788407856 0.9995895283394958 0.01289066975600562 0.8587235073811154 0.008933920597891706 -0.013123008540511844 0.9998739779140146 70.29127647929334
0.9996683265861163 -0.02386457705495508 -0.009680846166816698 1.3974923096758776 0.02397726803805937 0.9996440775717516 0.011696529107258373 0.9160499563347969 0.009398267816385775 -0.011924769922895753 0.999884729568532 73.56537358772319
0.9997222336952934 -0.020072233407493777 -0.012351554611893587 1.4094272925171885 0.02023476559636899 0.9997084093185384 0.013177655294497007 0.9744623386730289 0.012083448040832515 -0.013423925798203569 0.9998368809458904 76.91782976390489
0.9997200516828343 -0.01780776846713486 -0.015578884603635898 1.4111292731397134 0.018024231986982973 0.9997413916935911 0.013866390873001271 1.0217123124855543 0.015327926296531567 -0.014143306430405579 0.9997824871234047 80.19807660999984
0.9997171038772474 -0.015233029974094741 -0.01826655449443957 1.407408225424182 0.01551477508662042 0.9997613009429807 0.015382876545450442 1.072373650153813 0.01802786646560205 -0.015661926273907664 0.9997148093811988 83.40351303648423
0.9996437669492897 -0.01788625599425807 -0.019809620035304728 1.4079765900059287 0.018084948127908243 0.9997874718345292 0.009896757748552835 1.1203327025459096 0.019628393990496106 -0.010251488147119988 0.9997547865052318 86.69563155531992
0.9996584064880251 -0.01424108187785955 -0.021914879072730258 1.3918951906404138 0.014561024191098027 0.9997887008161105 0.014509662123634467 1.1804067676580285 0.021703615190344316 -0.014823808801515076 0.9996545442202944 89.85944992225998
0.999665503395947 -0.01179300055485901 -0.023017525019910792 1.3787411930284894 0.012143317128875609 0.9998116485855908 0.015139590538439258 1.2324761609724715 0.02283464843689688 -0.01541403550265599 0.9996204211300828 92.81910340878578
0.9995919917602589 -0.015515472478296415 -0.023981662213762363 1.3736680122581957 0.015825258632362116 0.9997930660157843 0.012782266464778494 1.2653420392263444 0.023778376689307785 -0.013156567201705029 0.9996306785715838 95.51638169109742
0.9993994023248125 -0.020644584563446887 -0.02783227911995848 1.35800795010731 0.021148302517563625 0.999615610415226 0.01792709443334648 1.3012573360740678 0.027451483264738046 -0.01850493292068909 0.999451841523224 98.08725553242256
0.9993575319127985 -0.018776261491049683 -0.030528272364812373 1.3272178214046295 0.019266533810751937 0.9996888112522384 0.01584554612518802 1.3242926525879761 0.03022125219244876 -0.01642353985917881 0.9994082965707312 100.43383720397073
0.9992750571683886 -0.021706086571383978 -0.03127628377653214 1.304276269679814 0.02178791609121934 0.9997600201976944 0.002277877676343971 1.327172191995575 0.031219334290092753 -0.002957671391819499 0.9995081817306041 102.7627280121203
0.999092814684567 -0.017632358904688374 -0.03876399831194109 1.252448038353094 0.01727434271903873 0.9998051646066369 -0.00955143494578238 1.3172413605492828 0.03892486004210031 0.00887314743225747 0.999202743453673 105.10274925400824
0.9985495392764699 -0.008624228019831792 -0.05314546360521748 1.1548692237209528 0.008173366082062022 0.9999287934759932 -0.008695059777517129 1.3316934821757225 0.05321666747965459 0.008248070605174669 0.9985489250075086 107.38589306489213
0.9985361786392767 -0.007858922666399324 -0.05351389803589729 1.0747142051604213 0.006769063212212769 0.999766593155612 -0.02051679783132695 1.3258367195188336 0.05366264745334418 0.02012452594587081 0.9983563110051197 109.6819083722576
0.9985586841494419 -0.007287648357767094 -0.053173719929594854 0.984490467833843 0.007356752600909629 0.9999723293316118 0.0011039756704824928 1.3961657339414268 0.053164203190741506 -0.001493570395242131 0.9985846667892352 112.24235151394215
0.99860300460533 -0.007485694398988332 -0.052306821472685075 0.892485052125699 0.0075397630290869625 0.9999712257649223 0.0008364303119312201 1.4356370891107832 0.05229905512220642 -0.0012296428613463406 0.9986307109296004 114.9851367957164
0.9985520724675457 -0.012229296731740157 -0.05238513980337631 0.8031502588741013 0.01213014977300738 0.9999239843822861 -0.002210186313354089 1.4552892253166134 0.05240818673887333 0.0015715465320441943 0.9986245101159101 117.86410517682869
0.9985388797989296 -0.015942379812323153 -0.05163280019350175 0.7124194105941478 0.01658497303449635 0.9997899547478909 0.012040973991248038 1.5156498940904986 0.051429993188288996 -0.012879709279813642 0.9985935453874717 120.89181779298757
