0.6336698400718926 -0.01659914913179307 -0.7734254986948403 722.6838116615082 -0.0184970335814912 -0.9998090471984665 0.006303085655440404 1.490915952409731 -0.7733824367878722 0.010312002142897708 -0.6338558740595986 -464.66395797178194
0.635899154909501 -0.022008051275405796 -0.7714583011831816 719.9075609012812 -0.020508941534082673 -0.9997222015088021 0.011614780563788488 1.5000123854836114 -0.7714996099172915 0.00843596404997625 -0.6361738649205999 -467.036734068429
0.6368297970083271 -0.012639001333193511 -0.7709008141697813 717.089713009884 -0.01741886334348842 -0.9998462735382515 0.0020031204387194602 1.4835061307819457 -0.7708076237571557 0.012152569151034475 -0.6369520564539183 -469.41870890633527
0.637220114260898 -0.005350911026078076 -0.770663281681773 714.2527309360296 -0.010919677597120658 -0.9999382025662902 -0.0020860703900573586 1.4765138085620073 -0.770604494291659 0.009744680584212599 -0.6372391659163841 -471.83146252960506
0.64029927939452 -0.011614205514289674 -0.768037722405046 711.4062293184493 -0.009330416882820373 -0.9999295148328674 0.007342253530066259 1.4928477003711549 -0.7680688615792539 0.002464872487337679 -0.6403625131720082 -474.30005058623505
0.6415509728999312 -0.0006092922246298269 -0.7670801639555912 708.5142325272571 -0.0022468727059404016 -0.9999968872899657 -0.0010848840597144944 1.478290871852763 -0.7670771152460457 0.0024195399076536016 -0.64155034493985 -476.7950670477527
0.6431346136865009 -0.0023647881009885817 -0.7657494867484751 705.6675732136595 0.001834214419890427 -0.999987605435384 0.0046286750878205786 1.488166518447822 -0.7657509414527528 -0.004381409915103534 -0.6431223047845399 -479.2798602431041
0.6429069133834739 0.0034745239827516008 -0.7659364388817305 702.7970804969344 0.0076994494840814335 -0.9999685029455616 0.0019265498834819378 1.483419392284918 -0.7659056202962446 -0.0071358811582557455 -0.6429134156313111 -481.78862033547307
0.6417262301670172 0.0125364015283851 -0.7668313270546189 699.9146280036575 0.01941359279419374 -0.9998115335586177 -9.888370090079291e-05 1.479610658898409 -0.7666880447290475 -0.014823494860665509 -0.6418486629024526 -484.2675525360122
0.6424301876005599 0.004360752415905769 -0.7663318066594106 697.0576910082463 0.01108631033650904 -0.9999320507822816 0.0036038231730585973 1.4862568172401194 -0.766264019632027 -0.01081099702651112 -0.6424348796264574 -486.7712639747148
0.6438215570820159 0.0005417739426098085 -0.7651754760298344 694.1868936441286 5.143870288444239e-05 -0.9999997777254429 -0.0006647579442053562 1.4790116045346544 -0.7651756660993267 0.00038862586075500555 -0.6438214418450134 -489.30215513200545
0.6451579134236269 -0.01152606430488483 -0.7639623135917838 691.3311742256632 -0.010510992449730616 -0.9999254767288259 0.0062096720002921685 1.490883375074496 -0.763976953699909 0.004023783079288391 -0.6452309845203789 -491.8298417765188
0.6476408238614786 -0.008105242070170533 -0.7619026632838406 688.4712069870436 -0.011388161869346073 -0.9999346946601879 0.0009571750492490236 1.4817902387385464 -0.7618606651069886 0.008056765220686997 -0.6476908332660853 -494.3976718658627
0.647736830517703 -0.01512362619481417 -0.7617140371042135 685.6870456136031 -0.018987561161782903 -0.9998128566826769 0.003704609716490906 1.486416656625397 -0.7616275145450085 0.012063479711239958 -0.6479027716758499 -496.8795290528218
0.6492641367684402 -0.014551060219056663 -0.7604237945730221 682.8968308634834 -0.015666443200525525 -0.9998607029761468 0.005756492116755878 1.4900290433082413 -0.7604016328650123 0.008175652301006534 -0.6494016595649231 -499.3524179052406
0.6510762890185964 -0.010837575691125222 -0.7589349200233924 680.11233678405 -0.015034167245918995 -0.9998860270840993 0.0013808175831890798 1.482472665207418 -0.7588633867126515 0.010510936928525493 -0.6511650178809438 -501.82999792421384
0.6523776256899747 -0.02012417876603944 -0.7576268546772237 677.3252630657706 -0.019133163405625906 -0.9997661232181956 0.010080720378670341 1.497408882814396 -0.7576525295656342 0.007919361985148246 -0.6526100889110922 -504.34047702481877
0.6495217669272403 -0.011489165564047547 -0.7602561892956594 674.4918380439641 -0.019574641654944082 -0.9998070952728861 -0.0016142013735188138 1.477184756315839 -0.7600909864560927 0.015930201399720217 -0.6496213674068674 -506.85700833380616
0.6479595177594295 -0.012016626429179595 -0.761579978750905 671.581011516343 -0.017586766562045695 -0.9998450102330017 0.000813113805294692 1.4814408616290895 -0.7614717125322905 0.012866864475457639 -0.6480704242686212 -509.42319728448814
0.6460818347724477 -0.013083228923150824 -0.7631560075751302 668.628387898259 -0.020979975546541362 -0.9997797028082264 -0.0006216741600951711 1.4788734882142363 -0.7629797529444239 0.016412646759107304 -0.6462139905814689 -512.0240307680539
0.6455086806446833 -0.0171043898529269 -0.7635613813310097 665.6478060903465 -0.02408122738621844 -0.9997079315653885 0.002036185852491478 1.483394482874871 -0.7633731968702685 0.017073119603977983 -0.64573204263615 -514.6524102481727
0.6440230347689545 -0.016667177133969223 -0.7648245131357728 662.7455519742981 -0.021533539035068803 -0.9997614469476264 0.003654571632188879 1.486267427267147 -0.764702973306376 0.01411575019524387 -0.6442283044176299 -517.1560873541503
0.6454024992650159 -0.013616601006927064 -0.7637212856268244 659.8360270591772 -0.019166256818327922 -0.9998149833003858 0.0016290388649095194 1.482820277759532 -0.7636021664073808 0.013586292543134874 -0.6455440682965706 -519.6965502152856
0.6440792734361721 -0.01062523179629914 -0.7648849547345059 657.0143428002336 -0.01750868421616092 -0.9998463463363261 -0.0008542218201806282 1.478550098606658 -0.7647583510540771 0.0139423157034343 -0.6441663421243574 -522.1574626930036
0.6447789372074477 -0.007776415105829512 -0.7643295424761074 654.3038845851355 -0.015141987759981518 -0.9998819715026013 -0.0026006289138193546 1.4755606390993818 -0.7642191062387216 0.013250299323888931 -0.6448205853006838 -524.5452826995336
0.644986226443578 -0.013786298861686034 -0.7640698303569974 651.7376046867279 -0.01810145521876115 -0.9998323459301376 0.0027599548550451595 1.4848020578098422 -0.763979780502755 0.012050642951103436 -0.6451276439491864 -526.8140439680406
0.6449962792457488 -0.007180156763075379 -0.7641519777557325 649.2486705746983 -0.014779833904537324 -0.9998860285143599 -0.0030800148594356813 1.4747331109581467 -0.7640427712300496 0.013280637433411093 -0.6450288895859378 -528.990026724168
0.6444734167074236 -0.00475687480390711 -0.7646119194071979 646.8185356672934 -0.012520591558222141 -0.9999122279801314 -0.004332565388068548 1.4725869679879502 -0.764524198403485 0.012365616762202684 -0.6444764088604009 -531.0963708044518
0.6444966837524189 -0.007906049702853512 -0.7645662293158331 644.6599256584634 -0.01502540074877098 -0.9998844059219629 -0.0023263977352210572 1.4760393245297379 -0.7644594573713336 0.012987269619886263 -0.6445409753175876 -533.0013976048181
0.6436071410048292 -0.005136384684813955 -0.7653387913858539 642.7154091069675 -0.01847995629242005 -0.9997902324291175 -0.008830761844888416 1.4646353770531426 -0.7651328899367873 0.01982696879758736 -0.6435670532627346 -534.7092215752638
0.6424479524163872 -0.004952524483239242 -0.7663133177344861 640.9251164870291 -0.016020851704356194 -0.99984736777713 -0.006969466250177071 1.4679355299433565 -0.7661618371771459 0.016754511344358795 -0.6424292378176394 -536.2789015429325
0.640557942775315 -0.01905979706853385 -0.7676732677924665 639.2776887077421 -0.019922137046852532 -0.9997679161648809 0.008198918393254977 1.49415141615106 -0.7676513729571153 0.010041809749200572 -0.6407889915206239 -537.7173894123994
0.6331122137984947 -0.02736437749958449 -0.7735761860238658 637.5676321484249 -0.017359171295095843 -0.9996255246539474 0.021153478018260147 1.5163991268502346 -0.7738653525718268 3.611622531676976e-05 -0.6333501517995412 -539.1614926856306
0.622336364089579 -0.02080510668767988 -0.7824733845106026 635.6655877278819 -0.008093188519905268 -0.9997642966433552 0.020145755304748308 1.5148067006334043 -0.7827080874958073 -0.006204731495542751 -0.6223580569702013 -540.6882938549546
0.6216774354179453 -0.029851396761499192 -0.7827043250190668 633.6429740739565 -0.006455816984443789 -0.99943484517563 0.032989584353656884 1.536590416161819 -0.7832467610652655 -0.01545588432122965 -0.6215188065703395 -542.3505496775016
0.622961205929009 -0.013440815769146816 -0.7821372516246333 631.4162817559713 -0.008309727516863041 -0.9999096647946755 0.010564595533948137 1.4984026260291203 -0.7822085938776631 -8.198573219167156e-05 -0.6230166201172082 -544.1858708250525
0.623936397848858 -0.013522998603960529 -0.7813581124862972 629.1432683105899 -0.0068939076343770425 -0.9999066073714247 0.011800447978634625 1.5005343297251037 -0.7814447168398543 -0.001976118347940375 -0.6239713530919146 -546.0749404518347
0.6241365239845076 -0.018808480570910537 -0.781088881297864 626.7720598893139 -0.0101867825132925 -0.9998211259736504 0.015935668131834602 1.5075988313967834 -0.7812488904891718 -0.001989249957841624 -0.6242164800724525 -548.0424866515732
0.6239327128889945 -0.010964811992483278 -0.7814011406985196 624.2975891713277 -0.015614955759974498 -0.9998768586116403 0.0015622962365495951 1.4827770223564694 -0.7813220481616989 0.01122677651359438 -0.6240270960026658 -550.1142019385511
