0.999989887700324 -0.004083209050351689 -0.0018846487590861636 0.029830706734038467 0.00409027345166701 0.9999845663539212 0.0037598825848097713 0.021989956391919682 0.0018692672854856765 -0.0037675532925353326 0.9999911556518905 1.6370857278185666
0.9999975345236444 -4.3835085801728206e-05 -0.002220140788300756 0.0744868589984064 4.097216065055789e-05 0.9999991676865536 -0.0012895532110487392 0.05050500680661016 0.0022201954681233755 0.001289459067720736 0.9999967040082663 4.948495117818442
0.9999679025540953 0.00799184005515962 0.0005695209373082957 0.12499788096148165 -0.007996625094909149 0.999927851125284 0.008963622653003387 0.11464295063471532 -0.0004978440084559291 -0.008967889189029512 0.9999596637439114 8.365595421922892
0.9998428069672879 0.017629154611427233 0.0018905722579048432 0.18025118011076036 -0.017652888173235518 0.999754740989465 0.013372860884349889 0.18045518793484136 -0.0016543563458962078 -0.01340413282444363 0.9999087920047028 11.74285257603718
0.9997190496829449 0.022673430757629502 0.006909214044267726 0.25847816482249414 -0.02269875049373771 0.9997358377945009 0.0036085115145717637 0.22400457202585697 -0.006825571555083762 -0.00376432822781631 0.9999696202415038 15.24532828871846
0.9994753173054498 0.030688830640492284 0.010357884489095585 0.3495840492644672 -0.030816114932168008 0.9994486311874552 0.0123612571371089 0.29599790989060154 -0.009972820947840029 -0.012673961158276256 0.999869948318729 18.811197015156456
0.999344031978945 0.034238048288001525 0.01180092358653284 0.4450978538477801 -0.034305741495015 0.9993957943565219 0.005582322363869439 0.3267785534936312 -0.011602665579250236 -0.005983499972877542 0.9999147843089071 22.23598392830286
0.9991447868578687 0.03991247354690339 0.010802284485834531 0.5319023171826686 -0.04000665703118317 0.9991619900892673 0.00864782944113042 0.3817801577438755 -0.010448075800569601 -0.009072596994319502 0.9999042582646805 25.725208236154266
0.9986854274954019 0.050202365667373294 0.010350815896672513 0.6133576729477139 -0.050308222088833315 0.9986813107911217 0.010233389799400904 0.4341205407703827 -0.009823426010720197 -0.0107406684114722 0.9998940635604772 29.285081080232025
0.9991202894420634 0.04102965355403315 0.008672644028431611 0.7169975538544049 -0.041089260164887946 0.9991322703328296 0.006810218694414058 0.46529359874610504 -0.008385697604256335 -0.007160580199928416 0.9999392012351982 32.78196182971272
0.9995183902024395 0.030221466603742253 0.00704631843195887 0.8197771998578737 -0.030297731958875 0.9994806055872103 0.010980277463307524 0.5026608039611641 -0.006710818524877408 -0.011188476721249624 0.9999148878296497 36.16007618348879
0.9997300343143735 0.022507812105905033 0.005766878183940294 0.9105135957861624 -0.022528478089900064 0.9997399199973521 0.003544014480891592 0.5112965726019829 -0.0056856103222104395 -0.0036729767074064265 0.9999770912762785 39.55249006266689
0.999783099205389 0.02034476217012943 0.0044547946653698085 0.985277714026934 -0.020381438911204374 0.9997574196173624 0.008348584786799892 0.5450510095845509 -0.004283864047630719 -0.00843756909745995 0.9999552269659596 42.93649399057861
0.9999096213929453 0.012051111607999189 0.005959845201933724 1.080568120415284 -0.012083865547086398 0.9999119126512326 0.005490640362906875 0.5607530089820586 -0.005893151895158052 -0.005562162094580662 0.9999671660177503 46.218923909328815
0.99985809575749 0.014813358035509394 0.008022017945611484 1.161078186348037 -0.014841663314567039 0.9998837988758498 0.0034804849743296923 0.5727966405796844 -0.007969528108046296 -0.003599051168198038 0.9999617659952904 49.54349769981451
0.9998066829651566 0.016230666033073105 0.011097845661926939 1.2527076292830082 -0.016325820020740726 0.9998302711867901 0.00853793998579618 0.592713926345831 -0.010957385585233662 -0.008717470887449034 0.9999019658958872 53.06814694975926
0.9998406026954945 0.010724762646127251 0.014274055754997591 1.3646180508746641 -0.01073442144264271 0.9999422042946827 0.0006002221121010254 0.5905953148348217 -0.014266793536190226 -0.0007533501684842014 0.9998979403247699 56.49231140938977
0.999849097452352 0.01356054910724446 0.010857892596096753 1.4482279005471488 -0.01369404721591496 0.9998303733383384 0.012316558811917991 0.6252167211596246 -0.010689031507421702 -0.012463388705691303 0.9998651951875318 59.85271671870187
0.9998928051329222 0.011944420557070037 0.008468120273874634 1.545829861763566 -0.012035178289800037 0.9998697995761823 0.010748878035248613 0.6466430594219513 -0.008338628601256365 -0.010849641147971953 0.9999063718968927 63.50185918022088
0.9999430071535592 0.009422631034702204 0.005019608459083565 1.6281424226570782 -0.009479405093892498 0.9998899776832803 0.011409356142859739 0.6971899801190076 -0.004911550036854187 -0.011456288793173506 0.99992231204395 67.02910257173914
0.9999771220716742 0.005512491779436904 0.003920174439586703 1.7091155011229315 -0.005542562183808544 0.9999549813701708 0.0077016386192338354 0.7417315648590498 -0.0038775427391280165 -0.007723190232300327 0.9999626578002497 70.24673420827325
0.9999652579971474 0.0068882038528006555 0.00469419283625711 1.7854570438527142 -0.00691909604766718 0.9999543032254901 0.006596784876602655 0.7827587154905241 -0.0046485383277824486 -0.006629035262184016 0.9999672229542852 73.46207039905299
0.9999288080435859 0.01144180124048579 0.0033858571899349622 1.8505107772479612 -0.011469215510760538 0.9999006758124239 0.008191190720922236 0.8352687953623732 -0.003291798916268619 -0.008229440699829496 0.999960719411348 76.79029966402469
0.9998989276925326 0.014157779500674173 0.001300645585241104 1.9075544572595668 -0.01416900275931333 0.9998584930184983 0.00906825780323801 0.8859808393504511 -0.0011720751403768263 -0.009085770104383316 0.9999580366302748 80.10009267255037
0.9998410810260273 0.017818270463820146 -0.0005673890971136929 1.9570734254218516 -0.01781107495082958 0.9997825785097191 0.01084256969332464 0.9336258752857765 0.0007604615738490957 -0.010830740793538787 0.9999410566388681 83.32527932578272
0.9998925827605595 0.014340955532695893 -0.0030265384235742734 2.0108969651309514 -0.014325476864691197 0.9998845034299566 0.005075481576046953 0.9772537618672472 0.003098976124356334 -0.005031579775660251 0.9999825396235371 86.65026980715724
0.9998284445926355 0.017942114839036166 -0.004600206362350685 2.0470894067904215 -0.017895105954849992 0.9997892171907236 0.010064113076948003 1.038844310886528 0.004779808190509998 -0.009980065343660912 0.9999387739903857 89.79416874464434
0.9997542280560163 0.021567608836373795 -0.00513047105079605 2.0805078240538757 -0.02151085206915093 0.9997094999579232 0.010871933459122938 1.0820323459707084 0.005363462256881341 -0.010758900639083118 0.9999277370538606 92.80758485534443
0.9998013134904596 0.019174134978590215 -0.00544849434047402 2.119557419080348 -0.019127048036956338 0.9997803594171779 0.008566735495647524 1.1033275577481358 0.0056115573727209735 -0.00846081978789444 0.9999484611480567 95.58576759311647
0.9998604689598611 0.014707721272169539 -0.007919946107789457 2.148423364771216 -0.014596408406035526 0.9997963767669642 0.013933767089230865 1.1308983959601073 0.00812326738537722 -0.013816220128272777 0.9998715540449932 98.3302398483465
0.9998070038336138 0.01667081333290894 -0.010394184339089849 2.1591362509984995 -0.01654572258047923 0.99979101699133 0.012006723438725038 1.1519034830385753 0.0105921739763608 -0.011832426896605583 0.9998738918104557 100.86299473750216
0.9998444238368657 0.013285000944607994 -0.01160331298516236 2.1793562211920845 -0.013310864713220192 0.9999090851158229 -0.0021546190907907013 1.151431477433643 0.011573633954649767 0.0023087340127901012 0.9999303579471615 103.30185211551293
0.9996745433383664 0.017212230166934156 -0.018829406095618978 2.174136338054551 -0.017476360828548684 0.9997498984900246 -0.013954113421434409 1.1328768568826297 0.0185845154207372 0.014278641457378375 0.9997253303706496 105.6586845057574
0.99910258597502 0.025669317422220436 -0.033691376361168084 2.1206146799365757 -0.02610218507630119 0.9995814796325884 -0.012471628192479269 1.1281865824905748 0.03335713765110995 0.01333985451967939 0.9993544664677874 107.95011236555119
0.999038975638359 0.025817368111045895 -0.035420173055523974 2.0806901360120205 -0.026707857043988346 0.9993330627459176 -0.024902210242983027 1.0947299575070863 0.03475364049394527 0.025824275530720843 0.9990622059039815 110.28302933870027
0.9990177366031892 0.028298268890013207 -0.034099412459387884 2.038043564631974 -0.028374190362048832 0.9995958493064403 -0.0017445259063640275 1.1322403864077615 0.03403626409500839 0.002710355542777998 0.9994169233604588 112.84601545747778
0.9990032074855822 0.029182132337036155 -0.03377861136561211 1.991079588366344 -0.02927534805031625 0.9995688116296274 -0.0022682182148814024 1.1440697528368773 0.03369785497710784 0.003254837876328291 0.999426766001561 115.63121176926255
0.9990959645146895 0.02607054904365023 -0.033579460433889714 1.9476229459737795 -0.026283606610392238 0.9996370023230202 -0.005919088629071882 1.1493185540070419 0.033412957277359906 0.00679632689114395 0.9994185230556657 118.58630835825176
0.9991677009370419 0.024570496833415723 -0.03256065247429466 1.90473137950771 -0.024340858677547744 0.9996761034097311 0.0074304017642905056 1.1821408769952273 0.03273267485300165 -0.006631663207539191 0.9994421409166556 121.6336323572314
