0.999956 -0.0091881 -0.00186594 0.00124843 0.00920596 0.99991 0.00979932 -0.000305816 0.00177573 -0.00981606 0.99995 0.0532809
0.999956 -0.0091881 -0.00186594 0.00124843 0.00920596 0.99991 0.00979932 -0.000305816 0.00177573 -0.00981606 0.99995 0.0532809
0.999956 -0.0091881 -0.00186594 0.00124843 0.00920596 0.99991 0.00979932 -0.000305816 0.00177573 -0.00981606 0.99995 0.0532809
0.999956 -0.0091881 -0.00186594 0.00124843 0.00920596 0.99991 0.00979932 -0.000305816 0.00177573 -0.00981606 0.99995 0.0532809
0.999956 -0.0091881 -0.00186594 0.00124843 0.00920596 0.99991 0.00979932 -0.000305816 0.00177573 -0.00981606 0.99995 0.0532809
0.999956 -0.0091881 -0.00186594 0.00124843 0.00920596 0.99991 0.00979932 -0.000305816 0.00177573 -0.00981606 0.99995 0.0532809
0.999956 -0.0091881 -0.00186594 0.00124843 0.00920596 0.99991 0.00979932 -0.000305816 0.00177573 -0.00981606 0.99995 0.0532809
0.999956 -0.0091881 -0.00186594 0.00124843 0.00920596 0.99991 0.00979932 -0.000305816 0.00177573 -0.00981606 0.99995 0.0532809
0.999956 -0.0091881 -0.00186594 0.00124843 0.00920596 0.99991 0.00979932 -0.000305816 0.00177573 -0.00981606 0.99995 0.0532809
0.999956 -0.0091881 -0.00186594 0.00124843 0.00920596 0.99991 0.00979932 -0.000305816 0.00177573 -0.00981606 0.99995 0.0532809
0.999956 -0.0091881 -0.00186594 0.00124843 0.00920596 0.99991 0.00979932 -0.000305816 0.00177573 -0.00981606 0.99995 0.0532809
0.999956 -0.0091881 -0.00186594 0.00124843 0.00920596 0.99991 0.00979932 -0.000305816 0.00177573 -0.00981606 0.99995 0.0532809
0.999956 -0.0091881 -0.00186594 0.00124843 0.00920596 0.99991 0.00979932 -0.000305816 0.00177573 -0.00981606 0.99995 0.0532809
0.999956 -0.0091881 -0.00186594 0.00124843 0.00920596 0.99991 0.00979932 -0.000305816 0.00177573 -0.00981606 0.99995 0.0532809
0.999956 -0.0091881 -0.00186594 0.00124843 0.00920596 0.99991 0.00979932 -0.000305816 0.00177573 -0.00981606 0.99995 0.0532809
0.999956 -0.0091881 -0.00186594 0.00124843 0.00920596 0.99991 0.00979932 -0.000305816 0.00177573 -0.00981606 0.99995 0.0532809
0.999956 -0.0091881 -0.00186594 0.00124843 0.00920596 0.99991 0.00979932 -0.000305816 0.00177573 -0.00981606 0.99995 0.0532809
0.999956 -0.0091881 -0.00186594 0.00124843 0.00920596 0.99991 0.00979932 -0.000305816 0.00177573 -0.00981606 0.99995 0.0532809
0.999956 -0.0091881 -0.00186594 0.00124843 0.00920596 0.99991 0.00979932 -0.000305816 0.00177573 -0.00981606 0.99995 0.0532809
0.999956 -0.0091881 -0.00186594 0.00124843 0.00920596 0.99991 0.00979932 -0.000305816 0.00177573 -0.00981606 0.99995 0.0532809
0.999956 -0.0091881 -0.00186594 0.00124843 0.00920596 0.99991 0.00979932 -0.000305816 0.00177573 -0.00981606 0.99995 0.0532809
0.999956 -0.0091881 -0.00186594 0.00124843 0.00920596 0.99991 0.00979932 -0.000305816 0.00177573 -0.00981606 0.99995 0.0532809
0.999956 -0.0091881 -0.00186594 0.00124843 0.00920596 0.99991 0.00979932 -0.000305816 0.00177573 -0.00981606 0.99995 0.0532809
0.999956 -0.0091881 -0.00186594 0.00124843 0.00920596 0.99991 0.00979932 -0.000305816 0.00177573 -0.00981606 0.99995 0.0532809
0.999956 -0.0091881 -0.00186594 0.00124843 0.00920596 0.99991 0.00979932 -0.000305816 0.00177573 -0.00981606 0.99995 0.0532809
0.999956 -0.0091881 -0.00186594 0.00124843 0.00920596 0.99991 0.00979932 -0.000305816 0.00177573 -0.00981606 0.99995 0.0532809
0.999956 -0.0091881 -0.00186594 0.00124843 0.00920596 0.99991 0.00979932 -0.000305816 0.00177573 -0.00981606 0.99995 0.0532809
0.999956 -0.0091881 -0.00186594 0.00124843 0.00920596 0.99991 0.00979932 -0.000305816 0.00177573 -0.00981606 0.99995 0.0532809
0.999956 -0.0091881 -0.00186594 0.00124843 0.00920596 0.99991 0.00979932 -0.000305816 0.00177573 -0.00981606 0.99995 0.0532809
0.999956 -0.0091881 -0.00186594 0.00124843 0.00920596 0.99991 0.00979932 -0.000305816 0.00177573 -0.00981606 0.99995 0.0532809
0.999956 -0.0091881 -0.00186594 0.00124843 0.00920596 0.99991 0.00979932 -0.000305816 0.00177573 -0.00981606 0.99995 0.0532809
0.999956 -0.0091881 -0.00186594 0.00124843 0.00920596 0.99991 0.00979932 -0.000305816 0.00177573 -0.00981606 0.99995 0.0532809
0.999956 -0.0091881 -0.00186594 0.00124843 0.00920596 0.99991 0.00979932 -0.000305816 0.00177573 -0.00981606 0.99995 0.0532809
0.999808 0.00501454 0.0189497 -0.000383113 -0.00519238 0.999943 0.00934747 -0.00561877 -0.0189017 -0.00944407 0.999777 0.315872
0.999669 0.008502 0.0242968 0.0155619 -0.00882576 0.999873 0.0132492 -0.0035668 -0.0241811 -0.0134592 0.999617 0.651005
0.999851 0.0042882 0.0167359 0.0474369 -0.0045107 0.999902 0.0132793 -0.0133373 -0.0166774 -0.0133528 0.999772 0.906788
0.995428 -0.00558133 -0.095348 0.123249 0.00803259 0.999647 0.025344 -0.0215017 0.0951728 -0.0259941 0.995121 1.2232
0.990782 -0.0249525 -0.133148 0.112634 0.0252276 0.999682 0.000379361 -0.00679156 0.133096 -0.00373485 0.991096 1.48333
0.987698 -0.0467859 -0.149208 0.0770611 0.0359718 0.996582 -0.074371 -0.000178464 0.152177 0.0680889 0.986005 1.67285
