0.9999949508579121 -0.0024078627074664754 -0.002073754050638202 0.018323516005354288 0.0024148054340543297 0.999991466599165 0.0033519313187611354 0.013476645247055406 0.0020656653640432217 -0.003356922106934014 0.9999922320201146 1.6504801190597709
0.9999947816892066 -0.0011428078302986077 -0.0030216857244238925 0.06836034487290045 0.0011381729618004381 0.9999981739467997 -0.0015351434376609861 0.04521040689940458 0.0030234345806061953 0.001531696225814816 0.9999942563585088 4.983554305989808
0.9999921851829271 0.0039046376951922214 0.0006191748874264944 0.1336925208816992 -0.003908757307340893 0.9999692543087076 0.0067979448068528885 0.10106404831981458 -0.0005926123389238793 -0.006800311886523513 0.9999767020130317 8.456765809411987
0.999930841533114 0.011587105743946982 0.00201274224719941 0.2049837468880304 -0.011607571370434963 0.9998777852548678 0.010472766620948775 0.17794058601984364 -0.001891147206150047 -0.010495405389749895 0.9999431333970674 11.892302371667835
0.9998296924538644 0.015732757195464984 0.009647094828736092 0.299180309318537 -0.01575839795743947 0.9998724803719304 0.002587641531110624 0.24385291440060772 -0.00960515389887374 -0.0027392235956755747 0.9999501175922062 15.419042979738181
0.9996606019523756 0.021271963734329692 0.01503943027826933 0.40776217202106413 -0.021415746663784645 0.9997258535328094 0.009464859899811806 0.3268926756355811 -0.01483397111505072 -0.009783728173647869 0.9998421035163383 18.974393159890443
0.999483375511974 0.026639425269870964 0.017981187293285943 0.5297573588802229 -0.02672116009791898 0.9996335885212263 0.004320683185854131 0.3921659216320787 -0.017859498263015396 -0.004798929199529899 0.9998289896778976 22.364441707733306
0.9993215843572163 0.03217521579467876 0.017920003525202635 0.6522535473406619 -0.032306019327090874 0.9994531018280017 0.007058212352940855 0.4753685313476635 -0.017683103602452007 -0.007632347931497294 0.9998145103528112 25.739399328386753
0.9989529612981177 0.041032943633859176 0.020230636432305694 0.7883160836693623 -0.04119977908429203 0.9991196977874779 0.007899854205012763 0.5477009324815286 -0.01988867308598366 -0.008725080503666549 0.9997641290089768 29.194560298437114
0.9991619663509513 0.03520165562658725 0.0208856036264556 0.9411247079811537 -0.03531389524749313 0.9993636132223347 0.005029649057840211 0.6014196378287998 -0.020695260330407514 -0.005762986061332176 0.999769220466158 32.67406624086289
0.9994552605794115 0.02525198555751746 0.021248984105999368 1.1045492740834877 -0.025436890127376797 0.9996404883855231 0.008476945263255417 0.675313784797701 -0.021027285150057876 -0.009012835611027071 0.9997382767872106 36.09321663684445
0.9996059615625928 0.018851233442465726 0.020797899081770634 1.251903760325122 -0.018883302661128643 0.9998207876905006 0.001346618933061644 0.7179418764326067 -0.020768786414378307 -0.0017388213365181835 0.9997827934162642 39.45380135069135
0.999698258289996 0.017155265721363937 0.0175809337059048 1.3796737668585737 -0.017256622657144987 0.9998352438509727 0.005629753807341297 0.75570688008116 -0.01748145721646034 -0.005931442614723682 0.9998295938019099 42.80950123857326
0.9997401423745618 0.011796936006721402 0.019505897204149775 1.5165083473519827 -0.011895406594189362 0.9999170446731015 0.0049399467776935066 0.7707378857509787 -0.019446002850057736 -0.005170693673081918 0.999797537954605 46.106053973593696
0.9996092803016765 0.01424021852250273 0.024052087460126007 1.649790806205064 -0.014336428317577896 0.9998898838427773 0.003832363757302072 0.7820174817656016 -0.023994865239320082 -0.004175687405051195 0.9997033610410823 49.45604575129459
0.9994114292642164 0.015876527308204165 0.030409388956060324 1.8253914852650897 -0.016140839684223366 0.9998338852171812 0.00846612460341981 0.8067178590604387 -0.03026992484855745 -0.008951974762267747 0.9995016727337243 53.00707024274926
0.9992497256987721 0.012138050866804364 0.03677843678131238 2.040484166831013 -0.012286561795429722 0.9999172409659854 0.003814658335225672 0.8194773085967029 -0.036729090516499446 -0.004263676831361719 0.9993161636687873 56.49021236640259
0.9993333454365791 0.011316047573599731 0.034710398526099466 2.2247043242911824 -0.011818512549341227 0.9998278291593847 0.014305062025361519 0.8822525087320171 -0.03454254564518495 -0.01470575077105569 0.9992950282247001 59.9230399387012
0.999345589265496 0.007629705180947428 0.03535789606928533 2.4148763364763326 -0.008103138803865803 0.9998791708124904 0.0132658553003499 0.9404206413258922 -0.035252409238516504 -0.013543683921901091 0.9992866637100186 63.36236169318225
0.999512093510255 0.005339974427860067 0.03077433345915238 2.5856278658587657 -0.005738262527832589 0.9999007325416811 0.012868465556206675 0.996114206805253 -0.030702561292292496 -0.01303877815285644 0.9994435166603322 66.88152151462396
0.9995563146600851 0.005312882331635739 0.029307799379636897 2.718402650151949 -0.005591395462252833 0.9999399106464781 0.00942928380619146 1.061609397429302 -0.029255941617585154 -0.009588971667660706 0.9995259583934886 70.11353382716244
0.9995717891599849 0.006598533380554106 0.028507852825684212 2.8650431985353113 -0.006829424463175174 0.9999446023098724 0.00800944897318685 1.1305065652085051 -0.028453422940077747 -0.008200711467794344 0.9995614793770382 73.38554527749491
0.999563078627684 0.011658718408406736 0.027161114288956834 3.0150876815442214 -0.011899751117806275 0.9998910898625115 0.008729509544908245 1.1818311406822155 -0.027056381274637685 -0.009048905935739156 0.9995929519227742 76.8342522836055
0.9996265089835993 0.015137708298658015 0.02275285311175066 3.1432347750475813 -0.015331292426597237 0.9998475369047418 0.008357895551668788 1.2283426315100157 -0.022622864756487466 -0.008703604597359924 0.9997061834645321 79.99072717417177
0.9995858330687429 0.022388285541337226 0.018081122719166124 3.2532381054103934 -0.022546602026231728 0.999708802886631 0.008600009770476858 1.2726178875247016 -0.01788331807402409 -0.00900411580895797 0.9997995363237379 83.1923264759787
0.9996719308212072 0.021538594536436934 0.013860724136696508 3.354404179436485 -0.021587216798763596 0.9997612961768272 0.0033678981155961718 1.3015340116928114 -0.013784875736901266 -0.0036660076689538986 0.9998982636191985 86.46623950625094
0.9996116178046764 0.02600918302343328 0.010006795109762443 3.442135959168458 -0.026075044175452925 0.9996388009494067 0.006508433581393007 1.3671534000846344 -0.009833901624655002 -0.006766833446212354 0.9999287496336653 89.57163496011216
0.9995007605694585 0.029850597830866875 0.010352363508471163 3.53138940865977 -0.02991511490919743 0.9995336196717961 0.006134251850824549 1.394500217839254 -0.01016442428478818 -0.006440881534361487 0.9999275971409212 92.49244346579637
0.999555489528726 0.027996636356630904 0.010247521929820364 3.6161599660240142 -0.028027899863783404 0.9996028763109509 0.0029200171408426375 1.4060145811271683 -0.010161701738060682 -0.0032059356811482112 0.9999432292856394 95.1587379477436
0.9997017123827199 0.02356880686496175 0.00640293698392734 3.6924595544416436 -0.023603505855295314 0.9997068207015037 0.00539881044627713 1.4141574934038887 -0.006273816254645245 -0.005548331808564218 0.9999649270068143 97.69144076681933
0.999652717209766 0.02565990540975683 0.006001185674022201 3.7642051476442853 -0.02567661628976437 0.9996665891588371 0.002724315592552541 1.42745371603151 -0.0059292791332474434 -0.0028774596264676267 0.9999782817016859 100.05915235550849
0.999737890785893 0.022568025794150837 0.00385148526250956 3.8408883583262456 -0.022528988659414512 0.9996972243394858 -0.009894661081284421 1.4028099839851536 -0.004073622093022074 0.009805297531643506 0.9999436292828492 102.33265156425267
0.9996332975814511 0.026629717764404707 -0.0049120767726951375 3.8796422552518277 -0.026728404559188183 0.9994166831868184 -0.02125760469999541 1.3590198289404243 0.004343127462217786 0.021381101460145668 0.9997619645416579 104.45160818141869
0.9993272245154331 0.03207314118794552 -0.017787972245776627 3.8657244390730274 -0.03243519026811936 0.9992645480798817 -0.020452906467826496 1.3344102426916382 0.01711890109058696 0.021016102518042517 0.999632565826263 106.60441361467213
0.9992491854485809 0.032778209171473616 -0.020655613858097853 3.8577113309713473 -0.03339193066999036 0.9989888875782855 -0.03010284805846713 1.284893486231211 0.019648011260030206 0.03076997722800131 0.9993333598729255 108.76571680230391
0.999218033020015 0.034661523809726945 -0.01902370244711558 3.849646405913817 -0.03496665037259163 0.999261223676308 -0.01594804748706933 1.2877472723271373 0.01845686455846691 0.01660077179279965 0.9996918317794494 111.24012627360418
0.9991575952133427 0.03618014169154719 -0.019367428189284597 3.8513362562245117 -0.03653362765993912 0.999166317109118 -0.018219901333648026 1.2383094907704173 0.01869208328390534 0.01891211521174999 0.9996464064461607 113.99621975585407
0.9992137889990695 0.03595594418679651 -0.016702513336580533 3.859201992686582 -0.0363471342511927 0.999057212216111 -0.023739683037091053 1.1653809663838142 0.0158331836927526 0.02432810713170561 0.9995786379757919 116.8828332026722
0.9992823154033599 0.034651401982397904 -0.015301452962165488 3.867646367412578 -0.034874646348054615 0.9992854500141575 -0.01457218007380033 1.1325865203420156 0.014785572839670788 0.015095354605288698 0.9997767336286352 119.86010973583801
