-9.274625049065552407e-01 -1.341504484522910642e-02 -3.736754454928215563e-01 1.315125249272423069e+01 2.658557349136568201e-02 -9.991928479018471476e-01 -3.011411602440961649e-02 1.468334245532857629e+00 -3.729698503560220368e-01 -3.786408949911213712e-02 9.270705482603842640e-01 1.157428262182430956e+01
-9.332139668457111181e-01 -1.375817499588793957e-02 -3.590576620890779114e-01 1.256979255071515666e+01 2.880302973225528154e-02 -9.989153721370269690e-01 -3.658503500869500491e-02 1.456808368649403107e+00 -3.581648748304819829e-01 -4.448361416439759741e-02 9.325980540986230638e-01 1.309882627794779353e+01
-9.426482569033842740e-01 -2.503064131707964310e-02 -3.328479093403883815e-01 1.205701557860208517e+01 3.875093655370938361e-02 -9.986481114613326993e-01 -3.464555369631951848e-02 1.459669082095523596e+00 -3.315307356388276783e-01 -4.555673901817072768e-02 9.423438623224582589e-01 1.460666111964619240e+01
-9.535300438525287081e-01 -3.889725043163017038e-02 -2.987766044713908720e-01 1.160490711837930178e+01 5.037136464247652518e-02 -9.982556357604502884e-01 -3.079628705792090970e-02 1.465600704981739888e+00 -2.970575383568808125e-01 -4.441497023930213867e-02 9.538260477277771265e-01 1.617099819637106961e+01
-9.662612281686794313e-01 -3.382391261403920601e-02 -2.553334719018115484e-01 1.120667679689504759e+01 4.178021484245774547e-02 -9.987936704948275901e-01 -2.579956253869115229e-02 1.475034466414894663e+00 -2.541528134522093585e-01 -3.559700429737705507e-02 9.665087690752625083e-01 1.773131977633351042e+01
-9.790931152631464629e-01 -3.923464429646713464e-02 -1.995928714439405838e-01 1.094683159712931086e+01 4.578276113927251534e-02 -9.985505687329140345e-01 -2.829665113823575523e-02 1.470361166341447312e+00 -1.981933662531923934e-01 -3.684296907286750689e-02 9.794702574367043502e-01 1.924974383698440761e+01
-9.916991878245832170e-01 -3.601813511264853607e-02 -1.234318225218650616e-01 1.083956187047975206e+01 3.879354640687678046e-02 -9.990439515459509368e-01 -2.015548651432930161e-02 1.485105696439217082e+00 -1.225878526822284931e-01 -2.477653774155542249e-02 9.921483465451631512e-01 2.064830275011653171e+01
-9.984958944902617706e-01 -3.477810661231673511e-02 -4.238433657089996087e-02 1.087274174661674664e+01 3.550546455687123015e-02 -9.992327567886784001e-01 -1.653057007787576277e-02 1.491624179000933026e+00 -4.177691554786888695e-02 -1.801058191622547169e-02 9.989646181253598600e-01 2.187730265270554142e+01
-9.984643172119700427e-01 -3.815867442643518237e-02 4.016121039576951018e-02 1.102287809968666110e+01 3.770915149709497260e-02 -9.992179958687179564e-01 -1.189187224422426012e-02 1.499538159098066092e+00 4.058358224461058872e-02 -1.035916493357895603e-02 9.991224452258464783e-01 2.295329161072561064e+01
-9.923625634348247626e-01 -3.699019007523179220e-02 1.176786664237104152e-01 1.123818813347552847e+01 3.596392931415400701e-02 -9.992943702789951477e-01 -1.083315821880874094e-02 1.501478690938002458e+00 1.179963494407821195e-01 -6.518233419064248593e-03 9.929926354972345992e-01 2.391674634589763215e+01
-9.824547992074814662e-01 -3.899373638616077803e-02 1.823788804572362698e-01 1.147816656361265153e+01 3.751814072603428668e-02 -9.992293651643926466e-01 -1.153537644064240447e-02 1.500167464498293635e+00 1.826881403667180437e-01 -4.490469442321268559e-03 9.831606578039717714e-01 2.471862677160563493e+01
-9.727768012835205091e-01 -3.838428604936752753e-02 2.285430844919273119e-01 1.170054285607079336e+01 3.675586511651861288e-02 -9.992594873262015120e-01 -1.137907589021659727e-02 1.500485550031667170e+00 2.288106231452989581e-01 -2.669002259147335715e-03 9.734672953740163281e-01 2.535568848243443085e+01
-9.668263623233147586e-01 -4.058127206705329504e-02 2.521902961536944265e-01 1.185933960033263723e+01 3.816507106128906590e-02 -9.991667181555464738e-01 -1.446708958854879892e-02 1.495044476075017448e+00 2.525672434571731850e-01 -4.362303026627250419e-03 9.675695106010473445e-01 2.579217437288494708e+01
-9.648222699140526215e-01 -4.011238034386600815e-02 2.598249110863771749e-01 1.193441294983471046e+01 3.755921141447497724e-02 -9.991850104106023700e-01 -1.478582458595426724e-02 1.494529617064802807e+00 2.602062511082647855e-01 -4.506874073329414712e-03 9.655425391821268466e-01 2.601796583013456754e+01
-9.650963281082440837e-01 -3.853658515131163503e-02 2.590444152589664872e-01 1.194499749212531015e+01 3.646776953042504821e-02 -9.992529941734544785e-01 -1.278887879611573589e-02 1.498061458352974995e+00 2.593437472881501282e-01 -2.895727932943370844e-03 9.657807388337572574e-01 2.606883295288569258e+01
-9.650440496678254210e-01 -3.844413155043976960e-02 2.592528320965014621e-01 1.194061339027682500e+01 3.648770663713431228e-02 -9.992577116838828877e-01 -1.235608775676795557e-02 1.498810167644957225e+00 2.595354108114856229e-01 -2.464627684457402698e-03 9.657304469391501112e-01 2.605264832455582535e+01
-9.648222778951422995e-01 -3.775801932066980698e-02 2.601774472436259034e-01 1.193998834379644514e+01 3.597079694284649465e-02 -9.992851786095054978e-01 -1.162899731990555546e-02 1.500100905885101810e+00 2.604305547444965008e-01 -1.861125559917565370e-03 9.654907883388245127e-01 2.604893980790706465e+01
-9.624750116361291408e-01 -3.468705114215571428e-02 2.691443115859883939e-01 1.197399468326648453e+01 3.364813323523320465e-02 -9.993978175873203806e-01 -8.473802657971159225e-03 1.505692358003304143e+00 2.692761688412435572e-01 9.003803439189897451e-04 9.630625806298462876e-01 2.612916881669344704e+01
-9.523391934234713974e-01 -4.011631721146086127e-02 3.023917025364983857e-01 1.221224256110385120e+01 3.825710707557636314e-02 -9.991950139104116557e-01 -1.207136838891881975e-02 1.499192420368022916e+00 3.026325402658154307e-01 7.259450768570645252e-05 9.531073078632320561e-01 2.670645315953587229e+01
-9.361340913221039006e-01 -3.826047070818305862e-02 3.495555741877492406e-01 1.267079177201302009e+01 3.517093771336159136e-02 -9.992659553557489138e-01 -1.518405766997837220e-02 1.493984130959195689e+00 3.498799339843618461e-01 -1.920116702350370061e-03 9.367925837382293786e-01 2.781909403460029395e+01
-9.046247288504727369e-01 -3.586443545590198984e-02 4.246973536786382564e-01 1.332869700285599990e+01 3.145178885137789315e-02 -9.993538258061147594e-01 -1.739873054938654781e-02 1.490343817750469757e+00 4.250469208572826285e-01 -2.381830411940172657e-03 9.051681843467719313e-01 2.908119307640352602e+01
-8.563508474399132986e-01 -3.090955461761011117e-02 5.154685494986903649e-01 1.424461625270584797e+01 2.431051770200299417e-02 -9.995133263671908130e-01 -1.954761221875134930e-02 1.486944039356500991e+00 5.158218925346260697e-01 -4.208306991539225925e-03 8.566855113367227714e-01 3.047633950630967092e+01
-7.728953482297105104e-01 -2.114892591414684400e-02 6.341809707154202336e-01 1.571813809829858677e+01 1.177006619792709749e-02 -9.997502861628881909e-01 -1.899554839745927481e-02 1.488319000826834326e+00 6.344243423975556295e-01 -7.217218986680876830e-03 7.729512698246424618e-01 3.220990286586582840e+01
-6.854688377741676719e-01 -1.717914710012540327e-02 7.278992714280222431e-01 1.725522180636561131e+01 2.402160727648580685e-03 -9.997695308307198436e-01 -2.133342087809996304e-02 1.484390887857975461e+00 7.280980030630296307e-01 -1.287486417154835687e-02 6.853521254130563456e-01 3.357970449875573848e+01
-5.885042160990675564e-01 -1.326180129504199445e-02 8.083853736059519735e-01 1.898868459127929142e+01 -1.262888199698837966e-03 -9.998491618137654857e-01 -1.732220348880133751e-02 1.491405120434419640e+00 8.084931618430784006e-01 -1.121509013442009532e-02 5.883986990181570009e-01 3.476990638341002438e+01
-4.723613608962097254e-01 -1.343797124728228834e-02 8.813025392344217002e-01 2.071026852532849460e+01 -4.292467767990382557e-03 -9.998368421896466351e-01 -1.754604572822624289e-02 1.491018142538109270e+00 8.813945310998598792e-01 -1.207103678204234261e-02 4.722266093924241681e-01 3.560157082488732527e+01
-3.517568560196390193e-01 -1.275048981579745416e-02 9.360045615554641874e-01 2.246940962498943861e+01 -3.581866353618347668e-03 -9.998815766275148675e-01 -1.496672824301598093e-02 1.495502800832494872e+00 9.360845498546612742e-01 -8.617292517530900434e-03 3.516695292359910963e-01 3.615854694467697072e+01
-2.286100383003930869e-01 -2.537727414226281092e-02 9.731872606777191015e-01 2.425227311238794670e+01 -1.338836261260429455e-04 -9.996593535193645241e-01 -2.609902290166314642e-02 1.476068829382407799e+00 9.735180699213897837e-01 -6.096792464509710394e-03 2.285287654939249236e-01 3.647617223572593304e+01
-1.224023372939777587e-01 -2.696318974255553294e-02 9.921142344628866017e-01 2.597480092988373102e+01 5.556441158133373220e-04 -9.996326011200853401e-01 -2.709896746206973475e-02 1.474310795555706211e+00 9.924804074059038195e-01 -2.765714519015289793e-03 1.223723487500810309e-01 3.660271485737156638e+01
-5.383466378685577286e-02 -2.313729214558283773e-02 9.982817711884393042e-01 2.757760270547887060e+01 -1.737347764012943385e-03 -9.997278353350161906e-01 -2.326449825616410186e-02 1.481039177389120498e+00 9.985483516573968599e-01 -2.986799044818060772e-03 5.377981437084738969e-02 3.664412929412284825e+01
5.367485239629799475e-03 -2.397609524277452900e-02 9.996981229146686410e-01 2.911274488286554174e+01 7.583890929418329874e-05 -9.997125111910928341e-01 -2.397684750877852530e-02 1.479785749253416105e+00 9.999855920715368107e-01 2.045113903630605551e-04 -5.364123826778915451e-03 3.658174848585353089e+01
4.411826637113452909e-02 -2.783430520554290577e-02 9.986384881558144633e-01 3.052246580268137066e+01 -3.251492422792948145e-03 -9.996105011665618045e-01 -2.771775161444051117e-02 1.473236046884387695e+00 9.990210239876987641e-01 -2.024206328411663064e-03 -4.419158539031898397e-02 3.649635484705613209e+01
6.774592886279953707e-02 -2.429033997196252542e-02 9.974068720971218660e-01 3.182346327810974884e+01 -5.714548863419155467e-04 -9.997043662867417524e-01 -2.430747758485574117e-02 1.479210021413127629e+00 9.977024418942905815e-01 1.076759616568369327e-03 -6.773978171575935348e-02 3.638996995611609719e+01
8.060869521947991445e-02 -1.448324690062823689e-02 9.966405941031243332e-01 3.309417145297749130e+01 -2.695776941367654389e-04 -9.998947064637577764e-01 -1.450873232308347652e-02 1.496290779051722808e+00 9.967457878430587837e-01 9.008579086125789726e-04 -8.060411200521125363e-02 3.628452527063936373e+01
8.587961060919645229e-02 -1.315559282771554261e-02 9.962186621715967139e-01 3.446587629446067780e+01 -7.741931915702243705e-05 -9.999129035246169250e-01 -1.319770325553399487e-02 1.498564140242668152e+00 9.963055186477004499e-01 1.056287045965682153e-03 -8.587314929484468617e-02 3.617556256215344490e+01
8.812829102899469302e-02 -1.352350568135932823e-02 9.960173287219430405e-01 3.625861616862187020e+01 1.067011475546150723e-04 -9.999077034945763609e-01 -1.358576854901916847e-02 1.497890276212871630e+00 9.961091270213185966e-01 1.303566756500984178e-03 -8.811871412212843313e-02 3.603355265125779994e+01
8.486486256391748140e-02 -2.169670315062949273e-02 9.961562167523730915e-01 3.828230584206588816e+01 -3.802888690348331380e-04 -9.997635234420719774e-01 -2.174287412164883915e-02 1.483694333583984726e+00 9.963923978445357044e-01 1.466378903029051661e-03 -8.485304502803207860e-02 3.588105463771341874e+01
7.833135134270546862e-02 -1.736635798217363996e-02 9.967761077630525879e-01 4.033391970688675343e+01 -2.238937099022748206e-03 -9.998488053146944443e-01 -1.724394593604337486e-02 1.491543659663219223e+00 9.969248650512695376e-01 -8.809774194378210826e-04 -7.835839024185069224e-02 3.574182153522894367e+01
