-9.281416229359701342e-01 -1.311338257160331658e-02 -3.719961921462580090e-01 1.315832225653216803e+01 2.629021535010391333e-02 -9.991928592714665047e-01 -3.037193701030799914e-02 1.454721100316100912e+00 -3.712976600392602911e-01 -3.796931890940003634e-02 9.277372356820261512e-01 1.156330328408596131e+01
-9.339563555484953206e-01 -1.095378772814369767e-02 -3.572191770677783929e-01 1.259007817419235664e+01 2.622033318099885324e-02 -9.989366382688271706e-01 -3.792211560624138278e-02 1.409067947907099771e+00 -3.564239330606902012e-01 -4.478400672765323054e-02 9.332504340652447716e-01 1.303115820093816701e+01
-9.434279049487871438e-01 -1.878818573625125332e-02 -3.310450003257635609e-01 1.206530754734619393e+01 3.258616034190086469e-02 -9.988139170012970691e-01 -3.617874180647939752e-02 1.386488942475730068e+00 -3.299726205583072280e-01 -4.491952004716982805e-02 9.429211559831593981e-01 1.457915441791170430e+01
-9.530008734960215833e-01 -2.982338318683970535e-02 -3.014961043382029526e-01 1.160731380708110727e+01 4.179703412695918996e-02 -9.985697029599115426e-01 -3.334001002917513085e-02 1.366128931114754863e+00 -3.000705634580163594e-01 -4.437470164233905251e-02 9.528843281322995074e-01 1.612851044016360191e+01
-9.641328142843754723e-01 -2.227452195339804306e-02 -2.644839543182900821e-01 1.119223259052662733e+01 3.097779411317102410e-02 -9.991056157206952282e-01 -2.878098169372832887e-02 1.350129490637343777e+00 -2.636063214188417714e-01 -3.594181836135065811e-02 9.639605246071581979e-01 1.766120886480095464e+01
-9.758185119615989667e-01 -2.799698938045789426e-02 -2.167819187540417358e-01 1.087033141115615464e+01 3.569077901772185757e-02 -9.988613608475315209e-01 -3.165675439662336832e-02 1.316024005738031466e+00 -2.156487885571388430e-01 -3.862836252613498916e-02 9.757066411593138255e-01 1.925435451730871961e+01
-9.880547624654050232e-01 -2.344139176770564797e-02 -1.523098405272235167e-01 1.069961963532461979e+01 2.754153250055924040e-02 -9.993113428835159739e-01 -2.486571880857386257e-02 1.307675835868427949e+00 -1.516220642154563480e-01 -2.876353831397244348e-02 9.880199433749842219e-01 2.064019584905052795e+01
-9.967542703160552353e-01 -2.083870304565871995e-02 -7.776035662268677984e-02 1.065923340248718354e+01 2.262663367421164501e-02 -9.994978497981433785e-01 -2.218295961912073594e-02 1.291339032867741432e+00 -7.725904513573535193e-02 -2.387041483228469207e-02 9.967252596580729040e-01 2.193478121072092435e+01
-9.997047361743609528e-01 -2.419027938574079550e-02 -2.295834008836161472e-03 1.073362304042165150e+01 2.422873753351219989e-02 -9.995345115175670037e-01 -1.853991809243614106e-02 1.283101938343014226e+00 -1.846279526102569644e-03 -1.859006908491363935e-02 9.998254850639356484e-01 2.303581228225299427e+01
-9.974287207675704980e-01 -2.362971930416788227e-02 6.765784029643139019e-02 1.087031830567292445e+01 2.243223405311111501e-02 -9.995789441784155294e-01 -1.840459808181131585e-02 1.272339542165557447e+00 6.806424805547808821e-02 -1.683955821192469754e-02 9.975388149921149417e-01 2.393672932312276203e+01
-9.912638772643004303e-01 -2.591600150100813876e-02 1.293224129729615701e-01 1.104479694759758956e+01 2.362886098572457641e-02 -9.995366239502668781e-01 -1.918891113699023460e-02 1.258919575726455964e+00 1.297597879139251453e-01 -1.596553313565639981e-02 9.914169149213823973e-01 2.468260302767907888e+01
-9.844354380784591241e-01 -2.524334813430974614e-02 1.739242410656000881e-01 1.120298330251850949e+01 2.214661463857389018e-02 -9.995601657857702271e-01 -1.972314463712680419e-02 1.245971743169547619e+00 1.743456214400737059e-01 -1.556432938794839044e-02 9.845615043944084821e-01 2.524252287390673644e+01
-9.797375025739278875e-01 -2.633680489686310647e-02 1.985467168150344963e-01 1.132209089380797451e+01 2.231363597615159539e-02 -9.994983904302443545e-01 -2.247374416686261089e-02 1.233606862720557640e+00 1.990390104972611651e-01 -1.758807082025657526e-02 9.798337267440300202e-01 2.564972961546192209e+01
-9.777345265863062185e-01 -2.637075654591971782e-02 2.081820806895975928e-01 1.138227842296748271e+01 2.211024810741195334e-02 -9.994962910693109270e-01 -2.276622646210870252e-02 1.228968281845181032e+00 2.086775801318460355e-01 -1.765636819652217915e-02 9.778250969434302275e-01 2.586692664574595568e+01
-9.775195061744971214e-01 -2.535867229683202995e-02 2.093144829860356659e-01 1.139117794016133445e+01 2.152380705977213760e-02 -9.995565166936807300e-01 -2.057901029821129074e-02 1.231664584765253423e+00 2.097435118854056868e-01 -1.561113943765998074e-02 9.776318077617138780e-01 2.591549581632202148e+01
-9.774990519018154078e-01 -2.538982555528848661e-02 2.094062088127437160e-01 1.138459717238437641e+01 2.163838461951426290e-02 -9.995620442541122141e-01 -2.018662917878230253e-02 1.232731441918829329e+00 2.098270331537678557e-01 -1.520119879534870960e-02 9.776203453862214454e-01 2.589977874662523050e+01
-9.774435039389033353e-01 -2.486249125122381998e-02 2.097285224675540238e-01 1.138023902282461108e+01 2.137295545445308184e-02 -9.995931223494670670e-01 -1.888879368269689996e-02 1.235301958122627219e+00 2.101128110867648557e-01 -1.398021031416695273e-02 9.775771889404901716e-01 2.589284927665865865e+01
-9.758625992217448974e-01 -2.103524449446888406e-02 2.173699747647781788e-01 1.140023456945943892e+01 1.920229370997785304e-02 -9.997600459865906286e-01 -1.054145934722900552e-02 1.248369245303116548e+00 2.175395581416360857e-01 -6.113013819013468630e-03 9.760323620175674897e-01 2.593452364243067265e+01
-9.678586301986634721e-01 -2.524703348845832793e-02 2.502244177733262132e-01 1.158144544832515166e+01 2.253499220654223839e-02 -9.996522094174736806e-01 -1.369796820755454780e-02 1.236132979714325675e+00 2.504832251393666054e-01 -7.618891441460072522e-03 9.680909597847628945e-01 2.643514396682520839e+01
-9.541845587860314781e-01 -2.488202196562099705e-02 2.981823481650267560e-01 1.192553868637323866e+01 2.087828384441760624e-02 -9.996441160053194386e-01 -1.660537863633945732e-02 1.225635582747341967e+00 2.984894052357955907e-01 -9.619060185206133873e-03 9.543644736908081239e-01 2.736402969501975235e+01
-9.282745857455241278e-01 -2.604439130825971643e-02 3.709824566476920826e-01 1.246411876779924555e+01 2.023187826113408139e-02 -9.996041224515980206e-01 -1.955171296323362715e-02 1.206514587474919686e+00 3.713448054854160407e-01 -1.064368635164849100e-02 9.284340296326085706e-01 2.851602349541934700e+01
-8.884804895365271404e-01 -2.530265936434851828e-02 4.582163191572559136e-01 1.322869783050502690e+01 1.686679043603403830e-02 -9.996047010342226091e-01 -2.249340015804993445e-02 1.176448295932497112e+00 4.586043295623360994e-01 -1.225630855416883283e-02 8.885560487708716870e-01 2.984003770216958173e+01
-8.176802591266822962e-01 -2.302576420346108543e-02 5.752119679017181353e-01 1.458018693819003353e+01 9.777477311987456399e-03 -9.996111146609452103e-01 -2.611551997791078383e-02 1.118827121071039432e+00 5.755896062056147233e-01 -1.573002317702338476e-02 8.175874091489627737e-01 3.169723471840768525e+01
-7.390185510776936528e-01 -2.610990523831612301e-02 6.731789167906797600e-01 1.602650127447062189e+01 6.192286707962228742e-03 -9.994697267608125824e-01 -3.196749714935904346e-02 1.045870778516918564e+00 6.736566163471959801e-01 -1.945605656637620917e-02 7.387883493359459486e-01 3.322423480506395777e+01
-6.478632596144333622e-01 -2.777880267643051751e-02 7.612499819137102941e-01 1.766520053434693338e+01 6.539448061811104634e-03 -9.995008590920748670e-01 -3.090741485876882799e-02 9.751088675270433992e-01 7.617285818851802226e-01 -1.504562381787814471e-02 6.477215425961383444e-01 3.455946944606697002e+01
-5.367660503580731213e-01 -2.948619638605949264e-02 8.432157324230111772e-01 1.942193370630874938e+01 3.514857599731933957e-03 -9.994586270767730207e-01 -3.271236062814619761e-02 9.075095594050850423e-01 8.437238013467716069e-01 -1.459510138693839373e-02 5.365790995337551550e-01 3.560805607957949093e+01
-4.190091294849524473e-01 -2.637005145563434128e-02 9.075990137690145287e-01 2.129953298627104630e+01 -2.314550205921701853e-03 -9.995439101851466557e-01 -3.011003934126763384e-02 8.459200834851556827e-01 9.079790703896236659e-01 -1.471706485735559122e-02 4.187569888806355056e-01 3.641675151601835836e+01
-2.994883339941394329e-01 -3.493725310526004518e-02 9.534600810452800168e-01 2.313914006279549440e+01 -5.936949322193699197e-04 -9.993223177943703073e-01 -3.680424818435756862e-02 7.736500768045082577e-01 9.540997774487424143e-01 -1.158850739083010228e-02 2.992646340092823820e-01 3.693072031099192287e+01
-1.981928293780908790e-01 -3.487544559016575452e-02 9.795423960595033286e-01 2.479639476317125713e+01 3.043500302402017688e-03 -9.993838653702914465e-01 -3.496607989817361595e-02 7.280192464359338533e-01 9.801583236850129888e-01 -3.948788728656699165e-03 1.981768593417498614e-01 3.719449585370870182e+01
-1.318464853204862064e-01 -3.207341608256502469e-02 9.907511293404748232e-01 2.636016237149082642e+01 4.785783601239101959e-03 -9.994853590740825355e-01 -3.171928864073748217e-02 6.884372128819860048e-01 9.912585942043344867e-01 5.594437835595086894e-04 1.319321281519243161e-01 3.735301735577264992e+01
-7.748789614541316817e-02 -3.265037513848034756e-02 9.964585184312843014e-01 2.789482872929727719e+01 8.477579378939358035e-03 -9.994490577471639714e-01 -3.208911990346029197e-02 6.606473017797973579e-01 9.969572491329939945e-01 5.961037797344470590e-03 7.772200093633069296e-02 3.743207401021754066e+01
-4.127666353926410375e-02 -3.539639979394053337e-02 9.985205716101646090e-01 2.934719651672043028e+01 7.075131184866190193e-03 -9.993575799735021636e-01 -3.513360027411575187e-02 6.265664684345002566e-01 9.991227049595949872e-01 5.614466237491788636e-03 4.150058075599219465e-02 3.747201481069438955e+01
-1.910019354674705877e-02 -3.157997755784470312e-02 9.993187117351080007e-01 3.077179509283936909e+01 8.885315298297259690e-03 -9.994669375862809124e-01 -3.141483477513694333e-02 5.933115383499367734e-01 9.997780922677391713e-01 8.279232412810449970e-03 1.937061000918587073e-02 3.748456868495642169e+01
-8.508268435327013407e-03 -2.290385650568420653e-02 9.997014668016611649e-01 3.207725185804087431e+01 8.936532747357020523e-03 -9.996994708639408422e-01 -2.282775365228919065e-02 5.844468881474846889e-01 9.999238709775268852e-01 8.739640239804662147e-03 8.710392516467426946e-03 3.749562973518980158e+01
-3.420084812229211291e-03 -2.156448062726040032e-02 9.997616096826025256e-01 3.349046175655271895e+01 8.298636425218178236e-03 -9.997336422095003394e-01 -2.153548857140294426e-02 5.697190115357717577e-01 9.999597170153180503e-01 8.223004913259786275e-03 3.598129630418252147e-03 3.750954094553721063e+01
1.154859733948003877e-04 -2.211920998833145913e-02 9.997553336754323450e-01 3.520044399161966453e+01 1.151053746251255033e-02 -9.996890787157878266e-01 -2.211907375325726510e-02 5.388324868719556182e-01 9.999337449002855260e-01 1.151027566438078686e-02 1.391539288628854121e-04 3.751752465484285892e+01
-4.858508166576049492e-05 -2.872430794168630286e-02 9.995873707549299825e-01 3.717114671087790612e+01 1.101620393411076315e-02 -9.995267321312296671e-01 -2.872202997606287250e-02 5.004176861416800293e-01 9.999393186040674841e-01 1.101026286402591314e-02 3.649949220582401942e-04 3.753858705656438133e+01
-6.776945868103784534e-03 -2.443021695960741896e-02 9.996785670924431821e-01 3.916675321827540301e+01 8.914986831928345401e-03 -9.996632708046007121e-01 -2.436940733858852098e-02 4.791651619702594900e-01 9.999372960413482891e-01 8.746971107418732849e-03 6.992458935069081200e-03 3.758504632062354034e+01
